data/wind/wind-json-20190403.json
{"header": { "discipline":0, "disciplineName":"Meteorological products", "gribEdition":2, "gribLength":74250, "center":7, "centerName":"US National Weather Service - NCEP(WMC)", "subcenter":0, "refTime":"2019-04-03T00:00:00.000Z", "significanceOfRT":1, "significanceOfRTName":"Start of forecast", "productStatus":0, "productStatusName":"Operational products", "productType":1, "productTypeName":"Forecast products", "productDefinitionTemplate":0, "productDefinitionTemplateName":"Analysis/forecast at horizontal level/layer at a point in time", "parameterCategory":2, "parameterCategoryName":"Momentum", "parameterNumber":2, "parameterNumberName":"U-component_of_wind", "parameterUnit":"m.s-1", "genProcessType":2, "genProcessTypeName":"Forecast", "forecastTime":0, "surface1Type":103, "surface1TypeName":"Specified height level above ground", "surface1Value":10.0, "surface2Type":255, "surface2TypeName":"Missing", "surface2Value":0.0, "gridDefinitionTemplate":0, "gridDefinitionTemplateName":"Latitude_Longitude", "numberPoints":65160, "shape":6, "shapeName":"Earth spherical with radius of 6,371,229.0 m", "gridUnits":"degrees", "resolution":48, "winds":"true", "scanMode":0, "nx":360, "ny":181, "basicAngle":0, "lo1":0.0, "la1":90.0, "lo2":359.0, "la2":-90.0, "dx":1.0, "dy":1.0 }, "data":
[rows 104 to 129 of 181, columns 116 to 173 of 360]
-2.3109913,-1.5109912,-1.8209912,-2.0709913,-1.3809912,-0.7809912,-0.9709912,-0.9709912,-0.6409912,-0.18099122,-1.9209912,-4.4009914,-5.0009913,-8.550991,-4.9209914,-4.740991,-5.360991,-7.390991,-5.5209913,-5.570991,-6.800991,-8.170991,-9.410992,-10.3209915,-10.670991,-9.090991,-4.780991,-5.200991,-8.420991,-8.690991,-7.470991,-7.5809913,-7.120991,-6.870991,-7.4209914,-7.1509914,-7.5009913,-7.490991,-7.5209913,-7.130991,-7.840991,-8.780992,-8.020991,-7.7109914,-7.7309914,-8.080991,-6.450991,-4.1009912,-4.590991,-4.610991,-5.0009913,-3.2809913,-2.750991,-0.4209912,-2.3909912,-1.2609912,-0.9609912,-1.4609913
-1.7909912,-0.9109912,-0.55099124,-1.0809913,-0.9509912,-0.5809912,-0.7509912,-1.0509912,-1.3909912,-2.0509913,-4.7509913,-6.1709914,-5.6509914,-7.5609913,-5.2709913,-6.4209914,-4.860991,-5.260991,-6.5609913,-6.2109914,-6.7509913,-8.390991,-8.290991,-9.040991,-9.290991,-8.260991,-4.640991,-4.7909913,-5.3109913,-4.510991,-8.1109915,-8.580991,-8.390991,-8.770991,-8.100991,-7.9009914,-9.3209915,-8.430991,-7.9209914,-8.530992,-8.670991,-8.540991,-8.510991,-8.030992,-6.930991,-8.660992,-5.890991,-5.140991,-4.720991,-4.390991,-1.7209913,-3.1609912,-4.7309914,-5.0009913,-2.010991,0.089008786,0.10900879,-2.3109913
-0.4809912,-0.6309912,0.94900876,1.2490088,-0.3609912,-0.29099122,-1.0809913,-1.3909912,-3.260991,-2.6209912,-6.2709913,-5.6009912,-6.3309913,-7.3509912,-8.450992,-8.350991,-7.410991,-5.070991,-5.820991,-7.550991,-6.610991,-7.120991,-8.700992,-8.850991,-9.810991,-9.3209915,-5.9809914,-4.6709914,-4.3509912,-5.740991,-7.840991,-8.900991,-9.670991,-9.330991,-9.490992,-8.700992,-10.420991,-8.980991,-8.100991,-8.100991,-8.340991,-8.6109915,-8.160992,-7.7309914,-7.320991,-6.910991,-5.4809914,-5.130991,-4.6909914,-4.760991,-5.0009913,-3.6609912,-4.4809914,-4.910991,-4.870991,-4.090991,-3.1909912,-4.880991
0.6690088,0.27900878,1.1590087,1.6990088,0.4390088,-0.5809912,-3.3809912,-3.9309912,-4.6509914,-4.630991,-4.630991,-7.1709914,-6.0209913,-8.060991,-8.410992,-7.9409914,-9.1109915,-8.120991,-7.4409914,-8.040991,-8.210991,-7.1909914,-6.280991,-9.230991,-8.900991,-7.370991,-5.840991,-8.190991,-4.9209914,-6.5809913,-4.0409913,-8.410992,-9.850991,-9.960991,-9.470991,-9.000991,-8.340991,-8.590991,-7.8309913,-7.2909913,-8.090991,-7.950991,-7.890991,-7.4609914,-6.9009914,-6.280991,-5.470991,-4.550991,-4.280991,-5.130991,-6.110991,-6.280991,-5.950991,-6.320991,-6.680991,-6.7709913,-6.8109913,-6.590991
1.8390088,0.69900876,0.62900877,0.39900878,1.1690087,-0.7009912,-5.0809913,-6.680991,-5.800991,-6.050991,-6.450991,-8.250991,-8.0709915,-8.910992,-8.280992,-8.590991,-9.190991,-9.410992,-7.680991,-7.6509914,-7.6709914,-9.0709915,-8.730991,-6.7509913,-5.700991,-5.630991,-4.890991,-5.6009912,-6.2309914,-6.370991,0.1490088,-8.450992,-8.670991,-9.210991,-9.250991,-8.770991,-8.190991,-7.680991,-7.470991,-7.360991,-7.660991,-7.1009912,-7.370991,-7.4409914,-6.630991,-5.590991,-5.280991,-4.820991,-5.240991,-5.9009914,-5.9609914,-6.220991,-5.7909913,-7.530991,-7.7509913,-8.100991,-7.7309914,-7.930991
1.1290088,1.3690088,0.6190088,-0.3009912,0.13900879,-3.7009912,-8.050991,-8.960991,-7.860991,-7.200991,-6.260991,-7.910991,-8.170991,-9.000991,-8.250991,-8.660992,-8.910992,-8.960991,-9.310991,-7.510991,-8.100991,-7.610991,-7.630991,-8.140991,-6.490991,-5.8109913,-5.8309913,-4.7109914,-6.490991,-5.3109913,-3.4709911,-7.5609913,-9.440991,-7.4209914,-7.8309913,-8.240992,-7.820991,-8.130991,-7.610991,-7.240991,-6.7709913,-6.7509913,-6.0809913,-6.3309913,-6.180991,-5.240991,-4.550991,-5.6909914,-6.160991,-6.4209914,-6.590991,-6.200991,-6.180991,-6.9209914,-7.7909913,-7.9409914,-7.820991,-7.700991
2.0890088,2.3490088,1.8590088,-0.7209912,-2.4009912,-5.2709913,-4.630991,-6.5409913,-6.260991,-5.700991,-6.4009914,-6.7909913,-8.850991,-8.850991,-8.580991,-8.540991,-8.440991,-8.490992,-9.170991,-7.970991,-7.990991,-7.4009914,-7.200991,-8.660992,-7.860991,-7.5409913,-7.7709913,-6.950991,-6.050991,-5.1509914,-4.9609914,-3.3309913,-5.620991,-8.340991,-8.130991,-7.780991,-8.040991,-7.6709914,-7.0809913,-6.720991,-6.430991,-5.990991,-5.700991,-5.410991,-4.6909914,-3.2909913,-2.7309911,-5.7509913,-6.9009914,-5.550991,-6.640991,-6.800991,-6.950991,-7.390991,-6.950991,-6.680991,-6.950991,-7.0209913
3.7790089,1.0390087,1.1590087,0.8390088,-0.74099123,-2.9209912,-4.090991,-4.9009914,-5.300991,-5.6709914,-6.360991,-7.7709913,-7.8109913,-9.220991,-8.870991,-8.490992,-8.060991,-7.970991,-8.210991,-8.5709915,-7.620991,-7.530991,-7.320991,-8.020991,-7.700991,-8.330991,-8.330991,-8.8609915,-8.3209915,-7.2909913,-6.5009913,-6.0609913,-4.700991,-3.260991,-8.990992,-9.460991,-9.0709915,-8.870991,-8.020991,-7.6509914,-6.8309913,-4.510991,-5.0409913,-4.910991,-4.840991,-4.9009914,-4.5409913,-1.7809912,-2.6509912,-2.1109912,-5.5209913,-4.5609913,-6.7909913,-6.510991,-6.2309914,-6.2709913,-6.1009912,-6.620991
2.1990087,2.1390088,0.1490088,-0.3109912,-2.2109911,-3.0809913,-3.1909912,-4.890991,-4.9609914,-6.3309913,-7.2509913,-8.180991,-6.9809914,-6.970991,-8.430991,-7.4009914,-7.0009913,-7.340991,-7.5409913,-6.3509912,-6.5409913,-7.0009913,-6.630991,-7.5009913,-7.6009912,-7.780991,-7.9209914,-8.050991,-8.260991,-7.860991,-7.6509914,-7.410991,-7.7909913,-4.2709913,-8.010991,-9.380991,-9.150991,-8.950992,-7.880991,-7.3309913,-6.200991,-5.180991,-4.880991,-4.6909914,-4.950991,-5.3309913,-5.610991,-6.0809913,-5.240991,-4.450991,0.2890088,-3.8809912,-6.320991,-5.7509913,-5.550991,-6.0609913,-6.1509914,-6.450991
-0.04099121,1.3290088,0.7190088,-1.6209912,-1.7809912,-3.1909912,-4.0609913,-3.8809912,-5.140991,-6.5809913,-7.220991,-7.2709913,-7.050991,-8.420991,-7.930991,-6.530991,-7.090991,-7.090991,-7.640991,-6.630991,-5.050991,-5.800991,-5.7709913,-6.7709913,-7.090991,-7.1509914,-7.2309914,-7.510991,-7.530991,-7.860991,-8.160992,-8.830991,-7.070991,-6.6709914,-5.3309913,-7.6909914,-8.8609915,-8.6109915,-7.6709914,-6.970991,-6.390991,-5.6009912,-4.130991,-3.9809911,-4.4409914,-5.140991,-5.2909913,-5.380991,-6.130991,-5.7109914,-5.260991,-4.660991,-4.970991,-5.050991,-5.0609913,-5.1709914,-5.1909914,-5.030991
0.7390088,-0.9609912,-0.04099121,-1.0909913,-2.260991,-4.300991,-3.9609911,-3.750991,-4.910991,-6.0409913,-6.300991,-7.9009914,-7.610991,-6.5409913,-5.6009912,-7.1709914,-6.6709914,-6.820991,-6.610991,-5.890991,-5.380991,-5.260991,-5.7309914,-6.050991,-5.9409914,-5.2709913,-6.090991,-6.870991,-7.1009912,-7.260991,-7.780991,-9.130991,-8.180991,-7.0009913,-7.0009913,-4.9209914,-6.9209914,-8.440991,-8.0709915,-7.620991,-6.890991,-6.630991,-5.6909914,-1.9309912,-4.180991,-4.990991,-5.3509912,-5.1509914,-5.760991,-6.200991,-5.390991,-4.630991,-4.6509914,-3.8209913,-3.8609912,-4.5009913,-4.090991,-3.510991
-2.000991,-1.4609913,-0.6709912,-0.5609912,-2.8209913,-2.7709913,-2.9809911,-2.7909913,-4.1009912,-5.0809913,-5.660991,-5.2509913,-7.140991,-6.7109914,-5.6709914,-6.610991,-6.760991,-5.9409914,-5.6009912,-6.0209913,-6.1709914,-6.070991,-5.370991,-5.970991,-5.490991,-5.430991,-5.6009912,-6.0409913,-6.2309914,-6.070991,-6.370991,-5.5809913,-5.2709913,-4.950991,-7.220991,-5.660991,-4.4209914,-7.090991,-8.840991,-8.430991,-7.490991,-7.2709913,-7.0209913,-5.820991,-2.0909913,-2.6409912,-4.490991,-6.550991,-8.040991,-7.760991,-6.280991,-5.570991,-5.720991,-5.1909914,-4.120991,-3.2209911,-2.5709913,-2.6009912
-3.8909912,-4.820991,-3.0409913,-3.1609912,-2.6309912,-2.260991,-2.4009912,-2.0909913,-2.6209912,-3.1209912,-3.490991,-4.4609914,-4.300991,-5.2509913,-4.9809914,-5.2309914,-4.9609914,-5.660991,-5.910991,-5.570991,-5.320991,-5.3509912,-5.5009913,-5.3509912,-5.3309913,-4.7909913,-5.340991,-5.990991,-5.720991,-5.6909914,-6.0009913,-6.8509912,-7.2109914,-6.5609913,-6.9609914,-6.620991,-4.7709913,-3.4209912,-9.020991,-8.210991,-8.010991,-7.430991,-6.7709913,-7.110991,-6.8109913,-2.2809913,-1.3509912,-6.5809913,-8.1109915,-8.830991,-6.780991,-6.780991,-6.610991,-6.280991,-5.680991,-4.610991,-0.93099123,-1.6409912
-4.3309913,-9.660992,-7.090991,-8.450992,-6.620991,-7.720991,-6.9409914,-4.360991,-3.250991,-1.5409912,-1.8009912,-1.7509912,-2.2109911,-4.320991,-2.990991,-3.8909912,-4.610991,-5.130991,-5.260991,-5.360991,-5.2109914,-4.820991,-5.160991,-5.5609913,-4.570991,-4.3509912,-4.9009914,-5.5809913,-5.780991,-5.030991,-5.030991,-6.1909914,-6.870991,-7.140991,-7.4809914,-8.3209915,-4.8509912,-2.3009913,-7.610991,-7.3109913,-7.3309913,-7.870991,-7.760991,-8.380991,-8.990992,-11.0709915,-12.170991,-10.760991,-6.680991,-7.6909914,-6.340991,-6.320991,-7.6909914,-6.870991,-5.9809914,-5.9009914,-6.320991,-5.0209913
-6.4809914,-10.500991,-11.6109915,-10.450992,-9.720991,-9.6109915,-8.580991,-7.0009913,-4.340991,-4.5609913,-3.1109912,-2.3209913,-1.9909912,-2.1209912,-2.2709913,-2.4609911,-3.5409913,-3.6909912,-4.2709913,-4.8109913,-5.240991,-5.360991,-5.160991,-5.050991,-4.3309913,-4.890991,-5.220991,-5.300991,-4.9009914,-4.7109914,-4.970991,-5.640991,-5.9209914,-6.0809913,-5.2909913,-5.160991,-5.590991,-1.3409913,-5.470991,-7.320991,-7.610991,-7.4809914,-7.9609914,-9.140991,-10.210991,-11.020991,-11.580991,-10.590991,-9.380991,-8.780992,-8.660992,-8.730991,-8.030992,-8.460991,-7.910991,-6.780991,-7.700991,-6.640991
-4.7309914,-8.590991,-10.150991,-10.200992,-8.710991,-8.890991,-8.210991,-7.7109914,-6.8509912,-6.640991,-5.2309914,-4.180991,-1.5409912,-0.9709912,-1.8509912,-1.9409912,-2.8509912,-3.000991,-3.9409912,-3.9509912,-3.4109912,-3.9609911,-4.7309914,-5.4009914,-3.9309912,-4.6709914,-4.680991,-5.300991,-5.1509914,-4.7509913,-4.4009914,-4.7309914,-4.820991,-4.430991,-3.8009913,-3.3109913,-5.0609913,-1.0409912,-6.660991,-6.7909913,-7.700991,-7.5809913,-7.390991,-8.470991,-9.290991,-9.760991,-9.810991,-9.510991,-9.330991,-9.250991,-9.260991,-9.630991,-9.460991,-8.400991,-7.390991,-7.6009912,-7.820991,-7.050991
-3.1809912,-6.780991,-6.5809913,-7.110991,-5.360991,-6.200991,-6.880991,-6.2709913,-5.780991,-5.880991,-6.300991,-5.620991,-3.8009913,-1.7509912,-2.2709913,-2.6209912,-1.7709912,-2.4009912,-2.7309911,-2.740991,-1.7209913,-2.250991,-3.3509912,-4.3109913,-1.3709912,-4.1909914,-4.0609913,-4.4209914,-4.9409914,-4.180991,-4.0209913,-3.5809913,-3.6509912,-2.4309912,-1.4709913,-1.6209912,-2.6709912,-1.1609912,-5.570991,-6.220991,-7.720991,-6.5009913,-7.140991,-8.020991,-8.690991,-9.090991,-9.270991,-9.420991,-9.390991,-9.270991,-9.230991,-9.130991,-8.830991,-7.700991,-6.9609914,-6.120991,-7.4209914,-7.4409914
-5.910991,-4.200991,-4.9809914,-6.240991,-4.0009913,-4.9809914,-6.3309913,-4.220991,-4.380991,-5.0609913,-5.320991,-6.280991,-5.430991,-4.160991,-1.3209912,-0.7509912,-0.9209912,-1.1809912,-0.9809912,-1.4209912,-1.5609912,-1.3009912,-2.8209913,-2.3709912,-2.3509912,-4.240991,-3.5909913,-2.5309913,-3.260991,-3.6309912,-2.7009912,-2.2109911,-2.7209911,-2.8409913,-3.5209913,-2.1009912,-1.9509912,-1.7809912,-5.2709913,-6.680991,-6.610991,-6.0209913,-6.180991,-7.300991,-7.970991,-8.3609915,-8.380991,-8.3209915,-8.590991,-8.850991,-8.480991,-8.400991,-8.010991,-7.360991,-6.120991,-6.390991,-7.2709913,-7.2109914
-4.7109914,-4.130991,-4.070991,-5.7309914,-4.530991,-4.4409914,-3.1809912,-3.760991,-4.390991,-5.010991,-4.7109914,-5.090991,-5.880991,-7.9409914,-6.680991,-1.9209912,0.4390088,1.2990088,0.42900878,-0.2709912,-0.6409912,-1.5809913,-2.2709913,-2.6209912,-2.7809913,-2.7209911,-2.7009912,-0.5709912,-1.2809912,-1.8009912,-2.5509913,-2.0309913,-1.3209912,-1.4309912,-1.6009912,-0.8109912,-1.3109912,-0.5909912,-5.3309913,-5.740991,-5.6509914,-5.9209914,-5.8109913,-7.2309914,-7.4809914,-7.840991,-8.220991,-7.6909914,-7.9809914,-7.950991,-7.9409914,-7.6509914,-6.910991,-5.8509912,-5.550991,-5.3309913,-5.260991,-4.5009913
-4.1509914,-4.9209914,-4.8109913,-5.140991,-4.800991,-3.5309913,-4.510991,-4.010991,-4.7309914,-7.4009914,-7.760991,-7.7109914,-7.820991,-8.210991,-8.470991,-8.740992,-4.990991,0.8390088,0.7390088,1.2190088,0.4490088,1.1490088,-0.61099124,0.01900879,-0.14099121,-1.0709912,-0.86099124,-0.7009912,0.3490088,0.23900878,-0.9109912,-0.9409912,-0.44099122,-1.5309912,-0.93099123,-0.7009912,1.7790087,-2.4209912,-4.0409913,-5.470991,-5.1909914,-5.490991,-5.760991,-6.3109913,-6.4009914,-6.5409913,-7.1009912,-6.8309913,-6.620991,-6.7909913,-6.1909914,-6.260991,-5.6009912,-4.9409914,-4.7509913,-4.4409914,-4.070991,-3.0709913
-2.9009912,-4.8509912,-5.0609913,-4.890991,-5.720991,-7.160991,-7.0809913,-7.1009912,-7.9009914,-8.740992,-8.840991,-9.580991,-9.630991,-9.390991,-9.470991,-9.260991,-8.200992,-6.260991,-3.9609911,-0.14099121,2.499009,1.2790087,1.5390087,1.6190088,1.4490088,0.4390088,0.4390088,-0.9809912,-0.7209912,1.0990088,1.0790088,-0.1309912,-0.04099121,0.8090088,0.2690088,1.1490088,3.8590088,0.20900878,-1.8009912,-4.9409914,-4.7709913,-4.160991,-4.890991,-5.630991,-5.7109914,-6.110991,-6.2309914,-6.110991,-5.120991,-4.6709914,-3.9809911,-4.9609914,-4.360991,-4.030991,-4.010991,-2.3609912,-2.4309912,-2.4509912
-8.280992,-4.620991,-5.620991,-9.760991,-8.910992,-8.620991,-9.100991,-8.670991,-8.280992,-8.390991,-8.5709915,-8.8609915,-9.100991,-9.670991,-10.010991,-9.980991,-9.160992,-8.180991,-7.280991,-5.930991,-3.9109912,-1.8009912,-1.2109913,1.9990088,0.6490088,0.9390088,1.2390088,0.7090088,-0.6709912,1.3090088,2.2790089,0.15900879,-1.1909912,0.9690088,2.3890088,1.5390087,3.3290088,2.0790088,0.2690088,-3.4409912,-3.5509913,-3.2009912,-2.6309912,-4.5209913,-4.490991,-4.3109913,-3.9709911,-4.780991,-4.050991,-3.1409912,-4.5809913,-4.380991,-3.9309912,-2.9009912,-2.5909913,-1.1009912,-1.8409913,-0.010991211
-9.810991,-9.990992,-9.500991,-9.340991,-8.1109915,-8.400991,-8.710991,-8.520991,-8.760991,-8.580991,-8.600991,-8.900991,-9.190991,-9.420991,-9.390991,-9.380991,-9.430991,-9.020991,-8.200992,-7.2509913,-7.030991,-2.9309912,-4.620991,-2.6409912,1.0090088,2.5490088,2.249009,0.9290088,0.2690088,0.06900879,-0.04099121,-1.0209912,0.03900879,3.0990088,-0.26099122,2.6290088,3.1490088,1.7090088,-1.1109912,-3.4109912,-2.6009912,-1.9409912,-1.7709912,-3.7709913,-4.1509914,-3.6709912,-2.8709912,-4.410991,-3.7709913,-3.0209913,-3.8609912,-3.3609912,-3.3709912,-3.2809913,-1.8309913,-1.0709912,-1.5109912,-2.250991
-8.040991,-7.9209914,-8.000991,-7.820991,-7.840991,-8.090991,-8.200992,-8.150991,-8.160992,-8.210991,-8.290991,-8.380991,-8.460991,-8.530992,-8.540991,-8.420991,-8.310991,-8.060991,-7.8509912,-7.6009912,-7.470991,-6.880991,-5.780991,-4.5209913,-1.5709912,-0.5909912,1.6390088,2.8290088,0.27900878,-1.0409912,-0.5709912,1.9090087,2.7790089,2.6190088,0.5990088,4.0990086,2.6290088,0.4690088,-0.32099122,-2.0709913,-1.9609913,-1.0509912,-1.4309912,-2.4509912,-3.8509912,-2.1209912,-2.5209913,-4.0809913,-3.0909913,-4.7509913,-4.820991,-4.130991,-3.6509912,-2.2109911,-1.7509912,-2.6509912,-4.530991,-6.640991
-6.0409913,-6.280991,-6.510991,-6.630991,-7.0009913,-7.1009912,-6.890991,-6.9609914,-6.910991,-6.9409914,-7.0609913,-7.2109914,-7.280991,-7.1509914,-7.0009913,-6.880991,-6.870991,-6.860991,-6.7509913,-6.5009913,-6.1909914,-5.870991,-5.260991,-4.360991,-3.1809912,-0.12099121,1.2290088,2.8290088,5.279009,2.989009,2.9790087,4.179009,3.1790087,4.3290086,2.7790089,5.139009,3.8690088,3.0490088,2.1790087,-0.1309912,-1.2509912,-0.3709912,-0.15099122,-1.3509912,-0.22099121,-2.250991,-2.990991,-4.030991,-3.4509912,-5.010991,-4.2909913,-3.0609913,-2.5909913,-2.4809911,-3.5209913,-5.470991,-7.7509913,-7.620991
-4.430991,-4.6009912,-4.9009914,-5.0609913,-5.1509914,-5.130991,-4.9609914,-5.0609913,-5.1509914,-5.0809913,-5.120991,-5.300991,-5.2509913,-5.030991,-4.7709913,-4.760991,-4.820991,-4.7309914,-4.6709914,-4.680991,-4.4609914,-4.0809913,-3.5409913,-2.7209911,-1.7609912,-0.7609912,0.4790088,3.2790089,6.069009,7.9790087,7.279009,7.0190086,6.1690087,7.4790087,6.6690087,5.879009,4.779009,4.219009,3.6490088,2.6490088,-0.11099121,0.27900878,0.5590088,-0.8109912,-0.44099122,-1.4109912,-1.1409912,-2.4609911,-2.9209912,-3.4709911,-2.9309912,-2.0609913,-1.0809913,-2.8409913,-6.070991,-10.720991,-11.340991,-8.750991
