data/wind/wind-json-20190329.json
{"header": { "discipline":0, "disciplineName":"Meteorological products", "gribEdition":2, "gribLength":74834, "center":7, "centerName":"US National Weather Service - NCEP(WMC)", "subcenter":0, "refTime":"2019-03-29T00:00:00.000Z", "significanceOfRT":1, "significanceOfRTName":"Start of forecast", "productStatus":0, "productStatusName":"Operational products", "productType":1, "productTypeName":"Forecast products", "productDefinitionTemplate":0, "productDefinitionTemplateName":"Analysis/forecast at horizontal level/layer at a point in time", "parameterCategory":2, "parameterCategoryName":"Momentum", "parameterNumber":3, "parameterNumberName":"V-component_of_wind", "parameterUnit":"m.s-1", "genProcessType":2, "genProcessTypeName":"Forecast", "forecastTime":0, "surface1Type":103, "surface1TypeName":"Specified height level above ground", "surface1Value":10.0, "surface2Type":255, "surface2TypeName":"Missing", "surface2Value":0.0, "gridDefinitionTemplate":0, "gridDefinitionTemplateName":"Latitude_Longitude", "numberPoints":65160, "shape":6, "shapeName":"Earth spherical with radius of 6,371,229.0 m", "gridUnits":"degrees", "resolution":48, "winds":"true", "scanMode":0, "nx":360, "ny":181, "basicAngle":0, "lo1":0.0, "la1":90.0, "lo2":359.0, "la2":-90.0, "dx":1.0, "dy":1.0 }, "data":
[rows 26 to 51 of 181, columns 114 to 170 of 360]
1.6854078,1.7154077,1.5154077,1.1654077,0.9454077,0.77540773,0.57540774,0.6554077,0.34540772,-0.3945923,-0.33459228,-0.33459228,-0.43459228,0.5554077,-0.19459228,-0.21459228,-1.8745923,-1.2345923,-0.4145923,-2.2145922,-3.1545923,-3.6745923,-2.8945923,-1.3645923,-0.73459226,-0.024592286,0.4554077,-0.3545923,-0.5545923,-0.074592285,-1.6445923,-1.3345923,-1.7745923,-1.5645922,-1.9345922,-0.9045923,-1.2045922,-1.9345922,-1.9345922,-2.4345922,-2.5345924,-1.9845923,-4.6545925,-4.2545924,-3.6145923,-3.3445923,-4.4045925,-4.4845924,-3.5045922,-4.864592,-4.204592,-3.2545922,-2.8445923,-3.1845922,-4.0845923,-3.6245923,-3.3045924
1.3354077,1.0654078,0.7254077,0.6554077,0.77540773,0.43540773,0.07540771,0.0054077148,-0.16459228,-0.92459226,-0.46459228,0.08540771,0.24540772,0.20540771,-0.044592284,-0.6245923,-0.7145923,-0.20459229,0.13540772,0.13540772,-0.23459229,-0.33459228,-0.79459226,0.25540772,-0.114592284,-0.054592285,-1.4545922,-0.5245923,-1.4845923,-0.5345923,1.2054077,-1.2845923,-2.8845923,-2.8845923,-2.3145924,-3.1845922,-2.9145923,-3.6145923,-4.614592,-5.054592,-4.264592,-4.764592,-6.4045925,-4.724592,-5.0445924,-5.514592,-7.0845923,-4.8145924,-7.7345924,-6.0245924,-6.7345924,-3.8645923,-3.4145923,-7.304592,-6.1945925,-5.4445925,-1.2745923
0.6154077,0.2654077,0.5354077,0.6554077,0.34540772,-0.13459228,-0.024592286,-0.14459229,-0.5945923,-0.8345923,-0.4445923,0.0054077148,0.045407716,-0.024592286,-0.5345923,-1.0345923,-1.1145923,-0.6945923,-0.7545923,-0.7645923,-0.79459226,-0.8145923,0.055407714,-0.004592285,0.055407714,-1.4545922,-1.7445923,-1.2245923,-5.704592,-2.7445922,-3.5845923,-2.2945924,-4.2545924,-4.6045923,-3.5545924,-4.304592,-4.2145925,-2.2045922,-5.7945924,-5.744592,-5.6745925,-5.574592,-6.7145925,-4.244592,-5.9045925,-5.9645925,-7.3945923,-3.7145922,-4.0045924,-6.5845923,-7.304592,-4.4845924,-5.574592,-6.6845922,-5.384592,-3.0445924,-2.6545923
0.28540772,0.40540773,0.045407716,-0.20459229,-0.3945923,-0.31459227,-0.33459228,-0.2945923,-0.9345923,-1.0045923,-0.9645923,-0.3845923,-0.074592285,0.045407716,-0.2545923,-0.9045923,-1.3045923,-1.1645923,-0.60459226,-0.66459227,-1.0945923,-1.2145923,-0.46459228,-0.8645923,-1.1245923,-2.5045922,-3.0545924,-2.5845923,-4.4345922,-4.724592,-3.8245924,-7.1245923,-6.0645924,-8.794592,-8.134592,-6.9645925,-3.9345922,-7.3545923,-7.054592,-6.1645923,-7.8745923,-4.9445925,-3.8945923,-8.454593,-9.444592,-11.964592,-6.494592,-2.7845924,-9.224592,-10.114593,-9.514592,-3.9345922,-7.6545925,-6.6545925,-5.4845924,-4.2745924,-4.384592
1.0954077,1.2254077,0.6554077,0.2654077,0.40540773,-0.044592284,0.0054077148,-0.34459227,-1.1745923,-1.1645923,-0.92459226,-0.9545923,-1.0045923,-1.0645922,-0.85459226,-0.5545923,-0.5645923,-0.54459226,-0.5545923,-0.20459229,0.0054077148,-0.3945923,-1.1045923,-0.9345923,-1.5345923,-1.0545923,-2.6745923,-3.0645924,-3.8845923,-6.3145924,-3.1545923,-5.5645924,-6.2345924,-6.454592,-6.1445923,-4.204592,-4.5245924,-5.3945923,-4.864592,-4.824592,-4.7945924,-5.4145923,-9.694592,-11.414593,-10.224592,-8.564592,-9.234592,-7.2145925,-0.7845923,-3.9845922,-7.454592,-6.9145923,-8.784593,-8.984592,-8.014592,-7.594592,-8.464592
0.08540771,-1.2245923,-0.7745923,-0.06459229,-0.09459229,0.2654077,-0.2645923,-0.5945923,-0.4445923,-0.6845923,-0.98459226,-0.3945923,0.035407715,-0.28459227,0.065407716,0.09540772,-0.074592285,0.22540772,0.5954077,-0.18459229,-0.6945923,-1.1245923,-2.5145922,-1.5345923,-1.2645923,-1.6145923,-1.9845923,-2.0945923,-3.6245923,-7.264592,-5.074592,-5.744592,-9.314592,-8.944592,-7.554592,-7.634592,-6.594592,-5.4145923,-4.804592,-5.264592,-9.594592,-11.954593,-12.454593,-11.714592,-12.034593,-11.664593,-5.1945925,-0.6845923,-2.0445924,-8.274592,-10.584592,-12.644592,-12.744593,-11.814592,-9.644592,-7.6645923,-6.5445924
-0.114592284,0.4854077,0.8554077,-0.19459228,1.4754077,0.7354077,1.0954077,-0.15459229,-1.0645922,-1.9145923,-0.37459227,-0.34459227,-1.8445923,-0.28459227,-0.13459228,-1.2745923,-1.7745923,0.055407714,-1.0345923,-0.6545923,-0.8745923,-1.0745922,-2.2245922,-0.4745923,-0.8145923,-2.3845923,-2.6345923,-3.7145922,-4.304592,-4.954592,-4.9045925,-6.014592,-5.634592,-6.0245924,-5.6945925,-5.514592,-5.4045925,-5.1245923,-8.454593,-10.514592,-11.724592,-12.394592,-12.134592,-11.214592,-9.434592,-6.4245925,-2.5345924,0.17540771,-6.304592,-8.664593,-14.794592,-14.314592,-10.884592,-7.2345924,-3.2045922,-0.004592285,2.1554077
1.0954077,-1.1345923,-0.6445923,0.6154077,-1.0545923,0.77540773,-1.7445923,-0.7545923,-1.5345923,-3.4445922,-0.5245923,-0.8945923,-0.6445923,-1.8845923,-2.3045924,-2.1745923,-1.6145923,-0.66459227,-0.49459228,-0.73459226,-1.0445923,-0.91459227,-2.1845922,-2.9345922,-3.2645922,-3.2745924,-2.5845923,-3.6045923,-4.3145924,-4.824592,-5.7345924,-5.7545924,-5.6945925,-6.1045923,-5.9845924,-5.824592,-8.094592,-9.774592,-11.594592,-12.664593,-13.264592,-14.064592,-13.024592,-10.014592,-6.2545924,-4.8945923,0.38540772,-5.614592,-2.4445922,-11.814592,-14.244593,-10.214592,-3.5745924,-0.28459227,0.95540774,1.5654078,2.3754077
-0.66459227,-0.7545923,-1.4445922,-2.2545922,-2.6845922,-1.6345923,-2.4545922,-3.2445922,-2.4245923,-1.8345923,-2.3345923,-4.1445923,-2.0445924,-1.6245923,-1.8845923,-1.2645923,-1.6345923,-1.5145923,-1.3745923,-2.2345922,-2.8845923,-4.344592,-4.724592,-3.2245922,-1.7045922,-2.8945923,-4.014592,-4.4345922,-4.7145925,-5.3345923,-5.824592,-6.454592,-6.5645924,-6.594592,-7.5045924,-9.414593,-10.664593,-12.274592,-15.344592,-15.184592,-14.9045925,-15.184592,-12.594592,-8.844592,1.2154077,-2.1645923,-5.2545924,-2.7145922,-5.224592,-13.724592,-12.754592,-4.2945924,-0.8945923,-1.4045923,-0.91459227,1.1554077,3.7054076
-2.1645923,-0.8145923,-0.8445923,-0.5145923,-0.8145923,-1.3445923,-1.6645923,-1.1345923,-0.7545923,-1.2945923,-1.8245922,-0.7545923,-0.8345923,-1.2145923,-1.3345923,-0.7745923,-1.0045923,-1.3145922,-2.2845924,-1.8745923,-2.0445924,-2.8245924,0.065407716,0.14540772,-1.3945923,-3.6745923,-4.1245923,-5.264592,-5.824592,-6.0845923,-6.8145924,-6.5645924,-7.5045924,-8.964592,-10.204593,-11.074593,-12.034593,-13.394592,-17.014593,-17.414593,-17.404593,-14.244593,-9.294592,-1.1045923,1.4954077,-2.8845923,-0.8145923,-3.2045922,-9.734592,-18.304592,-7.1245923,-5.134592,-4.534592,-1.0845923,2.4354076,4.5354075,5.925408
-1.1145923,-0.73459226,-1.2245923,-1.0445923,-1.6845922,-2.8845923,-2.9545922,-2.8345923,-2.0645924,-1.8945923,-1.7245923,-1.3545923,-2.3745923,-2.4645922,-2.1645923,-2.7245922,-0.6945923,-1.2745923,-0.5145923,0.20540771,-1.0145923,-2.1445923,-1.9645923,-1.8945923,-2.4045923,-2.2245922,-2.4445922,-5.9645925,-5.9845924,-6.2145925,-7.1445923,-8.444592,-9.644592,-10.214592,-11.004592,-13.344592,-14.974592,-16.694592,-17.114592,-18.024591,-17.904593,-14.874592,-6.6445923,-0.14459229,-5.574592,-2.0345924,-5.3545923,-12.284593,-18.564592,-10.584592,-9.384592,-4.514592,-0.8745923,1.7954078,4.1254077,6.3154078,7.9554076
-1.8645923,-2.2245922,-1.7345923,-2.0545924,-2.0745924,-1.8845923,-1.7045922,-1.3445923,-1.1045923,-0.7445923,-1.0145923,-1.4945923,-1.5945923,-1.6545923,-1.7145923,-1.7445923,-1.2945923,0.045407716,-1.1745923,-0.16459228,-0.034592286,-1.9745923,-2.8845923,-2.3245924,-3.2345922,-1.6045923,-2.0745924,-3.9645922,-6.6845922,-6.864592,-9.094592,-10.284593,-10.184592,-10.414593,-11.034593,-12.334592,-15.384592,-16.584593,-17.154593,-17.344593,-15.274592,-12.4045925,-4.8345923,-1.5545923,-1.4545922,-7.6845922,-13.714592,-18.004593,-13.364593,-11.4045925,-6.8745923,-3.6645923,-0.09459229,3.7154076,7.1454077,9.415408,10.855408
-2.0545924,-2.3345923,-2.8545923,-1.3845923,-1.8345923,-1.7545923,-1.8645923,-1.0545923,-1.0445923,-0.97459227,-0.6345923,-1.2745923,-2.1445923,-2.2145922,-2.5245924,-2.0745924,-0.12459228,0.77540773,1.2654077,-0.19459228,-0.114592284,-1.6645923,-3.5945923,-3.0645924,-2.7545922,-2.3845923,-4.8945923,-3.6245923,-6.5845923,-7.4145923,-9.934592,-10.354592,-10.164593,-10.564592,-11.164593,-12.314592,-13.684592,-16.144592,-16.654593,-15.694592,-12.874592,-10.194592,-7.1945925,-2.1845922,-6.094592,-17.124592,-19.764593,-16.694592,-14.524592,-10.914593,-6.5845923,-2.6145923,1.7454077,6.175408,10.5954075,13.545407,14.645408
-4.0645924,-4.5245924,-2.4345922,-1.8145922,-2.7145922,-3.3645923,-3.1845922,-2.0045922,-1.4845923,-1.1945922,-1.5145923,-2.2745924,-2.0945923,-1.8445923,-2.7045922,-0.6145923,0.7854077,0.5454077,-0.22459228,-0.5945923,0.14540772,-1.4245923,-2.8245924,-3.7545922,-0.8145923,-2.3445923,-3.4145923,-8.094592,-8.134592,-3.9645922,-10.714592,-10.724592,-10.6545925,-10.534593,-11.144592,-12.184592,-12.864593,-15.394592,-15.324593,-13.964592,-11.334592,-8.774592,-6.634592,-4.744592,-12.854592,-20.074593,-19.324593,-18.274591,-14.224592,-9.814592,-4.8345923,2.1354077,6.9754076,9.585407,12.635407,17.065407,18.145409
-5.1445923,-3.5045922,-2.1245923,-1.9545922,-3.3045924,-4.474592,-2.9445922,-1.8145922,-0.7645923,-0.34459227,-1.3245922,-2.2245922,-1.7145923,-1.5845923,-1.6745923,-0.6545923,0.13540772,0.105407715,0.055407714,-0.31459227,0.8754077,-1.1045923,-0.23459229,-2.1845922,-0.4745923,-0.8645923,-2.4445922,-8.764592,-8.124592,-5.1545925,-7.3145924,-12.144592,-11.454593,-10.584592,-10.894592,-11.344592,-13.874592,-14.374592,-13.774592,-12.204593,-9.6545925,-6.9445925,-6.7945924,-11.814592,-17.284592,-19.544592,-19.604591,-17.754593,-15.934592,-12.394592,2.4454076,12.405408,15.195408,14.705408,14.665408,19.185408,19.915407
-5.2145925,-3.4345922,-3.5845923,-3.9945922,-5.3345923,-4.9345922,-3.2745924,-1.6745923,-0.7645923,-1.2845923,-2.3845923,-2.4645922,-1.4345922,-1.5745922,-1.4145923,-1.2645923,-1.1545923,-0.4845923,-1.4145923,-1.2545923,-0.4145923,0.5654077,-0.6945923,-1.9945923,-0.8745923,-0.6445923,-3.7245922,-8.814592,-8.244593,-4.7745924,-7.8545923,-11.644592,-10.874592,-10.574593,-10.644592,-10.804592,-12.744593,-13.214592,-12.194592,-10.684592,-8.704593,-7.534592,-10.244593,-12.634592,-17.484592,-17.584593,-17.284592,-15.534593,-11.634592,-2.4145923,10.745408,17.095407,17.415407,15.315408,18.165407,20.675407,19.875408
-4.3145924,-4.9045925,-5.634592,-6.054592,-5.0045924,-4.054592,-3.1945922,-1.3745923,-1.6745923,-3.6245923,-2.0245924,-0.2545923,-0.044592284,-0.2945923,-0.20459229,-0.3845923,-0.4745923,-1.5045923,-1.7545923,-1.3945923,-1.4745923,1.1454077,0.8454077,-0.97459227,-1.0145923,-1.4845923,-2.3745923,-9.314592,-10.394592,-4.4145923,-6.744592,-9.254592,-10.324593,-10.584592,-10.364593,-11.784593,-12.214592,-11.894592,-10.884592,-9.054592,-8.044592,-8.214592,-8.844592,-11.364593,-15.064592,-13.844592,-11.394592,-9.104592,-3.1045923,4.945408,12.155408,14.725408,14.075408,17.415407,20.275408,19.355408,18.535408
-5.9645925,-7.1045923,-6.764592,-5.454592,-4.5245924,-4.864592,-3.1145923,-1.1445923,-3.4545922,-0.46459228,3.4454076,3.1154077,2.3054078,1.4954077,1.7254077,0.4954077,0.16540772,-0.20459229,-1.9645923,-1.5745922,-1.1245923,0.4254077,0.7454077,-1.1445923,-3.0345924,-3.8245924,-4.704592,-7.5845923,-7.074592,-4.1245923,-5.594592,-6.744592,-9.144592,-9.694592,-11.094592,-11.744593,-11.304592,-10.684592,-9.544592,-7.884592,-6.9145923,-6.324592,-7.3745923,-8.604592,-10.974592,-9.294592,-5.9245925,-2.1345923,2.0954077,6.6454077,9.245408,12.055408,17.275408,18.645409,17.735407,17.215408,16.195408
-6.634592,-6.5245924,-6.8345923,-6.5645924,-6.574592,-5.7145925,-2.9045923,-1.9845923,2.5754077,4.4754076,3.7654078,3.5454078,2.3554077,1.4554077,0.8654077,-0.5745923,0.025407715,0.43540773,0.21540771,-0.9345923,-0.8145923,0.035407715,-0.98459226,-1.8945923,-2.7745924,-4.134592,-5.364592,-6.764592,-5.474592,-7.364592,-5.1245923,-5.744592,-9.164593,-10.664593,-10.754592,-10.554592,-8.244593,-10.114593,-8.874592,-6.9045925,-4.4045925,-3.4545922,-3.8645923,-5.4845924,-6.304592,-5.2545924,-2.6645923,0.6054077,3.7254076,8.015408,13.305408,15.275408,15.225408,15.265408,15.325408,14.485408,13.535408
-8.484592,-8.074593,-7.6545925,-6.1045923,-5.534592,-2.0445924,-1.0945923,2.1754076,3.4954078,3.6454077,2.1654077,1.9754077,0.9454077,-0.4745923,-0.85459226,0.9954077,0.4954077,-0.14459229,0.4954077,2.1954076,1.0154077,-2.2545922,-3.5645924,-3.9945922,-3.2045922,-4.8545923,-4.844592,-5.7745924,-2.5645924,-6.4645925,-7.2745924,-6.0045924,-7.534592,-9.834592,-8.984592,-10.364593,-10.714592,-8.834592,-7.6645923,-5.1745925,-2.6745923,-2.0245924,-2.0745924,-1.9845923,-1.3945923,-0.46459228,1.8454077,5.175408,7.9754076,9.725408,11.105408,11.885407,12.285408,12.115408,11.855408,11.935408,11.535408
-5.9145923,-0.7845923,-2.6245923,0.37540773,-0.98459226,-1.3845923,-0.18459229,4.2854075,4.2054076,3.0054078,1.5754077,-0.36459228,-0.044592284,1.1654077,0.6254077,0.28540772,1.1054077,1.3554077,1.3654077,0.6654077,-0.46459228,-2.2245922,-3.7045922,-4.844592,-3.9645922,-3.5945923,-5.2545924,-5.014592,-1.0745922,-0.12459228,-4.094592,-5.7745924,-9.094592,-9.664593,-10.554592,-10.424592,-10.564592,-9.824593,-6.7345924,-4.4345922,-2.6645923,-1.8545923,-1.5645922,-1.1745923,-0.36459228,0.77540773,2.4654076,4.275408,5.985408,7.4554076,8.245408,8.555408,8.945408,8.925407,8.875408,9.155408,8.535408
-1.2845923,2.6354077,4.215408,3.6754076,1.8354077,2.1354077,3.6054077,4.9754076,4.8554077,2.3654077,1.6554077,0.5654077,0.12540771,1.1154077,1.3854077,0.6954077,1.5554078,0.95540774,1.0154077,1.4854077,0.7954077,-1.2945923,-4.6245923,-5.344592,-4.244592,-4.224592,-4.3945923,-2.4245923,-3.1945922,-2.8645923,-2.0145922,-5.134592,-7.8745923,-9.944592,-10.374592,-10.144592,-8.484592,-6.1745925,-3.0545924,-1.8245922,-1.4545922,-1.3545923,-1.2345923,-0.7845923,-0.16459228,0.6954077,1.8454077,2.9954078,3.8654077,4.695408,5.615408,6.3254075,6.7054076,6.5754075,6.3154078,5.8154078,5.135408
-3.8145924,0.28540772,3.1154077,2.1154077,2.0354078,1.2954078,2.3754077,2.4254076,2.1754076,2.8054078,1.5354077,-0.22459228,0.22540772,1.2854077,1.3754077,1.9754077,-1.8745923,-1.3545923,3.2154076,2.4454076,3.0154078,-0.7545923,-3.2045922,-4.3345923,-4.824592,-4.7545924,-3.4345922,-4.054592,-3.5445924,-3.4345922,-1.6545923,-6.454592,-9.594592,-9.454593,-8.554592,-7.8945923,-6.994592,-5.6545925,-4.4445925,-3.5045922,-2.7845924,-2.2145922,-1.8545923,-1.6445923,-1.4045923,-0.97459227,-0.18459229,0.8654077,1.7854077,2.8254077,3.5154078,4.255408,4.2054076,4.235408,4.295408,3.7054076,2.9154077
-2.4645922,1.9754077,1.0454078,0.89540774,0.2754077,1.5854077,1.5954077,2.0654078,3.5254078,1.7654077,-0.60459226,-0.28459227,0.3054077,0.19540772,0.28540772,0.52540773,-5.224592,6.6454077,5.0154076,4.0354075,1.7754077,0.95540774,-1.0745922,-2.7845924,-3.6145923,-4.134592,-3.3545923,-1.5445923,-3.6645923,-4.724592,-5.704592,-4.9345922,-7.554592,-9.424592,-9.464592,-8.134592,-7.324592,-6.6845922,-5.8345923,-4.9145923,-3.8545923,-3.0345924,-3.0345924,-3.4945922,-3.4345922,-2.5345924,-1.4645923,-0.4445923,0.16540772,1.0654078,1.2254077,1.1454077,1.9354078,2.0354078,0.7454077,-0.19459228,-1.9845923
-1.7345923,0.8854077,0.025407715,1.9254078,1.5354077,0.9454077,1.9354078,2.7154076,1.6854078,-0.4445923,-2.1645923,-1.1345923,0.15540771,-0.20459229,-0.66459227,2.8254077,8.365408,6.8554077,5.1054077,3.4254076,2.1454077,0.47540772,-1.6345923,-2.4445922,-2.9045923,-3.1045923,-3.5645924,-1.8345923,-4.264592,-5.1845922,-6.6945925,-7.724592,-7.5245924,-7.6045923,-8.664593,-8.664593,-7.9345922,-7.1445923,-6.6045923,-6.3345923,-5.8545923,-5.744592,-5.614592,-5.1645923,-4.4345922,-3.2245922,-2.2845924,-1.1945922,-1.3445923,-1.9845923,-1.4245923,-1.0745922,-1.7545923,-2.0045922,-3.2045922,-0.104592286,1.7354077
-0.3945923,0.025407715,2.1754076,1.7354077,1.1154077,0.0054077148,0.5454077,0.64540774,-1.5745922,-2.6145923,-3.8545923,-1.1345923,0.4254077,0.18540771,-2.2245922,0.43540773,6.7654076,2.7654078,3.1654077,2.6854076,2.0254078,0.7854077,-0.8745923,-1.7245923,-2.4445922,-2.8345923,-2.0345924,-3.0045922,-1.6245923,-3.9045923,-6.5645924,-7.784592,-8.874592,-8.984592,-8.134592,-7.3345923,-6.7545924,-6.3345923,-6.2145925,-6.054592,-6.0245924,-5.8945923,-5.634592,-4.6245923,-2.8145924,-1.8745923,-2.3145924,-3.0345924,-3.7945924,-4.0845923,-4.2545924,-4.384592,-5.2145925,0.9954077,4.465408,4.795408,16.035408
