data/wind/wind-json-20190330.json
{"header": { "discipline":0, "disciplineName":"Meteorological products", "gribEdition":2, "gribLength":74393, "center":7, "centerName":"US National Weather Service - NCEP(WMC)", "subcenter":0, "refTime":"2019-03-30T00:00:00.000Z", "significanceOfRT":1, "significanceOfRTName":"Start of forecast", "productStatus":0, "productStatusName":"Operational products", "productType":1, "productTypeName":"Forecast products", "productDefinitionTemplate":0, "productDefinitionTemplateName":"Analysis/forecast at horizontal level/layer at a point in time", "parameterCategory":2, "parameterCategoryName":"Momentum", "parameterNumber":2, "parameterNumberName":"U-component_of_wind", "parameterUnit":"m.s-1", "genProcessType":2, "genProcessTypeName":"Forecast", "forecastTime":0, "surface1Type":103, "surface1TypeName":"Specified height level above ground", "surface1Value":10.0, "surface2Type":255, "surface2TypeName":"Missing", "surface2Value":0.0, "gridDefinitionTemplate":0, "gridDefinitionTemplateName":"Latitude_Longitude", "numberPoints":65160, "shape":6, "shapeName":"Earth spherical with radius of 6,371,229.0 m", "gridUnits":"degrees", "resolution":48, "winds":"true", "scanMode":0, "nx":360, "ny":181, "basicAngle":0, "lo1":0.0, "la1":90.0, "lo2":359.0, "la2":-90.0, "dx":1.0, "dy":1.0 }, "data":
[rows 75 to 99 of 181, columns 114 to 170 of 360]
-0.9350855,-0.12508544,-1.5350854,-1.1350855,-2.8950853,-2.9450855,-2.3450854,-0.015085449,-1.2850854,-3.0350854,-3.2150855,-3.5150855,-3.3450854,-2.9450855,-4.015085,-4.5050855,-4.5450854,-5.8850856,-5.3750854,-5.0450854,-4.8250856,-4.9650855,-5.2250853,-5.6850853,-5.7850857,-6.0850854,-6.8250856,-6.7450852,-6.2050853,-7.7750854,-8.455086,-7.6350856,-7.6350856,-7.7550855,-7.4250855,-7.5650854,-7.7350855,-7.9550853,-7.8750854,-8.435085,-8.195086,-7.8250856,-7.7150855,-8.165086,-7.5350857,-7.3850856,-7.3250856,-7.3350854,-7.1450853,-7.4050856,-7.0650854,-7.0550857,-7.4250855,-7.515085,-7.0050855,-6.6250854,-6.5950856
-1.7550855,-1.7450855,-2.0750854,-1.4950855,-1.6850854,-1.5250854,-5.0350857,-1.4650855,-0.57508546,-0.95508546,-2.2750854,-3.8250854,-4.1850853,-4.1450853,-4.5250854,-5.515085,-5.515085,-5.7350855,-4.9950852,-4.8250856,-4.8250856,-4.8850856,-5.2050853,-5.7050853,-6.2750854,-6.8350854,-6.6050854,-5.8250856,-7.0750856,-7.6250854,-8.155086,-7.6150856,-7.3650856,-7.0950856,-7.2850857,-7.9150853,-8.335086,-8.885085,-8.975085,-9.165086,-8.865086,-7.9850855,-7.6550856,-8.165086,-7.8550854,-7.6850853,-7.8350854,-7.4250855,-7.4050856,-7.4550853,-7.4750853,-7.4950852,-8.095085,-8.035086,-7.7050853,-7.4250855,-6.9550853
-2.9350855,-1.9450854,-2.2650855,-2.1650856,-1.6450855,-0.82508546,-1.1350855,-1.2150855,-4.4050856,-4.1550856,-2.6350853,-4.0350857,-4.2750854,-4.9950852,-6.1750855,-6.015085,-5.1750855,-4.8250856,-4.4550853,-4.9050856,-5.3550854,-5.4850855,-5.2450852,-6.3650856,-7.0550857,-7.1950855,-7.4850855,-7.5650854,-7.9350853,-8.095085,-7.7450852,-7.4250855,-8.095085,-7.7250853,-7.4550853,-7.8850856,-8.455086,-8.935085,-9.315085,-9.475085,-8.925085,-8.265085,-8.055085,-7.8850856,-7.7250853,-7.5750856,-7.8550854,-7.4750853,-7.5850854,-7.8650856,-7.9150853,-8.125086,-8.515085,-8.845085,-8.395085,-7.9650855,-7.5550857
-3.7850854,-2.4050856,-3.3750854,-3.3350854,-2.1050854,-0.39508545,0.30491456,-6.2050853,-4.7950854,-4.9650855,-4.3850856,-1.5650854,-4.1650853,-4.3750854,-5.765085,-5.3950853,-4.9350853,-4.9750853,-4.5050855,-4.9850855,-6.0350857,-5.8050857,-5.9350853,-7.1350856,-7.0650854,-7.6650853,-8.185085,-8.575086,-8.925085,-8.725085,-8.185085,-8.445086,-8.635085,-8.115086,-7.9250855,-8.495086,-8.265085,-7.9550853,-7.6550856,-7.3650856,-8.835086,-8.465085,-7.9750853,-7.3950853,-7.3450856,-7.8150854,-8.405086,-8.005085,-8.115086,-8.145085,-8.505085,-8.655086,-8.695086,-8.725085,-8.885085,-8.505085,-7.8550854
-2.7750854,-2.6450853,-4.0850854,-3.5450854,-4.1650853,-3.2450855,-4.9650855,-4.3250856,-1.5750854,-3.0950854,-2.3550854,-2.0550854,-3.6650856,-4.515085,-4.6950855,-5.2550855,-5.4050856,-5.3650856,-4.3950853,-5.015085,-5.8750854,-5.9450855,-6.4150853,-7.015085,-7.7450852,-7.9650855,-8.765085,-9.065085,-9.435085,-9.165086,-8.835086,-8.935085,-9.175085,-8.925085,-8.425085,-8.155086,-8.095085,-7.8850856,-7.5850854,-7.8750854,-8.255085,-8.205086,-7.6650853,-7.2150855,-7.5750856,-7.2450852,-7.5450854,-7.9750853,-8.115086,-8.345085,-8.905086,-9.075086,-8.575086,-8.415086,-8.955086,-8.645085,-8.105085
-2.4450855,-3.3050854,-3.9750855,-3.1650856,-4.4650855,-0.82508546,-3.9850855,-6.0250854,-6.7550855,-2.3950853,-2.6650856,-5.1250854,-2.6550856,-3.3150854,-4.1350856,-5.2050853,-5.9050856,-5.515085,-4.3250856,-4.3450856,-5.9050856,-6.4050856,-6.9250855,-6.7050853,-7.3850856,-8.165086,-8.535086,-9.375086,-9.365086,-9.265085,-9.035086,-9.255085,-9.395085,-9.205086,-8.955086,-8.595085,-7.8350854,-7.4750853,-7.5050855,-7.5450854,-7.8850856,-7.8150854,-7.4850855,-7.0650854,-6.8150854,-7.0750856,-7.6150856,-8.045086,-8.135085,-8.285086,-8.785086,-9.475085,-9.395085,-8.275085,-8.835086,-8.595085,-8.155086
-4.0950856,-4.6950855,-3.7750854,-2.8150854,-0.12508544,-1.5250854,-1.1350855,-2.7050855,-4.1050854,-3.6850855,-5.9150853,-2.5750854,-0.84508544,-2.7550855,-2.8850853,-4.9250855,-6.1950855,-5.5550857,-3.9450855,-4.6850853,-5.7150855,-5.9250855,-6.6550856,-6.4850855,-7.0950856,-7.9050856,-8.215085,-9.125086,-9.255085,-9.085086,-8.705086,-8.905086,-9.125086,-8.925085,-8.765085,-8.405086,-7.8550854,-7.2450852,-6.9550853,-7.265085,-7.1950855,-7.1550856,-7.0250854,-6.515085,-6.2950854,-6.3550854,-7.3350854,-7.9550853,-7.9850855,-8.335086,-8.895085,-9.655086,-9.545086,-8.945086,-8.725085,-8.205086,-8.315085
-4.8850856,-5.3250856,-4.9650855,-2.3750854,-2.5750854,-2.5050855,-2.4050856,-2.2250855,-5.6050854,-0.8650854,-0.38508546,-1.1550854,-0.26508546,-2.2250855,-1.7850854,-3.8350854,-5.8750854,-5.6050854,-4.6050854,-3.7550855,-5.4150853,-4.4350853,-5.2450852,-5.8350854,-6.5850854,-7.6150856,-7.5750856,-8.205086,-8.405086,-8.225085,-8.295086,-8.755085,-8.965085,-8.965085,-8.615086,-8.035086,-7.4850855,-6.8750854,-6.3350854,-6.2950854,-7.0550857,-6.6650853,-6.4250855,-6.1250854,-6.0550857,-6.0450854,-6.8350854,-7.6950855,-7.8150854,-8.125086,-8.755085,-9.545086,-9.565085,-9.335086,-9.145085,-8.665086,-8.725085
-4.1450853,-4.0650854,-4.9450855,-1.6350855,-2.6250854,-2.1150854,-2.3150854,-3.5350854,-1.3950855,-2.5550854,-1.0750854,0.35491455,0.55491453,-1.9150854,-1.2050854,-2.8150854,-5.3550854,-5.6750855,-4.5550857,-3.9850855,-3.7350855,-4.1950855,-4.7550855,-4.6750855,-6.0350857,-6.7750854,-6.5750856,-7.4450855,-7.5950856,-7.8050857,-8.405086,-8.9850855,-8.875086,-8.915086,-8.685085,-7.8450856,-7.0550857,-6.3150854,-6.2250853,-6.2250853,-6.4950852,-6.3950853,-6.8850856,-6.015085,-5.7550855,-6.1650853,-6.9650855,-7.4750853,-7.2250853,-7.7250853,-8.685085,-9.035086,-9.115086,-9.375086,-9.315085,-8.715085,-9.155086
-3.0050855,-3.8150854,-1.8050854,-0.6250855,1.9449146,-1.3150854,-1.9750855,-0.31508544,1.9549146,0.08491455,1.0049145,-0.78508544,-0.51508546,-2.7850854,-2.1050854,-1.4850855,-4.0050855,-5.8350854,-4.0450854,-3.3850853,-3.6450853,-3.6250854,-3.8650854,-3.9450855,-5.6050854,-5.8150854,-6.4650855,-5.3250856,-6.9350853,-7.9050856,-8.405086,-8.855085,-8.9850855,-8.725085,-8.365086,-7.9750853,-7.3850856,-6.6250854,-6.2350855,-6.2150855,-6.4050856,-6.4050856,-6.4650855,-6.2750854,-5.515085,-6.6750855,-6.8750854,-7.2150855,-6.4350853,-7.2150855,-8.085086,-8.225085,-8.625086,-9.605085,-9.2350855,-8.885085,-9.425085
-2.6450853,-1.2150855,-0.96508545,-0.48508546,0.54491454,-0.04508545,-0.9250854,-0.09508545,1.1449145,-0.89508545,-3.0350854,-4.1350856,-4.015085,-3.0150855,-2.7250855,-1.6850854,-1.0750854,-3.9750855,-3.9750855,-3.2850854,-2.8850853,-3.3250854,-3.0750854,-3.6350853,-4.8150854,-5.9750853,-3.7050855,-3.6350853,-6.2550855,-7.4550853,-7.6650853,-8.175085,-8.765085,-8.685085,-8.125086,-8.025085,-7.7350855,-6.8050857,-6.2250853,-6.3050857,-6.5350857,-6.0450854,-6.1250854,-6.3450856,-6.6150856,-7.2850857,-6.8750854,-6.8150854,-5.9050856,-6.5050855,-6.9150853,-7.5050855,-8.175085,-8.965085,-8.155086,-8.305085,-9.525085
-0.65508544,-0.09508545,-0.45508546,0.39491454,1.6949146,-0.60508543,-0.26508546,0.8149145,1.4749146,-1.1450855,-3.6550856,-4.8750854,-3.4550855,-2.5750854,-2.7150855,-2.2550855,-1.2450855,-1.6950854,-3.2350855,-2.6050854,-2.2250855,-2.0550854,-3.1350853,-2.9450855,-3.7350855,-4.6350856,-2.6450853,-1.1350855,-4.1150856,-5.3050857,-5.6850853,-7.015085,-7.3850856,-8.125086,-5.9750853,-6.6850853,-7.0450854,-5.9550853,-5.7450852,-5.5650854,-5.4350853,-5.1250854,-5.3650856,-4.7950854,-6.4850855,-7.8250856,-7.2250853,-6.8850856,-6.0250854,-5.8250856,-6.3350854,-6.7750854,-6.6650853,-7.3150854,-7.1350856,-6.4550853,-7.8350854
-0.41508543,0.03491455,-0.20508546,0.17491455,-0.72508544,-1.3150854,0.84491456,1.7549145,1.8949145,0.77491456,-0.88508546,-0.77508545,-1.1350855,-2.0550854,-2.0250854,-1.3650855,-1.0150855,-0.85508543,-0.77508545,-1.0850854,-2.1550856,-1.3750855,-1.9550854,-1.7950854,-2.6550856,-2.5750854,-1.4350854,-0.31508544,-1.2250855,0.40491456,-0.31508544,-2.4950855,-4.0650854,-4.0250854,-4.9450855,-5.5650854,-4.7050853,-4.4650855,-4.3950853,-3.7650855,-3.3850853,-2.8950853,-3.9650855,-4.0650854,-6.0850854,-6.8050857,-6.0650854,-6.0850854,-6.7850857,-5.9550853,-5.6750855,-5.515085,-5.0950856,-5.5250854,-5.2850857,-5.2550855,-6.0050855
0.064914554,0.024914552,-0.09508545,0.05491455,0.70491457,-1.8550855,0.04491455,2.2549145,1.7249146,0.99491453,0.83491457,2.0349145,-0.17508546,-0.38508546,0.46491456,0.70491457,0.74491453,0.5049145,1.3049146,0.29491454,-0.7350854,-0.60508543,-1.1850854,-0.27508545,-0.64508545,0.18491454,0.83491457,1.8949145,2.5549145,1.2549145,1.0549146,0.8149145,0.45491454,-1.1450855,-2.6350853,-3.2250855,-3.4350855,-3.5150855,-2.9250855,-2.6650856,-2.0850854,-1.5250854,-3.3950853,-3.1450853,-3.7250855,-4.8250856,-5.1250854,-5.6950855,-6.3450856,-6.6350856,-5.3350854,-4.5850854,-4.9150853,-4.7850857,-4.9150853,-4.2350855,-4.4150853
0.31491455,-0.16508545,-0.005085449,-0.03508545,-0.06508545,0.45491454,-1.0550854,0.8149145,0.21491455,0.29491454,-0.23508544,1.6949146,1.0749146,-0.08508545,-0.06508545,1.4949145,1.3649145,2.5049145,2.5849144,2.9549146,2.4649146,2.2049146,1.7749145,1.8049146,2.3249145,2.5249145,3.1749146,4.234915,5.2949147,5.1249146,4.234915,3.4849145,3.4249146,2.3949146,0.5149146,-1.8450855,-1.9250854,-1.3250854,-1.3350854,-0.9350855,-0.69508547,-0.6250855,-2.2350855,-3.1150854,-3.1850855,-3.5250854,-3.8750854,-3.9550855,-3.8250854,-5.9150853,-4.7950854,-4.1150856,-3.6750855,-4.1850853,-3.7250855,-4.3550854,-4.9550853
-0.18508545,0.024914552,0.13491455,0.39491454,0.97491455,0.6949146,0.61491454,0.23491456,-1.2250855,1.5449146,-0.29508546,0.59491456,1.4249146,1.3149146,1.1049145,0.80491453,1.3349146,2.7349145,4.1749144,5.7749147,4.8949146,4.0949144,3.8249145,4.0949144,5.3849144,5.2649145,5.7549148,6.234915,7.4249144,7.9249144,6.984915,6.5149145,5.9549146,5.3649144,2.8449144,0.8249146,0.5749146,0.20491455,0.46491456,0.6349146,0.79491454,0.8849146,0.8749145,1.4749146,-1.0350854,-2.3350854,-2.2650855,-2.8350854,-3.0450854,-4.1350856,-3.2850854,-2.3050854,-2.5150855,-3.0050855,-3.0850854,-3.9550855,-3.9150856
-0.14508545,-0.51508546,-0.075085446,0.55491453,0.43491456,-1.4650855,-0.10508545,-2.8750854,-0.82508546,0.03491455,2.3049145,0.064914554,0.97491455,3.2549145,2.5549145,2.8049145,2.9049146,1.1149145,1.4249146,1.1149145,-0.38508546,5.1149144,1.8149146,5.5349145,7.0149145,7.6749144,7.8149147,7.7549148,8.424914,8.594914,9.024915,9.054914,8.224915,7.1149144,4.2849145,2.7249146,1.9549146,1.2349145,1.4349146,2.3249145,2.5349145,2.5949144,3.0549145,3.2349145,3.1949146,0.18491454,0.18491454,-0.42508546,-1.5950855,-2.5050855,-3.0550854,-2.5150855,-1.5850854,-1.7950854,-2.0050855,-2.4750855,-2.9150856
-0.25508544,-0.02508545,0.08491455,1.2949146,0.37491456,-1.1550854,0.86491454,0.07491455,1.3849145,-2.5650854,1.4449146,0.53491455,1.7249146,3.4349146,3.1949146,2.1349146,1.9749146,6.4449143,2.6949146,1.6049145,2.1049147,4.3349147,3.7449145,3.5149145,2.1149147,4.3349147,7.7149143,7.8449144,7.7449145,8.574915,10.174914,12.314915,9.874914,4.2849145,5.7949147,4.8049145,3.1449146,2.5149145,3.9049146,4.2149143,4.0449147,3.7549145,3.8449144,4.5549145,3.9449146,4.3649144,3.6749146,2.4149146,1.5049145,0.26491454,0.72491455,1.0349145,0.5049145,-0.34508544,-0.72508544,-0.8650854,-2.2650855
-0.51508546,-0.22508545,0.15491456,-1.6750854,-0.04508545,-0.12508544,0.52491456,-1.3150854,0.30491456,0.014914551,1.3149146,4.0549145,2.7449145,5.0049148,3.2449145,1.3849145,4.9349146,7.1749144,4.7549148,-0.47508544,1.7449145,-0.40508544,0.36491454,1.6649146,0.96491456,1.7249146,0.36491454,0.30491456,0.28491455,3.4849145,8.394915,12.604915,11.304914,8.094914,7.3049145,5.2849145,3.3649147,3.0649145,5.2549148,6.3149147,6.4249144,5.9749146,6.3349147,6.5649147,5.7049146,5.6749144,6.0049148,6.0849147,5.8449144,5.1949143,4.5349145,3.8549147,3.5049145,3.0849144,2.3949146,2.0649145,1.3749145
-2.3450854,-0.25508544,-2.2350855,-2.0050855,-0.66508543,-1.7450855,-0.02508545,0.10491455,-0.27508545,1.8749145,2.5749145,5.2649145,5.7949147,7.5449147,4.0549145,5.3149147,4.7549148,3.0249145,6.0449147,2.9649146,4.2549148,-0.005085449,-0.5650855,0.6249145,0.59491456,-0.075085446,-0.5650855,-0.25508544,0.22491455,0.98491454,1.7649145,6.8749146,8.854915,6.4649143,5.5449147,3.8449144,3.2749145,3.6249146,4.3549147,2.7649145,5.7049146,5.7649145,6.7049146,6.3849144,6.3749146,6.7849145,6.8049145,6.7749147,6.6549144,6.0449147,5.6749144,5.0849147,4.6349144,4.5449147,2.6449146,4.2849145,4.4649143
-1.8150854,-1.9250854,-1.5150855,-0.77508545,-0.20508546,-2.8350854,-0.16508545,-1.4350854,1.2049146,1.6349145,4.7249146,6.7449145,6.5249147,6.4149146,5.5849147,6.3049145,7.1349144,6.0749145,7.1049147,6.484915,6.8649144,6.9349146,6.8449144,1.7149146,1.2249146,0.064914554,1.2649145,0.0049145506,-0.44508544,0.064914554,1.1149145,0.8749145,2.7049146,4.234915,4.7649145,3.2049146,2.6349146,2.0949144,1.4249146,4.8449144,3.9949145,4.7949147,4.9449143,5.4349146,5.3649144,5.6649146,6.6549144,6.6649146,6.2149143,5.7749147,5.6149144,4.4349146,4.0949144,3.5549145,3.1949146,-0.04508545,3.1049147
-2.3950853,-2.2450855,-1.0850854,0.07491455,0.78491455,0.8849146,2.5149145,3.5749145,4.0649147,4.8949146,5.6249146,5.9449143,5.1649146,4.9549146,3.8649147,4.0349145,4.7649145,5.3149147,5.5149145,5.2049146,6.9249144,6.7149143,6.9049144,7.1749144,5.8949146,1.3449146,1.2449145,0.61491454,0.17491455,1.0049145,-0.88508546,0.21491455,-0.54508543,-0.14508545,2.7849145,0.59491456,0.47491455,1.4649146,4.0249147,4.0049148,3.5949144,1.5649146,1.3949145,2.8249145,3.9049146,3.7349145,4.1349144,4.4949145,4.4349146,4.984915,3.5549145,2.6649146,1.5549146,2.4849145,1.9349146,-0.6150854,-0.52508545
-2.4650855,-1.4050854,0.064914554,1.3349146,1.4349146,1.6549145,2.5649145,3.3949146,4.4149146,3.6349146,3.9049146,4.1049147,2.7649145,2.8049145,2.8449144,3.5749145,4.3949146,5.3849144,5.4349146,4.8149147,5.6749144,6.1149144,5.8649144,4.7149143,3.3349144,1.2149146,1.3449146,1.1949146,1.0649146,1.4049145,0.77491456,0.12491455,-0.18508545,-0.76508546,0.90491456,0.46491456,-0.26508546,1.3649145,1.5949146,-0.13508545,-0.49508545,0.22491455,1.3349146,0.96491456,2.3249145,3.0449145,4.0549145,4.7049146,4.6549144,3.5449145,2.5449145,2.8149145,0.54491454,2.2349145,0.54491454,-0.02508545,-1.9950855
0.23491456,0.83491457,0.42491454,-1.0250854,-1.1050855,-0.48508546,2.6349146,0.80491453,0.19491455,0.38491455,2.1049147,0.6349146,1.4349146,2.4949145,2.6849146,4.8349147,3.6049147,4.3349147,4.734915,2.8349144,4.5349145,4.9449143,3.6349146,3.2349145,0.99491453,1.3149146,1.3749145,1.4149146,1.4449146,1.8649145,2.1049147,0.55491453,-0.28508544,0.13491455,-0.54508543,-1.1250855,-2.0750854,-1.9050854,-0.35508546,-1.7950854,-2.0050855,-0.88508546,0.92491454,1.2349145,2.0449145,2.3049145,2.8249145,4.0449147,3.8549147,2.9149146,2.1349146,1.7049146,0.18491454,0.6349146,-0.14508545,1.9349146,0.43491456
0.11491455,1.0349145,0.15491456,-0.16508545,1.5949146,3.0749145,0.05491455,1.6749146,2.5749145,3.8849146,4.0649147,0.61491454,0.79491454,4.4149146,5.1449146,4.4449143,4.6449146,3.5849144,3.8949146,3.4049146,3.4349146,2.8549147,2.7849145,2.5849144,2.7949145,3.6849146,3.6849146,1.1049145,1.2649145,1.7349145,4.6249146,1.5349145,0.03491455,1.4149146,-0.69508547,2.0549145,1.4149146,-0.77508545,-2.7450855,-2.5450854,-2.0750854,-0.7350854,0.40491456,2.4249146,3.8149145,4.3649144,5.4649143,1.1149145,3.3349144,2.1649146,0.85491455,0.54491454,0.97491455,0.6249145,0.90491456,1.6849146,0.55491453
