data/wind/wind-json-20190327.json
{"header": { "discipline":0, "disciplineName":"Meteorological products", "gribEdition":2, "gribLength":74887, "center":7, "centerName":"US National Weather Service - NCEP(WMC)", "subcenter":0, "refTime":"2019-03-27T00:00:00.000Z", "significanceOfRT":1, "significanceOfRTName":"Start of forecast", "productStatus":0, "productStatusName":"Operational products", "productType":1, "productTypeName":"Forecast products", "productDefinitionTemplate":0, "productDefinitionTemplateName":"Analysis/forecast at horizontal level/layer at a point in time", "parameterCategory":2, "parameterCategoryName":"Momentum", "parameterNumber":2, "parameterNumberName":"U-component_of_wind", "parameterUnit":"m.s-1", "genProcessType":2, "genProcessTypeName":"Forecast", "forecastTime":0, "surface1Type":103, "surface1TypeName":"Specified height level above ground", "surface1Value":10.0, "surface2Type":255, "surface2TypeName":"Missing", "surface2Value":0.0, "gridDefinitionTemplate":0, "gridDefinitionTemplateName":"Latitude_Longitude", "numberPoints":65160, "shape":6, "shapeName":"Earth spherical with radius of 6,371,229.0 m", "gridUnits":"degrees", "resolution":48, "winds":"true", "scanMode":0, "nx":360, "ny":181, "basicAngle":0, "lo1":0.0, "la1":90.0, "lo2":359.0, "la2":-90.0, "dx":1.0, "dy":1.0 }, "data":
[rows 100 to 124 of 181, columns 171 to 227 of 360]
-0.52069336,-0.06069336,2.5093067,1.6193067,2.0993066,2.0493066,1.8293066,-0.35069335,-0.5706934,-0.80069333,-2.1206934,-1.9006934,-1.9106934,-2.1306934,-2.4006934,-2.8006933,-3.3306932,-4.140693,-3.6506934,-3.3006933,-2.5706933,-3.1206934,-3.3706934,-4.0106936,-3.4806933,-2.5006933,-2.2906933,-2.1506934,-3.0706933,-2.3706934,-3.6506934,-3.9306934,-4.0606933,-4.3006935,-4.1306934,-3.6606934,-5.2406936,-5.0606933,-4.600693,-3.8906934,-3.7506933,-3.4406934,-2.8906934,-2.6606934,-3.2006934,-4.0406933,-4.4406934,-4.4906936,-4.6306934,-4.5406933,-5.180693,-5.9706936,-6.0706935,-6.4606934,-7.0006933,-6.9906936,-7.0806932
-2.8206933,-2.9106934,-2.9706933,-2.9106934,1.0293067,1.8293066,1.6093067,0.28930664,0.09930664,-0.97069335,-1.5806934,-1.3606933,-1.1706934,-1.3206934,-1.4906933,-1.7806934,-1.9606934,-2.3206933,-2.0606933,-2.4806933,-1.9906933,-2.4606934,-2.7106934,-3.2906933,-3.1306934,-2.0406933,-1.0106933,-1.6106933,-1.8206934,-3.5506933,-3.0706933,-3.3606935,-3.5106933,-3.5706933,-2.7206933,-1.7706933,-5.4906936,-5.0506935,-4.6906934,-4.2106934,-3.8106933,-3.2906933,-2.7706933,-2.6906934,-3.3206933,-3.6806934,-4.350693,-4.6106935,-4.600693,-4.5206933,-4.7806935,-5.5406933,-5.850693,-6.1106935,-6.4206934,-6.5406933,-6.7106934
-4.390693,-3.9406934,-3.0706933,-2.0606933,-4.9406934,-3.6706934,1.1193067,1.0793066,1.0493066,0.63930666,-0.31069335,-0.49069336,-0.86069334,-0.7606934,-1.0406934,-0.9406934,-0.86069334,-0.8106934,-0.48069337,-0.85069335,-1.1906934,-1.5906934,-2.0806932,-2.5106933,-2.2506933,-1.6606934,-2.6106935,-1.6506934,-1.0706934,-2.0406933,-3.3706934,-2.5406933,-2.7106934,-2.9706933,-2.4006934,-5.410693,-4.9406934,-4.7906933,-2.8506935,-4.1106935,-3.9306934,-4.0006933,-3.5406933,-3.1706934,-2.6806934,-4.160693,-4.5506935,-4.2206936,-4.5706935,-4.5506935,-4.7206936,-4.9406934,-5.2406936,-5.350693,-5.5806932,-5.930693,-6.2506933
-5.350693,-4.640693,-4.3406935,-2.5406933,-5.660693,-3.8406935,-1.1006933,2.3093066,1.6093067,1.4093066,2.6093066,1.0393066,-0.5606934,-1.0506934,-0.70069337,-0.48069337,0.10930664,0.95930666,0.14930664,0.54930663,-0.42069337,-0.36069337,-1.4206934,-2.4606934,-3.5006933,-3.3506935,-3.2606933,-1.9106934,-1.6606934,-2.0406933,-2.5206933,-3.0306933,-3.4806933,-2.6406934,-2.3906934,-4.700693,-4.5506935,-4.1106935,-3.3006933,-2.5106933,-3.6306934,-3.3306932,-2.3606935,-3.4906933,-2.5506933,-3.8206933,-4.3106933,-4.2206936,-4.6506934,-3.7606933,-3.8906934,-4.450693,-4.620693,-4.8106933,-4.9906936,-5.3406935,-5.6506934
-4.870693,-4.5806932,-3.9506934,-3.2206933,-2.7706933,-3.0506933,-0.95069337,2.2093067,3.7493067,2.6393065,2.9293067,2.8593066,0.049306642,-1.4906933,-2.0906935,-2.6306934,-1.5906934,-1.4906933,0.51930666,1.9693066,1.6193067,0.11930664,-1.2606933,-2.5606933,-3.1106935,-2.8906934,-2.1206934,-1.2206933,-1.2806934,-2.2106934,-2.1906934,-2.5506933,-2.7506933,-2.7806933,-3.5506933,-4.5506935,-3.9306934,-3.5506933,-3.2906933,-5.7806935,-3.5706933,-2.8906934,-3.5206933,-4.2406936,-4.160693,-4.7606936,-4.640693,-4.700693,-4.5606933,-3.9506934,-3.6206934,-3.7406933,-3.7206933,-4.3306932,-4.3106933,-4.8406935,-5.0606933
-4.9906936,-5.1906934,-4.660693,-3.9406934,-2.3606935,-1.6506934,-0.54069334,0.66930664,2.1293066,3.2293067,3.3893065,3.4093065,1.2293067,-2.8906934,-4.5606933,-5.2506933,-4.8306932,-4.5206933,-2.1706934,1.2893066,1.3993067,0.57930666,-1.4606934,-2.5106933,-3.3306932,-3.7706933,-2.8206933,-2.0006933,-1.9906933,-2.5506933,-1.8006934,-1.8406934,-2.0806932,-3.0406933,-3.9906933,-3.6206934,-3.0006933,-2.5806932,-3.3706934,-4.5106936,-4.4806933,-4.5206933,-4.6906934,-4.2106934,-4.1306934,-4.5206933,-4.5106936,-4.4406934,-4.2306933,-3.9706933,-3.6306934,-3.2806933,-3.5006933,-3.4106934,-3.4806933,-3.9006934,-4.0806932
-5.700693,-4.6506934,-4.7406936,-4.5306935,-3.3206933,-1.6406933,-3.0606933,-1.7706933,-2.7506933,-3.9606934,-0.84069335,2.8093066,1.8093066,-3.8906934,-6.2106934,-6.3806934,-5.8206935,-5.5006933,-4.3606935,-2.0106933,-0.06069336,-0.28069335,-1.3106934,-3.0906935,-3.0106933,-4.200693,-3.9006934,-3.8806934,-3.4206934,-2.5506933,-1.9206934,-1.8306934,-1.9206934,-3.0106933,-2.7606933,-2.5906935,-1.8906933,-2.1106935,-2.6106935,-3.4606934,-3.8306932,-3.8306932,-4.0606933,-3.7606933,-3.5106933,-3.7906933,-4.1106935,-4.3406935,-4.0806932,-4.0706935,-3.9806933,-3.5506933,-3.3806934,-2.5706933,-2.6606934,-2.8406935,-3.3406935
-6.3006935,-6.200693,-5.2506933,-4.0606933,-5.5106936,-4.5706935,-3.9206934,-4.0506935,-2.4306934,-3.2406933,-3.2006934,3.9993067,0.21930665,-5.4006934,-7.0706935,-7.640693,-6.950693,-6.5406933,-5.5706935,-4.4006934,-2.6906934,-1.7906934,-2.2106934,-2.6906934,-3.6406934,-3.8006933,-3.6306934,-4.0506935,-3.8406935,-3.6406934,-3.8706934,-3.6206934,-3.1706934,-3.6006935,-3.0006933,-2.4606934,-2.4106934,-2.4406934,-2.3706934,-3.0506933,-3.0606933,-2.9306934,-3.4706933,-3.4706933,-2.9606934,-2.9306934,-3.4806933,-3.7006934,-3.0706933,-3.0706933,-3.2506933,-2.9506934,-2.2506933,-1.9106934,-1.8006934,-2.6606934,-3.0006933
-7.640693,-7.5706935,-7.370693,-7.180693,-7.0106936,-6.6306934,-4.3306932,-0.86069334,-5.160693,-4.700693,-5.0806932,-5.910693,-2.4606934,-6.9406934,-8.440693,-8.510694,-8.180694,-7.3206935,-6.850693,-6.350693,-5.1506934,-2.9306934,-3.0206933,-3.2206933,-3.0906935,-3.3806934,-3.1406934,-3.4306934,-3.7406933,-3.4306934,-3.2206933,-3.0906935,-3.2706933,-3.1406934,-3.6506934,-4.2806935,-4.7606936,-4.200693,-3.4806933,-3.3106933,-3.0706933,-3.0206933,-3.2006934,-3.1806934,-2.5506933,-2.1906934,-2.3406935,-2.3106933,-2.4006934,-2.2206933,-1.9306934,-1.9006934,-2.0606933,-2.0006933,-2.3806934,-3.2906933,-3.4906933
-8.900693,-8.900693,-10.020694,-9.670693,-9.130693,-8.460693,-7.6306934,-8.940693,-7.680693,-6.6906934,-6.4906936,-9.080693,-9.700693,-14.430694,-10.620693,-9.3006935,-9.220694,-7.9706936,-7.140693,-6.9206934,-7.3006935,-6.0006933,-3.8806934,-2.8806934,-2.9006934,-3.0006933,-2.8406935,-2.9406934,-2.8106933,-2.8806934,-2.7006934,-2.8306932,-3.5006933,-3.6206934,-3.8606935,-4.160693,-4.160693,-3.8306932,-3.4506934,-3.0406933,-2.6406934,-2.2506933,-2.3606935,-2.6206934,-2.3006933,-1.8906933,-1.0006933,-0.52069336,-1.1606934,-1.0406934,-1.7006934,-1.8806933,-1.6106933,-1.9006934,-2.5606933,-3.0206933,-3.1706934
-9.500693,-9.510694,-8.930694,-9.850694,-9.410693,-8.8006935,-8.520694,-7.930693,-7.8606935,-8.880693,-7.680693,-9.630693,-11.400693,-11.660693,-10.700693,-10.680694,-9.440693,-8.130693,-7.4006934,-6.9206934,-6.620693,-6.7906933,-6.9006934,-4.4706936,-3.0006933,-1.8606933,-2.3706934,-2.9006934,-2.6106935,-2.1906934,-1.9706933,-2.1606934,-2.5606933,-2.8206933,-3.1306934,-3.5406933,-3.3306932,-2.8106933,-2.3506935,-2.2406933,-2.0406933,-1.8906933,-1.8206934,-1.5306934,-1.4406934,-1.2606933,-0.28069335,0.66930664,0.9293066,0.15930665,-0.17069335,-1.1406933,-1.0906934,-1.2406933,-2.0906935,-2.7506933,-2.4806933
-10.330693,-9.840693,-9.620693,-9.250693,-9.430694,-9.530693,-9.560694,-9.290693,-9.170693,-9.780693,-10.560694,-11.220694,-11.450693,-11.780693,-11.480694,-9.280693,-8.370693,-8.180694,-7.3606935,-7.0106936,-6.890693,-6.5006933,-6.2406936,-5.9706936,-5.640693,-4.2606936,-3.0206933,-2.7606933,-2.5106933,-2.4106934,-1.7406933,-1.3706933,-1.5006933,-2.0006933,-2.3506935,-3.0406933,-3.3206933,-3.1806934,-3.1106935,-2.1006935,-1.3506933,-0.41069335,0.00930664,0.12930664,0.20930664,0.66930664,0.36930665,1.0693066,2.1393065,2.0393066,1.3893067,0.36930665,-0.14069337,-0.84069335,-1.5106933,-2.1206934,-1.8806933
-9.780693,-9.710693,-9.500693,-9.170693,-9.210693,-9.350694,-9.400693,-8.910693,-9.210693,-9.680694,-10.190693,-10.870693,-11.060694,-11.250693,-11.120693,-8.940693,-7.3306932,-7.5106936,-7.140693,-6.910693,-6.640693,-6.2906933,-5.9606934,-6.2206936,-6.640693,-5.4006934,-3.8206933,-3.7706933,-3.4406934,-3.3706934,-2.3606935,-1.5306934,-1.8106934,-2.3806934,-3.1606934,-5.390693,-5.8006935,-5.1106935,-4.2806935,-3.2806933,-1.7906934,-0.040693358,1.1793066,1.5393066,2.0293067,2.5093067,2.6393065,2.5493066,2.5993066,3.4093065,3.1293066,2.1193066,1.2693067,0.47930664,-0.60069335,-1.2406933,-1.3206934
-8.8006935,-9.340693,-9.390694,-9.210693,-9.350694,-9.360693,-9.220694,-9.230694,-9.520694,-9.820693,-10.020694,-10.740693,-10.840693,-10.680694,-10.530693,-9.490693,-7.6106935,-7.160693,-6.180693,-6.8206935,-6.0906935,-6.3306932,-7.200693,-7.9406934,-8.810694,-8.740693,-8.290693,-6.8006935,-5.9006934,-5.0506935,-4.2506933,-3.3806934,-4.9606934,-6.3306932,-6.910693,-7.5306935,-6.0406933,-5.4006934,-5.0006933,-4.2906933,-4.0206933,-3.9706933,-2.9806933,-2.7406933,-2.3206933,-1.7106934,0.35930663,3.3993065,4.5093064,4.2593064,4.629307,3.6093066,3.3893065,2.2193067,1.3993067,-0.05069336,-0.48069337
-8.160693,-9.000693,-9.740693,-9.980694,-9.930694,-9.780693,-9.540693,-9.540693,-9.520694,-9.680694,-9.790693,-10.770694,-10.420693,-9.8006935,-9.570693,-8.820693,-7.5006933,-7.5806932,-5.9906936,-5.8406935,-6.3406935,-6.390693,-8.390694,-9.340693,-9.810694,-10.040693,-9.630693,-8.960693,-8.440693,-8.150693,-8.440693,-9.090693,-8.950693,-8.570693,-9.220694,-6.680693,-5.5806932,-4.450693,-3.0806932,-1.9706933,-2.1006935,-1.3406934,-0.47069335,0.09930664,-0.29069337,-1.2906934,-1.4606934,-1.0706934,1.3493066,4.5993066,5.8693066,5.0293064,4.9793067,3.6393065,2.7093067,1.1893066,0.64930665
-7.7606936,-9.120693,-9.590693,-9.690693,-9.490693,-9.120693,-9.090693,-9.040693,-9.200693,-9.430694,-9.710693,-9.580693,-8.970694,-8.040693,-7.410693,-6.7306933,-6.6906934,-6.5906935,-6.4606934,-6.7106934,-7.4406934,-7.680693,-7.6506934,-9.080693,-10.280693,-10.980694,-10.220694,-9.570693,-9.470694,-9.770694,-9.870693,-9.490693,-8.760694,-7.8806934,-6.6906934,-5.9906936,-4.9606934,-3.6006935,-2.1206934,0.27930665,1.3093066,1.7793067,2.5593066,2.6293066,2.1793067,1.3493066,1.1193067,-0.61069334,-2.4606934,-1.1206933,2.6293066,6.4193068,5.5393066,4.879307,3.2393067,3.0793066,1.4693066
-8.240693,-8.740693,-8.840693,-8.770694,-8.650693,-8.910693,-8.780693,-8.480694,-8.200693,-8.5506935,-8.500693,-8.210693,-7.4606934,-6.3206935,-5.120693,-4.890693,-5.2906933,-6.0006933,-6.4806933,-7.410693,-8.230694,-8.420693,-8.510694,-10.350694,-10.730694,-11.000693,-10.500693,-9.950693,-9.680694,-10.030693,-9.860693,-9.480694,-9.220694,-9.130693,-8.610693,-7.7606936,-6.7106934,-5.3806934,-3.6006935,-0.9306934,1.4893067,2.7893066,3.5393066,4.1693068,4.4293065,4.339307,3.3093066,1.7493067,-0.8806934,-2.1206934,-0.29069337,2.2893066,7.2093067,5.7693067,5.069307,3.9193068,3.7293067
-7.7206936,-8.3006935,-7.7306933,-7.7106934,-7.8806934,-7.930693,-7.7106934,-7.1906934,-7.0306935,-7.2806935,-7.3106933,-6.7206936,-5.8006935,-5.0106936,-4.430693,-4.5706935,-4.700693,-6.160693,-6.5606933,-7.6106935,-8.810694,-9.060694,-9.440693,-10.070693,-10.5506935,-10.410693,-10.430694,-10.160693,-9.510694,-9.410693,-9.980694,-9.780693,-10.080693,-9.700693,-9.020694,-7.890693,-7.0506935,-6.0006933,-4.3306932,-2.4306934,-1.3306934,0.30930665,2.6593065,4.2393064,5.3893065,5.859307,5.5593066,3.7593067,0.89930665,-1.9606934,-1.2106934,-1.2006934,-1.0206933,4.0093064,6.8893065,5.5193067,4.7493067
-6.7206936,-7.2306933,-7.4006934,-6.7506933,-6.7406936,-6.9706936,-7.0806932,-6.7406936,-6.890693,-7.0906935,-6.7406936,-6.4206934,-6.5206933,-6.8206935,-7.430693,-6.7406936,-5.870693,-6.8406935,-7.200693,-8.310694,-9.350694,-9.910693,-9.370693,-9.590693,-9.740693,-9.840693,-9.850694,-9.870693,-9.700693,-9.600694,-9.750693,-10.170693,-9.970694,-8.740693,-7.890693,-7.100693,-6.430693,-5.8106933,-5.2306933,-4.4406934,-3.2106934,-1.5506934,-0.41069335,0.09930664,1.6293067,3.8193066,4.9093065,2.8493066,1.2493067,-2.6306934,-2.2406933,-1.4806933,-0.05069336,1.6693066,1.9293066,3.5393066,5.609307
-6.2606936,-6.7606936,-6.8006935,-6.5106936,-7.3206935,-7.370693,-6.910693,-6.370693,-6.7206936,-6.8006935,-6.6906934,-7.9706936,-8.470694,-9.490693,-10.590693,-11.200693,-10.020694,-9.350694,-9.250693,-9.740693,-11.430694,-11.470694,-11.770694,-11.870693,-11.730694,-11.650693,-11.200693,-10.890694,-11.070693,-10.880693,-10.450693,-9.830693,-9.250693,-8.500693,-7.9206934,-7.100693,-6.2906933,-6.1506934,-6.5106936,-6.350693,-5.8006935,-4.930693,-3.7206933,-2.0206933,-0.72069335,-1.4206934,-1.4406934,-3.7006934,-3.9306934,-2.1606934,-0.72069335,0.10930664,0.50930667,-1.7706933,-3.0906935,3.2193067,4.299307
-5.0606933,-5.350693,-5.640693,-5.950693,-6.0406933,-6.6506934,-6.2206936,-6.1706934,-6.890693,-6.390693,-7.200693,-8.830693,-8.960693,-10.140694,-10.720694,-10.960693,-10.920693,-10.890694,-10.670693,-10.5506935,-11.420693,-11.450693,-11.260694,-11.090693,-11.120693,-10.950693,-10.760694,-10.880693,-10.820693,-10.540693,-10.130693,-9.440693,-8.810694,-8.360693,-8.130693,-7.890693,-8.000693,-7.640693,-7.5306935,-7.5006933,-7.4206934,-8.140694,-8.850694,-9.000693,-6.0706935,-3.7706933,-4.3606935,-4.7406936,-5.180693,-4.5806932,-1.2806934,2.5093067,0.7493066,-2.3606935,-6.0206933,-4.0106936,6.4893064
-3.5306933,-4.0606933,-4.9206934,-5.180693,-4.350693,-5.4206934,-5.3606935,-6.6506934,-6.4006934,-6.2506933,-7.9906936,-9.360693,-9.990693,-10.5506935,-10.570693,-10.070693,-10.400693,-10.430694,-10.660693,-10.8006935,-11.040693,-10.740693,-10.440693,-10.520694,-10.670693,-10.480694,-10.310694,-10.390694,-10.510694,-10.280693,-9.840693,-9.450693,-8.940693,-8.350694,-7.910693,-7.6106935,-7.6106935,-8.110693,-8.450693,-8.370693,-8.910693,-8.530693,-9.490693,-9.440693,-9.600694,-10.390694,-8.250693,-7.5706935,-7.5206933,-7.4906936,-6.5206933,-4.890693,-0.72069335,-0.89069337,-5.3406935,-9.140694,-10.850694
-1.9106934,-2.4606934,-3.9706933,-4.1906934,-3.5706933,-4.3106933,-6.4406934,-6.180693,-5.5006933,-5.7706933,-7.4906936,-8.610693,-9.290693,-9.8006935,-9.790693,-9.280693,-9.280693,-9.490693,-10.340693,-10.870693,-10.290693,-9.980694,-9.900693,-10.080693,-9.930694,-9.760694,-10.080693,-10.210693,-10.160693,-9.820693,-9.3006935,-8.620693,-7.9806933,-7.950693,-7.9206934,-7.430693,-7.4606934,-7.870693,-8.100694,-8.600694,-9.090693,-8.980694,-8.950693,-9.450693,-9.790693,-9.340693,-9.860693,-9.780693,-8.8006935,-8.730694,-8.130693,-7.0406933,-4.8806934,-0.13069336,-5.640693,-7.3806934,-8.210693
-0.53069335,-0.74069333,-2.2506933,-3.1006935,-2.7406933,-2.0606933,-3.9006934,-5.600693,-4.9406934,-4.6506934,-5.6706934,-7.0906935,-8.200693,-8.810694,-9.010694,-9.140694,-9.510694,-10.250693,-10.210693,-9.650693,-9.430694,-9.290693,-9.0506935,-9.160693,-8.920693,-9.000693,-9.330693,-9.420693,-9.210693,-9.080693,-8.720694,-8.080693,-7.5106936,-7.2106934,-6.8806934,-6.9806933,-7.2506933,-7.700693,-7.7206936,-8.040693,-8.330693,-8.600694,-8.520694,-8.780693,-9.370693,-8.510694,-9.070693,-8.890694,-8.440693,-8.580693,-8.650693,-8.440693,-8.3006935,-9.180694,-6.450693,-7.4806933,-6.7906933
0.63930666,0.16930664,-0.120693356,-1.3306934,-1.3506933,-1.8606933,-3.1106935,-4.4206934,-4.5906935,-3.4306934,-3.5206933,-5.2806935,-7.0506935,-7.8006935,-7.7206936,-8.430694,-8.680694,-8.760694,-8.660693,-8.490693,-8.380693,-8.380693,-8.280693,-8.170693,-8.110693,-8.150693,-8.570693,-8.690693,-8.380693,-8.010694,-7.600693,-7.1106935,-6.3606935,-6.4006934,-6.5406933,-6.2306933,-6.180693,-6.680693,-6.9606934,-6.9806933,-7.4606934,-7.5206933,-7.390693,-7.5806932,-7.910693,-7.870693,-7.9806933,-7.910693,-8.3006935,-8.330693,-8.250693,-8.790693,-8.950693,-9.510694,-9.930694,-10.280693,-10.070693
