data/wind/wind-json-20190327.json
{"header": { "discipline":0, "disciplineName":"Meteorological products", "gribEdition":2, "gribLength":75176, "center":7, "centerName":"US National Weather Service - NCEP(WMC)", "subcenter":0, "refTime":"2019-03-27T00:00:00.000Z", "significanceOfRT":1, "significanceOfRTName":"Start of forecast", "productStatus":0, "productStatusName":"Operational products", "productType":1, "productTypeName":"Forecast products", "productDefinitionTemplate":0, "productDefinitionTemplateName":"Analysis/forecast at horizontal level/layer at a point in time", "parameterCategory":2, "parameterCategoryName":"Momentum", "parameterNumber":3, "parameterNumberName":"V-component_of_wind", "parameterUnit":"m.s-1", "genProcessType":2, "genProcessTypeName":"Forecast", "forecastTime":0, "surface1Type":103, "surface1TypeName":"Specified height level above ground", "surface1Value":10.0, "surface2Type":255, "surface2TypeName":"Missing", "surface2Value":0.0, "gridDefinitionTemplate":0, "gridDefinitionTemplateName":"Latitude_Longitude", "numberPoints":65160, "shape":6, "shapeName":"Earth spherical with radius of 6,371,229.0 m", "gridUnits":"degrees", "resolution":48, "winds":"true", "scanMode":0, "nx":360, "ny":181, "basicAngle":0, "lo1":0.0, "la1":90.0, "lo2":359.0, "la2":-90.0, "dx":1.0, "dy":1.0 }, "data":
[rows 25 to 49 of 181, columns 114 to 170 of 360]
-1.2431177,-0.53311765,-1.0931177,-1.5831177,-1.7131177,-1.5631176,-1.6131177,-1.7831177,-2.6431177,-5.2731175,-4.643118,-4.0231175,-1.4031177,-1.6931176,-0.7931177,-1.4131176,-3.6531177,-2.3231177,-0.59311765,-0.13311768,-0.25311768,-0.9331177,-2.6931176,-2.5231178,-2.3731177,-1.1231177,-0.42311767,-3.0131178,-4.1731176,-3.1131177,-4.3531175,-4.4431176,-3.6631176,-4.893118,-7.6231174,-4.513118,-11.753118,-12.863117,-10.393118,-8.793118,-6.9431176,-4.413118,-5.8031178,-6.5831175,-1.3631177,-1.4931177,-4.3431177,-4.6931176,-1.3831177,-1.6631176,-3.4231176,-3.8831177,-3.2531176,-1.4031177,-1.7131177,-2.3631177,-1.1631176
-1.8731177,-2.0631177,-1.7331177,-1.6331177,-1.8031176,-1.6531177,-1.8431177,-2.0931177,-3.1331177,-2.0731177,-2.7031176,-3.1631176,-2.9731176,0.076882325,-0.7331177,-1.5031177,-5.1931176,-4.013118,-3.1731176,-5.5231175,-5.973118,-6.5531178,-5.7531176,-4.7531176,-1.9231176,-1.0431176,-1.3031176,-2.1931176,-1.8431177,-1.3631177,-2.8231177,-2.7731178,-4.5631175,-5.2531176,-6.703118,-5.8131175,-7.2931175,-12.923118,-10.013118,-8.293118,-5.5231175,-1.6731176,-5.1031175,-5.1131177,-2.2631178,-1.9031177,-2.5831177,-5.8331175,-7.5831175,-3.2331176,-1.3331177,-1.2031177,-1.2131177,-0.9831177,-1.5231177,-0.063117675,1.2868823
-0.8031177,-1.5031177,-1.6431177,-1.6731176,-1.0331177,-1.1431177,-1.2731177,-1.1731176,-2.5031176,-2.0631177,-2.3931177,-3.8431177,-2.1331177,-1.7431177,-1.2531177,-1.2631177,-1.2131177,-0.72311765,-0.59311765,-0.71311766,-1.0831177,-0.103117675,-0.013117676,0.38688233,-1.4731177,-0.52311766,-2.2431176,-0.9931177,-1.9231176,-0.8231177,1.3568823,-2.9931176,-6.723118,-5.913118,-4.223118,-6.493118,-6.9031177,-10.603118,-10.593118,-8.023118,-6.413118,-2.4031177,-5.643118,-3.0931177,-2.6931176,-2.3931177,-4.703118,-5.0031176,-8.533117,-6.723118,-3.9731176,-1.9731177,-0.25311768,1.2468823,2.6868823,2.4868822,0.7468823
-1.5431176,-2.0631177,-1.5231177,-1.3231177,-1.0231177,-1.2731177,-1.7931176,-1.7731177,-1.5631176,-1.6431177,-1.9531177,-1.9831177,-2.0331178,-1.8931177,-2.1431177,-2.0731177,-1.5831177,-0.84311765,-0.89311767,-1.0231177,-1.0331177,-1.2031177,-0.063117675,-0.65311766,-1.3431177,-2.2631178,-2.4431176,-1.7131177,-5.743118,-4.1131177,-4.493118,-3.1431177,-5.2331176,-4.743118,-4.973118,-5.0031176,-6.5731177,-3.3131177,-6.223118,-5.5531178,-5.663118,-3.4631176,-3.9531176,-4.6531177,-5.8331175,-4.6231174,-2.1331177,-1.3931177,-2.3531177,-2.5431178,-3.6831176,-0.48311767,-0.35311767,2.3068824,0.97688234,-0.9931177,-0.7931177
-1.1231177,-0.9231177,-1.4231176,-1.6331177,-1.5731177,-1.2931176,-1.7731177,-1.8931177,-2.2031176,-2.3431177,-2.5531178,-2.1331177,-1.9431176,-1.8731177,-1.6531177,-1.9131176,-2.1931176,-2.0231178,-1.5731177,-1.5831177,-1.7731177,-1.9931177,-1.6531177,-2.3831177,-1.7831177,-3.6231177,-3.4531176,-3.3031178,-5.0931177,-5.1231174,-4.6931176,-5.4031177,-5.243118,-7.3631177,-6.3331175,-7.1331177,-3.8631177,-6.8131175,-7.4431176,-6.1331177,-6.5231175,-4.7531176,-3.1531177,-2.8231177,-6.033118,-4.5231175,-3.6931176,-1.7931176,0.96688235,0.47688234,0.116882324,-0.26311767,-0.91311765,0.46688232,-1.0231177,-0.6131177,0.7668823
-0.22311768,-0.23311767,-1.1831176,-2.0931177,-1.9831177,-1.0731177,-1.1931176,-2.1431177,-2.6231177,-2.6931176,-2.5131178,-2.4131176,-2.2531176,-2.2431176,-1.9131176,-1.6531177,-1.7531177,-1.8631177,-2.0931177,-1.8431177,-2.0131178,-2.2331176,-2.4231176,-1.2831177,-2.3131177,-1.2331177,-2.4431176,-3.3131177,-5.0531178,-7.183118,-2.7331176,-4.893118,-5.3131175,-4.8331175,-3.0331178,-1.3231177,-1.1731176,-2.6631176,-3.2831178,-4.3531175,-4.0731177,-2.3631177,-4.223118,-3.3731177,-1.8831177,-2.0531178,0.056882326,4.0768824,1.6868824,-1.3531177,-3.2831178,-3.2531176,-2.2331176,-2.0431178,0.08688232,1.1368823,1.4668823
-0.65311766,-1.4231176,0.19688232,0.3768823,-1.4431176,-2.4831176,-2.8831177,-2.6831176,-1.9931177,-1.8831177,-2.0931177,-0.053117678,0.5568823,-0.70311767,-0.8631177,-1.0631176,-0.97311765,-0.7631177,-1.4731177,-3.0131178,-3.8031178,-3.5031176,-4.433118,-2.1231177,-1.4831177,-1.8131176,-1.8431177,-1.7331177,-4.243118,-7.243118,-3.7231176,-2.6631176,-6.7331176,-6.2331176,-6.0231175,-6.6131177,-7.0231175,-4.243118,-3.1131177,-2.2931178,-2.9631176,-2.2131176,-3.2831178,-3.1731176,-1.4131176,0.71688235,3.2668824,1.2068824,-1.0331177,0.6768823,0.116882324,-1.1931176,-3.1931176,-3.6831176,-2.4431176,-0.6831177,1.2168823
1.0468823,0.48688233,0.21688232,0.9368823,2.1968822,-0.97311765,-0.4931177,-4.0631175,-3.3131177,-3.2231176,-1.0831177,-0.72311765,-2.2431176,0.5768823,-0.003117676,-3.3631177,-2.8131177,0.5568823,-2.5531178,-3.5031176,-4.0531178,-4.0031176,-4.8031178,-2.5831177,-0.5031177,-1.6131177,-2.9431176,-6.1331177,-6.3131175,-5.3231177,-4.453118,-4.743118,-3.9731176,-4.143118,-3.8031178,-2.5731177,-2.5931177,-0.66311765,-1.2531177,-2.2631178,-1.7631177,0.27688232,0.13688232,-0.19311768,0.6968823,0.7568823,3.0468824,-1.7331177,2.3368824,0.116882324,-1.5631176,-1.9431176,-1.0431176,0.09688232,0.36688232,0.6968823,1.9168823
1.3568823,0.97688234,0.8768823,-0.14311768,-0.16311768,3.8768823,-0.31311768,0.7368823,1.3868823,-1.7931176,-2.4631176,-0.9931177,-0.39311767,-2.1831176,-3.0431178,-2.4931176,-1.1831176,-0.6231177,-0.07311767,-2.1931176,-3.9531176,-2.4231176,-4.5531178,-3.8131177,-3.8931177,-5.7931175,-5.7131176,-4.9231176,-6.6131177,-5.1531177,-4.1131177,-4.2131176,-3.4631176,-3.0131178,-3.0031176,-2.8231177,-2.5331178,-1.5731177,-0.84311765,-0.26311767,0.8968823,3.1868823,5.3268824,5.506882,5.5168824,4.4268823,-2.0231178,2.0168824,0.9468823,-1.5531176,-2.3431177,-1.7831177,0.13688232,1.9468824,3.0268824,3.5368824,3.7368822
0.9868823,-0.09311768,-0.23311767,-1.5131177,-0.59311765,0.32688233,-1.4031177,-0.22311768,-0.72311765,-0.77311766,-0.95311767,-4.5231175,-1.9731177,-1.9631177,-2.2931178,-3.0431178,-2.6331177,-2.5831177,-2.0131178,-1.8331177,-5.1031175,-6.8831177,-8.123117,-4.0831175,-0.48311767,-4.4431176,-5.4831176,-5.8031178,-6.2331176,-5.2131176,-3.7531176,-3.4731176,-3.0231178,-2.3131177,-1.6631176,-0.9431177,-0.14311768,0.22688232,0.9368823,1.9368824,2.9868822,4.3868823,6.276882,8.016882,2.5268824,0.6168823,3.1168823,-0.32311767,-2.3531177,-1.8831177,-1.2931176,-1.8031176,-1.1531177,-0.66311765,0.2868823,1.4768823,3.1568823
-2.2231176,-0.7631177,0.6268823,0.45688233,0.72688234,-0.09311768,0.49688232,0.076882325,0.3468823,-1.1731176,-2.2431176,-0.7431177,-1.4331176,-2.9431176,-3.4031177,-3.1131177,-1.2431177,-2.7031176,-3.0831177,-0.77311766,-1.5631176,-3.6031177,0.48688233,-1.2331177,-2.5531178,-4.4231176,-5.0831175,-5.433118,-5.0631175,-4.1131177,-3.4831176,-2.9131176,-2.0331178,-1.0131177,-0.17311768,0.44688234,0.7568823,1.0268823,1.1668823,1.9368824,3.3268824,4.526882,6.2468824,6.7468824,-0.33311766,2.2968824,-1.4531177,-2.2231176,-2.5431178,-5.8231177,1.0268823,5.3068824,4.9468822,1.9068823,-0.9831177,-0.5731177,1.8468823
-0.07311767,0.16688232,-0.5131177,-0.31311768,-1.0031177,-1.1631176,-1.2131177,-1.1531177,-1.0031177,-2.2231176,-2.4531176,-3.3331177,-5.3431177,-4.1931176,-4.1131177,-3.1931176,-1.8931177,-0.91311765,-0.24311768,0.20688233,-0.3731177,-2.5231178,-5.4031177,-3.4731176,-4.8031178,-0.7331177,-1.3031176,-4.763118,-4.6131177,-2.5931177,-2.8031178,-2.0931177,-1.2631177,-0.5431177,-0.103117675,-0.16311768,-0.53311765,-0.23311767,0.6368823,1.9068823,2.8668823,3.4468822,3.6468823,2.5268824,1.5368823,-0.5631177,-1.4931177,-1.8731177,-1.1831176,0.53688234,2.1168823,3.7668824,3.7168822,2.1068823,0.09688232,-0.25311768,1.4968823
-1.3431177,-1.7831177,-1.5731177,-3.1431177,-1.4031177,-0.6831177,-0.9831177,-0.4931177,-0.70311767,-0.97311765,-3.1931176,-4.1031175,-4.5231175,-4.6931176,-4.2331176,-3.6731176,-2.7231176,-0.52311766,-0.77311766,-1.0431176,0.036882326,-0.33311766,-2.4331176,-3.4431176,-3.0431178,-2.8331177,-0.5531177,-0.9931177,-3.8331177,-4.1331177,-3.5931177,-2.5231178,-1.7331177,-1.1131177,-0.91311765,-1.0131177,-0.66311765,-0.35311767,0.3768823,1.2668823,2.2268822,2.6768823,1.8868823,0.046882324,-0.033117674,-1.7331177,-0.59311765,-0.33311766,-0.053117678,1.7268823,3.6068823,3.8168824,2.6968822,1.2268823,0.7368823,1.2268823,2.3568823
-2.2031176,-1.9431176,-1.5531176,-0.3731177,-0.89311767,-1.2231177,-1.4231176,-1.1931176,-0.8231177,-2.8231177,-3.3831177,-5.3831177,-5.1931176,-5.0531178,-5.513118,-5.683118,-2.3131177,0.8668823,-0.5431177,-1.0531176,-1.0431176,0.2868823,-0.5631177,-2.9531176,-2.0331178,-2.9031177,-2.5231178,-1.3131176,-3.0831177,-3.8331177,-3.8931177,-3.5431178,-3.0331178,-2.4631176,-2.2831178,-2.0831177,-1.4331176,-0.6731177,0.38688233,1.5568824,2.1968822,2.5068824,1.8868823,0.27688232,-1.8031176,1.8668823,1.0968823,0.6768823,0.9568823,1.6068823,2.3468823,2.7568824,2.8568823,2.7768824,2.6268823,2.4968824,2.6468823
-3.2931178,-3.7231176,-1.9531177,-1.2531177,-1.8231177,-3.0231178,-2.4531176,-2.4731176,-2.3631177,-1.8631177,-3.2331176,-5.6331177,-6.2531176,-4.5931177,-5.3731174,-4.6131177,-2.9031177,-1.1231177,-0.65311766,-1.4131176,-0.6231177,-0.6231177,-2.1231177,-2.8231177,-0.6131177,-2.0931177,-3.5431178,-5.6331177,-4.0231175,-2.4531176,-4.4231176,-5.2931175,-4.973118,-4.3231177,-4.0631175,-3.5931177,-2.8131177,-1.4231176,0.7668823,2.5268824,3.2568824,3.2568824,2.0368824,0.36688232,1.8268824,1.8368824,1.8368824,1.9768823,2.0368824,1.9868823,2.2368822,2.2568824,2.4068823,2.2868824,2.1068823,2.0868824,2.4768822
-5.223118,-3.6331177,-2.8931177,-2.7931178,-3.6031177,-2.4331176,-2.1931176,-1.9131176,-1.6631176,-2.0231178,-2.8531177,-4.183118,-4.8231177,-4.473118,-3.9431176,-4.4631176,-3.7331176,-2.9231176,-0.7331177,-1.2531177,-1.7331177,-0.9931177,-1.3631177,-3.5731177,-0.72311765,-0.8231177,-1.7431177,-4.683118,-6.8131175,-3.1731176,-3.5631177,-5.6131177,-6.493118,-6.4431176,-6.223118,-4.8831177,-2.4331176,-0.31311768,1.6068823,3.0068824,3.3868823,2.9068823,2.7668824,2.6968822,2.3568823,2.2868824,2.2168822,2.2668824,2.3868823,2.4668822,2.6268823,2.7168822,3.0968823,3.2268822,3.1768823,3.0668824,3.1368823
-4.393118,-4.4831176,-3.3031178,-4.3031178,-3.6931176,-2.3831177,-2.2031176,-1.6631176,-2.2331176,-1.8131176,-2.9431176,-3.9431176,-5.1731176,-4.6131177,-3.7331176,-4.013118,-5.013118,-3.3131177,-4.263118,-3.6331177,-4.6531177,-2.5331178,-2.3631177,-0.17311768,0.10688233,-0.42311767,-1.6431177,-8.023118,-6.913118,-3.6331177,-7.8431177,-9.453117,-10.093118,-9.923118,-7.5031176,-5.0431175,-1.2531177,2.4668822,3.7868824,4.1568823,4.8768826,4.6468825,4.7868824,4.4768825,3.9468822,3.4368823,3.0768824,2.7968824,2.5468824,2.6668823,2.9768822,3.1468823,3.2968824,3.4468822,3.2268822,3.0468824,3.0868824
-2.9931176,-3.6031177,-3.0231178,-3.9731176,-4.3431177,-3.0631177,-1.0331177,-2.8431177,-2.4231176,-3.3331177,-2.7531176,-3.1931176,-4.8731174,-5.223118,-3.6231177,-3.5931177,-4.5231175,-5.473118,-5.993118,-4.1531177,-3.3631177,-1.0731177,0.42688233,0.8268823,0.6468823,0.6368823,-2.0631177,-11.203117,-7.8131175,-9.763118,-12.613117,-12.813118,-10.873117,-5.7331176,-1.7631177,2.0668824,6.4268823,6.066882,7.256882,9.256883,8.256883,7.6768823,7.2668824,6.6668825,6.1168823,5.466882,4.606882,3.7168822,2.9868822,2.6868823,2.4968824,2.6068823,2.7568824,2.5568824,2.2768824,1.9268823,1.8968823
-3.7331176,-2.3931177,-3.3831177,-3.5731177,-5.0031176,-4.933118,-5.0431175,-5.223118,-4.473118,-4.143118,-1.7631177,-2.6331177,-5.033118,-4.783118,-3.7431176,-2.6631176,-3.8131177,-4.533118,-4.913118,-3.9131176,-1.8731177,-0.003117676,0.6768823,-0.25311768,-1.3731177,0.26688233,-6.663118,-11.063118,-8.233118,-9.203117,-14.763118,-10.683118,-0.25311768,2.1568823,3.0868824,2.7868824,3.2868824,2.6368823,12.156882,12.376883,10.736882,8.926883,8.096882,7.526882,6.8868823,6.046882,5.106882,4.0968823,3.1768823,2.5668824,2.1868823,2.0568824,1.9068823,1.8368824,1.7968823,1.6668823,1.6868824
-2.3831177,-2.0631177,-3.5731177,-5.143118,-6.203118,-6.3231177,-6.6931176,-6.0631175,-5.663118,-4.8231177,-1.6431177,-2.1831176,-3.7731178,-4.413118,-3.2531176,-1.5431176,-3.3431177,-3.2231176,-3.4231176,-3.3231177,-1.1131177,0.32688233,0.0068823243,-2.0231178,-2.6031177,-2.1631176,-7.2931175,-10.573117,-7.973118,-13.423118,-13.343118,-7.913118,4.2468824,7.736882,7.5768824,3.2068822,-0.07311767,-1.7331177,11.586883,11.746882,9.886883,8.286882,7.466882,6.9068823,6.006882,5.4768825,5.006882,4.0768824,3.2168822,2.4668822,1.7668823,1.2468823,1.0068823,0.8868823,0.7368823,0.5568823,0.77688235
-2.8931177,-3.6431177,-4.3131175,-4.973118,-5.3331175,-6.0931177,-6.7331176,-5.783118,-5.473118,-4.0431175,-1.1131177,-1.7631177,-3.2731178,-4.4831176,-3.1131177,-2.5931177,-2.1831176,-2.4331176,-2.7731178,-1.4231176,-0.8831177,-1.2131177,-4.143118,-4.223118,-2.9231176,-3.6731176,-5.5431175,-9.593118,-4.7531176,-8.813118,-7.4631176,-2.7331176,2.6068823,5.9968824,3.4068823,2.3768823,-0.65311766,-1.5031177,8.856882,10.466883,8.366882,7.216882,6.5368824,6.046882,5.3868823,5.3268824,5.216882,4.296882,3.1768823,2.0668824,1.0168823,0.09688232,-0.5631177,-0.6031177,-0.11311767,0.8168823,1.7468823
-2.2531176,-3.9331176,-5.0731177,-5.0931177,-6.5231175,-4.7131176,-5.743118,-6.6131177,-5.7931175,-2.5231178,-1.4131176,-1.9831177,-2.7031176,-2.5431178,-2.1331177,-1.8931177,-2.2931178,-2.2631178,-1.9031177,-1.7631177,-2.1831176,-3.3931177,-2.6531177,-4.8531175,-6.1731176,-5.393118,-5.013118,-7.8831177,-3.6631176,-0.5431177,-3.5131178,-3.0831177,0.0068823243,3.0868824,2.9568822,-0.14311768,-3.3331177,-0.84311765,5.606882,8.576882,7.1468825,5.526882,4.3668823,4.1668825,4.1668825,4.5168824,4.4468822,3.7768824,2.7268822,1.9268823,1.1068823,0.2568823,-0.21311767,0.2868823,1.3668823,3.0668824,3.8468823
-3.3031178,-4.4231176,-4.783118,-5.3831177,-1.1331177,-2.2331176,-5.8231177,-6.743118,-5.763118,-3.9831176,-2.9731176,-3.0431178,-3.2231176,-2.3131177,-1.6931176,-0.8031177,-1.0931177,-0.7931177,-2.7131176,-2.1431177,-0.9831177,-0.96311766,-3.1731176,-4.6331177,-5.183118,-6.4231176,-6.1231174,-1.9531177,-3.1331177,-2.8831177,-1.4731177,-0.44311768,0.9268823,-0.59311765,-1.8031176,-0.97311765,-4.6131177,-2.3131177,0.43688232,7.1168823,4.9768825,2.9168823,2.9268823,3.0668824,3.5568824,3.8568823,3.7568824,3.5668824,2.9468822,2.1068823,0.9468823,0.27688232,0.72688234,1.5568824,0.7568823,0.076882325,5.0568824
-3.9331176,-4.6331177,-5.0031176,-5.8031178,-1.9531177,-6.0831175,-6.2531176,-7.203118,-6.8331175,-6.5631175,-4.4831176,-2.7931178,-2.4731176,-2.4731176,-1.1731176,-0.35311767,-2.3031178,-7.243118,-6.1031175,-6.453118,-3.4331176,-2.9331176,-4.0631175,-4.1931176,-4.8631177,-5.2331176,-4.8131175,-4.953118,-3.6531177,-2.8831177,-1.3731177,-2.4831176,-2.4731176,-2.4031177,-2.4931176,-3.8831177,-5.013118,-3.7631178,-3.6031177,4.356882,1.6068823,1.7268823,2.4368823,2.9068823,3.4468822,3.7268822,3.5068824,3.1568823,2.0368824,0.52688235,0.16688232,2.8968823,6.466882,8.646882,9.426883,11.786882,13.056882
-3.4831176,-4.413118,-3.9231176,-2.8731177,-0.7431177,-7.5231175,-6.0531178,-7.1731176,-7.1331177,-2.3831177,-0.19311768,-0.09311768,-0.07311767,0.84688234,0.7068823,1.8668823,-2.3931177,-5.0931177,-4.183118,-4.1731176,-3.8931177,-3.4731176,-2.6131177,-2.3831177,-2.6431177,-2.8131177,-2.4231176,-0.9431177,-2.3531177,-3.8631177,-4.2731175,-4.8731174,-5.0831175,-5.2131176,-4.8831177,-5.0631175,-6.243118,-6.683118,-3.9431176,-2.9631176,-5.203118,-2.9731176,-1.3331177,-0.6731177,0.9568823,1.7168823,2.0968823,2.0368824,2.9468822,4.486882,6.9768825,10.836883,12.496882,12.656882,12.446882,11.536882,12.966883
