data/wind/wind-json-20190327.json
{"header": { "discipline":0, "disciplineName":"Meteorological products", "gribEdition":2, "gribLength":74887, "center":7, "centerName":"US National Weather Service - NCEP(WMC)", "subcenter":0, "refTime":"2019-03-27T00:00:00.000Z", "significanceOfRT":1, "significanceOfRTName":"Start of forecast", "productStatus":0, "productStatusName":"Operational products", "productType":1, "productTypeName":"Forecast products", "productDefinitionTemplate":0, "productDefinitionTemplateName":"Analysis/forecast at horizontal level/layer at a point in time", "parameterCategory":2, "parameterCategoryName":"Momentum", "parameterNumber":2, "parameterNumberName":"U-component_of_wind", "parameterUnit":"m.s-1", "genProcessType":2, "genProcessTypeName":"Forecast", "forecastTime":0, "surface1Type":103, "surface1TypeName":"Specified height level above ground", "surface1Value":10.0, "surface2Type":255, "surface2TypeName":"Missing", "surface2Value":0.0, "gridDefinitionTemplate":0, "gridDefinitionTemplateName":"Latitude_Longitude", "numberPoints":65160, "shape":6, "shapeName":"Earth spherical with radius of 6,371,229.0 m", "gridUnits":"degrees", "resolution":48, "winds":"true", "scanMode":0, "nx":360, "ny":181, "basicAngle":0, "lo1":0.0, "la1":90.0, "lo2":359.0, "la2":-90.0, "dx":1.0, "dy":1.0 }, "data":
[rows 75 to 99 of 181, columns 171 to 227 of 360]
-8.310694,-7.9606934,-7.870693,-7.7906933,-7.4406934,-7.6706934,-7.620693,-7.4206934,-6.9206934,-6.950693,-6.7306933,-6.5006933,-6.0706935,-5.700693,-5.3006935,-4.950693,-5.2806935,-5.910693,-6.7106934,-7.5106936,-8.040693,-8.040693,-8.340693,-8.100694,-8.180694,-7.9406934,-8.140694,-7.700693,-7.4706936,-7.4206934,-7.2806935,-7.1106935,-7.430693,-7.1706934,-7.0106936,-6.6906934,-6.160693,-5.7606936,-5.6706934,-6.1106935,-6.5006933,-6.2506933,-6.2306933,-6.2606936,-6.3806934,-6.0206933,-5.870693,-6.7106934,-5.7906933,-6.2406936,-5.430693,-6.4206934,-7.160693,-7.180693,-6.7206936,-6.120693,-5.5606933
-8.130693,-7.9406934,-8.140694,-8.430694,-8.220694,-8.180694,-8.020694,-7.5006933,-7.0906935,-7.0606933,-7.3106933,-7.0406933,-6.5406933,-6.2206936,-5.8106933,-6.0106936,-6.1106935,-6.3606935,-6.870693,-7.2206936,-7.4606934,-7.3806934,-8.250693,-8.470694,-8.540693,-7.9006934,-8.190693,-8.020694,-8.160693,-8.200693,-8.140694,-7.5706935,-6.8406935,-7.0306935,-7.3206935,-7.1906934,-6.6506934,-6.3206935,-6.2606936,-6.2406936,-6.890693,-6.5906935,-6.180693,-6.2106934,-6.1506934,-6.160693,-6.2506933,-6.910693,-6.9006934,-6.7506933,-6.640693,-7.4906936,-8.070693,-7.5706935,-7.5406933,-6.4906936,-6.1106935
-8.220694,-7.8606935,-7.4606934,-7.7906933,-8.520694,-8.580693,-8.260694,-7.8806934,-7.4606934,-7.0706935,-6.890693,-7.1906934,-6.9806933,-6.4606934,-6.2806935,-6.140693,-6.5906935,-6.2206936,-6.4906936,-6.910693,-6.8606935,-6.9406934,-7.680693,-8.140694,-8.290693,-7.620693,-7.950693,-8.220694,-8.700693,-8.660693,-8.170693,-7.8006935,-7.2206936,-7.0306935,-7.100693,-6.9606934,-6.660693,-6.3806934,-6.140693,-6.7106934,-6.410693,-6.600693,-6.2806935,-5.950693,-6.0906935,-7.2506933,-6.600693,-6.620693,-6.3806934,-7.600693,-7.370693,-8.080693,-8.680694,-7.9906936,-8.080693,-6.9406934,-6.7306933
-8.540693,-8.270694,-7.9706936,-7.9906936,-8.490693,-8.670693,-8.510694,-8.220694,-7.680693,-7.5106936,-7.2706933,-7.410693,-7.1706934,-7.0006933,-6.6506934,-6.8106933,-6.4406934,-6.620693,-7.2106934,-7.1706934,-7.660693,-7.6106935,-7.5006933,-8.3006935,-8.270694,-7.7606936,-7.850693,-7.7806935,-7.3006935,-7.6106935,-7.9806933,-7.6306934,-7.200693,-6.7706933,-6.6706934,-6.8606935,-7.100693,-6.5506935,-6.2106934,-6.700693,-6.5506935,-6.5206933,-6.0506935,-5.640693,-4.5806932,-7.6706934,-6.620693,-6.0606933,-6.9806933,-7.8406935,-8.110693,-8.470694,-8.950693,-8.890694,-8.060694,-7.6106935,-7.2606936
-8.650693,-8.430694,-8.250693,-8.040693,-8.190693,-8.560694,-8.290693,-7.8206935,-7.7406936,-7.100693,-7.3306932,-7.7906933,-7.700693,-7.5306935,-6.950693,-6.7306933,-6.950693,-7.5106936,-7.7506933,-7.8106933,-7.660693,-7.6706934,-7.7506933,-8.270694,-8.180694,-7.9206934,-7.7406936,-7.370693,-7.1906934,-7.5306935,-7.8306932,-7.5906935,-7.1906934,-6.9706936,-6.7106934,-6.4706936,-6.6106935,-6.4606934,-6.0506935,-6.2406936,-6.370693,-6.390693,-6.600693,-5.910693,-6.3006935,-4.660693,-5.8806934,-6.5506935,-7.930693,-7.870693,-8.400693,-9.0506935,-9.210693,-9.310694,-8.310694,-7.8606935,-7.2806935
-8.750693,-8.620693,-8.610693,-8.630693,-8.310694,-8.0506935,-7.9906936,-7.5706935,-7.5906935,-6.9906936,-7.370693,-7.5506935,-7.640693,-7.3306932,-7.1306934,-7.620693,-7.7806935,-8.020694,-8.340693,-8.180694,-8.0506935,-7.5206933,-7.600693,-7.7306933,-7.7106934,-7.450693,-7.1506934,-7.2506933,-6.7706933,-7.3106933,-7.4206934,-7.390693,-7.0206933,-6.7406936,-6.4906936,-6.370693,-6.1306934,-6.100693,-6.4206934,-6.2906933,-6.5406933,-6.680693,-6.620693,-6.1506934,-5.6906934,-5.5106936,-5.370693,-5.9606934,-7.850693,-8.130693,-8.100694,-9.230694,-10.140694,-8.960693,-8.210693,-7.8206935,-7.350693
-8.660693,-8.740693,-8.570693,-8.220694,-8.020694,-7.7606936,-7.4206934,-7.200693,-7.1106935,-7.0706935,-6.910693,-6.870693,-7.3406935,-7.4706936,-7.6306934,-7.910693,-8.150693,-8.740693,-8.740693,-8.750693,-8.390694,-7.8306932,-7.5006933,-7.4006934,-7.1706934,-7.0006933,-7.0206933,-6.9206934,-6.9706936,-7.2406936,-7.0906935,-6.9406934,-6.8806934,-6.700693,-6.3106933,-6.0606933,-6.2306933,-6.1706934,-6.370693,-6.1106935,-6.0906935,-6.7506933,-6.660693,-5.9006934,-4.8006935,-5.3106933,-4.7706933,-5.9606934,-6.910693,-7.7306933,-8.290693,-9.470694,-11.020694,-8.910693,-7.680693,-7.6506934,-7.6706934
-8.430694,-8.5506935,-8.380693,-8.030693,-7.9206934,-7.700693,-7.2306933,-6.930693,-6.910693,-6.6506934,-6.5706935,-6.4406934,-6.930693,-7.700693,-7.7806935,-8.090693,-8.600694,-9.500693,-9.490693,-9.090693,-8.620693,-8.150693,-7.8106933,-6.9906936,-6.6106935,-6.4206934,-6.8106933,-6.7206936,-6.7906933,-7.120693,-6.9906936,-6.8406935,-6.5206933,-6.410693,-6.4006934,-5.8406935,-6.0106936,-6.0606933,-6.140693,-6.2406936,-7.2306933,-6.4706936,-5.640693,-5.0506935,-5.1706934,-4.950693,-4.410693,-6.2706933,-6.430693,-7.2206936,-7.8306932,-9.140694,-11.230694,-8.910693,-7.640693,-7.350693,-7.6706934
-8.540693,-8.500693,-8.760694,-8.240693,-7.8206935,-7.5506935,-7.140693,-6.8406935,-6.5106936,-6.3606935,-6.160693,-5.9606934,-6.5806932,-6.950693,-6.9406934,-7.2806935,-7.8806934,-9.010694,-9.610693,-9.280693,-9.030693,-8.090693,-7.2906933,-6.6706934,-6.4706936,-6.2806935,-6.2806935,-6.3206935,-6.410693,-6.890693,-7.0106936,-6.8406935,-6.680693,-6.350693,-6.0206933,-5.4006934,-6.100693,-5.390693,-7.410693,-7.430693,-6.7106934,-5.5006933,-5.180693,-4.8806934,-5.0406933,-5.2606936,-4.4206934,-6.3406935,-6.640693,-7.2506933,-8.120693,-9.280693,-9.980694,-8.560694,-7.8406935,-7.2806935,-7.6706934
-8.700693,-8.5506935,-8.920693,-8.340693,-7.6506934,-7.3806934,-6.9406934,-6.5206933,-6.2406936,-6.0406933,-5.390693,-5.9706936,-5.9406934,-5.950693,-6.120693,-6.1106935,-6.890693,-7.9606934,-8.450693,-9.260694,-8.370693,-7.5606933,-7.1106935,-6.3006935,-6.0806932,-5.8606935,-6.0706935,-5.5606933,-5.870693,-5.200693,-6.7106934,-6.0306935,-6.2606936,-6.9606934,-5.9206934,-4.5806932,-5.7606936,-7.160693,-7.120693,-5.5006933,-5.3806934,-5.3006935,-4.9806933,-4.660693,-4.890693,-4.9606934,-4.4606934,-5.4206934,-6.0506935,-7.3306932,-8.650693,-9.030693,-9.180694,-8.220694,-7.2306933,-7.1906934,-7.6306934
-8.250693,-8.650693,-8.490693,-8.470694,-7.7706933,-7.4406934,-6.7906933,-6.2206936,-5.910693,-5.4406934,-4.930693,-5.5506935,-5.9806933,-6.3006935,-6.0006933,-6.1106935,-6.3606935,-7.120693,-7.5706935,-7.5506935,-8.700693,-6.9206934,-6.0506935,-5.620693,-5.4606934,-5.7706933,-5.4606934,-5.4206934,-5.8606935,-4.1706934,-4.1506934,-4.2506933,-4.5806932,-5.0406933,-4.7106934,-3.8706934,-4.2306933,-5.1506934,-5.2706933,-5.1306934,-5.140693,-5.120693,-5.0306935,-4.4006934,-4.5206933,-4.3806934,-4.180693,-5.2106934,-5.620693,-6.620693,-7.6106935,-8.220694,-8.540693,-7.6506934,-6.850693,-7.2506933,-7.1506934
-8.150693,-8.070693,-7.9806933,-8.420693,-7.5706935,-7.4606934,-6.8406935,-6.2406936,-5.7406936,-5.2106934,-4.5806932,-5.2906933,-5.3006935,-5.8606935,-6.5306935,-5.7706933,-6.7206936,-7.4006934,-7.0406933,-7.1706934,-7.620693,-6.4206934,-5.930693,-5.1906934,-5.0806932,-5.4406934,-5.5106936,-5.430693,-4.7706933,-4.3006935,-3.8606935,-3.8906934,-3.7806933,-4.0906935,-4.0706935,-3.5806932,-3.5106933,-3.9706933,-3.7006934,-4.450693,-3.9706933,-4.4406934,-4.5706935,-4.390693,-4.0006933,-4.1706934,-4.2506933,-4.6506934,-4.9406934,-5.640693,-6.3106933,-6.9606934,-6.9906936,-6.9706936,-6.4706936,-7.120693,-6.4806933
-8.090693,-7.640693,-7.2606936,-7.7906933,-7.1106935,-6.600693,-6.8206935,-6.4006934,-5.4706936,-5.0606933,-5.1306934,-5.1706934,-5.1906934,-4.7806935,-5.5606933,-5.5306935,-6.5906935,-6.7706933,-6.950693,-6.700693,-6.620693,-6.3806934,-4.6506934,-4.8006935,-4.660693,-4.390693,-4.3206935,-4.1906934,-3.8306932,-3.4706933,-3.9506934,-4.0606933,-3.9306934,-3.7506933,-3.8406935,-3.7506933,-4.2106934,-3.6306934,-3.1706934,-3.6806934,-3.7106934,-3.8106933,-3.8506935,-4.2206936,-3.6806934,-3.6106935,-3.5206933,-3.9606934,-4.410693,-4.430693,-5.2206936,-5.350693,-5.660693,-5.7806935,-6.0406933,-5.8206935,-5.620693
-7.3306932,-6.9906936,-5.8806934,-7.8406935,-6.2806935,-6.3406935,-6.5806932,-6.140693,-5.7106934,-5.350693,-4.9406934,-4.6306934,-4.890693,-5.9006934,-5.0906935,-5.5006933,-5.620693,-5.370693,-5.2706933,-5.0306935,-5.7206936,-5.8006935,-4.910693,-4.1106935,-3.8806934,-4.0406933,-4.100693,-4.3806934,-4.4006934,-4.4806933,-4.5206933,-3.6106935,-3.4506934,-3.9206934,-4.0206933,-4.4406934,-4.4906936,-4.1706934,-3.8906934,-3.8606935,-3.7406933,-3.2906933,-3.3806934,-3.2906933,-3.0406933,-3.0006933,-3.1506934,-3.2706933,-3.4606934,-3.5906935,-4.2106934,-4.870693,-5.1706934,-5.0006933,-5.160693,-4.9806933,-4.5506935
-5.7406936,-7.5006933,-6.870693,-5.7206936,-6.5806932,-6.5406933,-5.9206934,-5.6106935,-5.600693,-5.450693,-5.1306934,-4.930693,-5.1106935,-6.2106934,-4.8406935,-4.9406934,-5.2406936,-4.8006935,-4.6306934,-4.1906934,-4.7406936,-5.1706934,-5.4406934,-4.5406933,-4.4906936,-4.3006935,-3.9706933,-4.0206933,-3.9006934,-4.120693,-4.370693,-4.1506934,-3.9306934,-4.0606933,-4.0006933,-4.1706934,-4.2606936,-4.1506934,-3.8006933,-3.6006935,-3.4806933,-3.2206933,-3.2006934,-3.3506935,-2.6406934,-2.2206933,-2.3206933,-2.0406933,-1.8406934,-2.9806933,-3.4606934,-3.7206933,-4.4006934,-4.5906935,-4.7206936,-4.640693,-4.3106933
-5.7706933,-6.7106934,-6.0206933,-5.0206933,-6.100693,-5.7206936,-5.2306933,-5.0806932,-4.950693,-5.4006934,-5.1106935,-5.2106934,-5.0706935,-5.0606933,-4.370693,-4.4406934,-4.410693,-4.3406935,-4.3306932,-3.6706934,-2.2306933,-3.8106933,-4.870693,-4.850693,-4.4806933,-4.450693,-4.160693,-3.9706933,-4.0206933,-4.2306933,-4.5006933,-4.4806933,-4.3606935,-4.4006934,-4.4006934,-4.5606933,-4.5206933,-4.450693,-4.390693,-4.4006934,-4.2306933,-4.2806935,-3.9906933,-3.4406934,-2.5206933,-1.9006934,-1.8306934,-2.2606933,-1.4106934,-2.1906934,-2.8506935,-3.0006933,-3.7206933,-4.2106934,-4.620693,-4.4406934,-4.6706934
-3.7406933,-4.7106934,-4.3806934,-3.7406933,-4.6506934,-5.370693,-5.1506934,-4.410693,-4.0506935,-4.0806932,-4.600693,-4.350693,-4.200693,-4.5006933,-4.350693,-4.2206936,-4.3006935,-4.3006935,-4.3106933,-3.6006935,-3.1906934,-3.9906933,-4.700693,-4.5106936,-4.1506934,-4.5406933,-4.370693,-4.2506933,-4.2206936,-4.3306932,-4.600693,-4.620693,-4.6506934,-4.600693,-4.5306935,-4.6506934,-4.4006934,-4.200693,-4.100693,-4.0406933,-3.9806933,-4.0506935,-3.7306933,-3.3806934,-2.7506933,-2.3806934,-1.9706933,-1.5306934,-1.4106934,-2.2506933,-3.4706933,-3.8406935,-4.3106933,-4.370693,-4.7106934,-5.0906935,-5.370693
-0.010693359,-1.3406934,-1.6106933,-2.5706933,-3.4206934,-4.0506935,-3.8806934,-3.8806934,-3.3506935,-4.0406933,-4.5606933,-4.2806935,-4.2506933,-4.100693,-4.0606933,-3.8606935,-3.8406935,-3.9306934,-4.410693,-4.390693,-4.640693,-4.6306934,-4.430693,-4.3806934,-4.0406933,-4.6106935,-4.5706935,-4.6306934,-4.680693,-4.8106933,-4.870693,-4.9206934,-4.9706936,-4.7606936,-4.5806932,-4.4806933,-4.2806935,-4.2206936,-4.160693,-4.0006933,-4.1506934,-4.0506935,-3.5106933,-3.2706933,-2.7406933,-2.6406934,-2.8406935,-3.1706934,-3.2406933,-2.9206934,-2.9106934,-3.0106933,-3.8406935,-5.0006933,-4.9006934,-5.3106933,-5.2206936
6.3293066,0.26930663,-0.45069337,-0.39069337,-1.6106933,-2.0406933,-2.0206933,-2.9406934,-3.1606934,-3.3606935,-3.9606934,-4.0506935,-3.8406935,-3.7506933,-3.8006933,-3.3306932,-3.7206933,-4.2106934,-4.4806933,-5.2706933,-5.410693,-4.7706933,-4.6706934,-4.7406936,-5.0206933,-5.1506934,-4.8106933,-4.6306934,-4.3806934,-4.5506935,-4.9406934,-5.100693,-5.0906935,-4.7906933,-4.5506935,-4.660693,-4.6506934,-4.700693,-4.430693,-4.2806935,-4.2906933,-4.5806932,-4.2506933,-3.8806934,-3.6906934,-3.5706933,-3.3806934,-3.1706934,-3.6006935,-3.4806933,-3.7406933,-3.6506934,-3.9306934,-6.0006933,-5.6906934,-6.2506933,-5.5206933
8.069306,2.1893067,0.72930664,1.4093066,-0.20069335,-0.95069337,-1.0806934,-1.7206933,-2.6006935,-2.7806933,-2.9506934,-3.4606934,-3.6006935,-3.5806932,-3.3106933,-3.1206934,-3.8206933,-4.7106934,-4.7506933,-5.410693,-5.350693,-5.0406933,-4.8606935,-4.890693,-5.1106935,-5.0206933,-4.8206935,-4.6906934,-4.5606933,-4.7606936,-4.930693,-5.200693,-5.2406936,-4.7906933,-4.3606935,-4.7806935,-4.8306932,-5.0206933,-4.890693,-5.0406933,-5.180693,-5.410693,-5.2906933,-4.8806934,-4.6106935,-4.5906935,-4.2306933,-4.4706936,-4.6106935,-4.1506934,-3.8506935,-5.7506933,-4.700693,-6.9406934,-7.160693,-6.200693,-6.0006933
8.4493065,6.2493067,3.2793067,2.4793067,0.8193066,0.37930664,-0.33069336,-0.66069335,-1.8306934,-2.5006933,-2.3706934,-3.1506934,-3.8706934,-3.7406933,-3.0306933,-3.2106934,-4.2406936,-4.6506934,-4.6506934,-5.2306933,-5.350693,-5.160693,-4.950693,-4.8006935,-4.450693,-4.4206934,-4.7306933,-4.930693,-5.0806932,-4.9606934,-5.0306935,-5.1106935,-5.0006933,-4.870693,-4.9806933,-4.7806935,-4.680693,-4.5906935,-5.5506935,-5.6106935,-5.930693,-6.180693,-5.7406936,-5.450693,-4.8806934,-4.7606936,-4.3806934,-5.180693,-4.910693,-4.7806935,-5.0206933,-5.700693,-6.0306935,-6.7306933,-6.7406936,-6.7606936,-6.600693
8.019306,7.6193066,5.379307,3.2893066,1.8293066,1.0993066,0.70930666,-1.1406933,-1.8006934,-2.3206933,-2.2406933,-2.7806933,-3.7206933,-3.6606934,-3.4006934,-3.8206933,-3.8206933,-5.120693,-4.5006933,-4.9206934,-5.4406934,-5.370693,-5.120693,-4.8306932,-4.2406936,-4.2706933,-4.430693,-4.5706935,-4.5706935,-4.660693,-5.0506935,-5.0906935,-4.8306932,-4.680693,-5.0906935,-5.100693,-5.0206933,-4.8406935,-4.8106933,-5.950693,-5.910693,-5.8006935,-5.6906934,-4.870693,-4.2806935,-4.870693,-5.0206933,-5.2306933,-5.180693,-5.2606936,-5.7306933,-5.9406934,-6.200693,-6.9906936,-7.200693,-7.4206934,-7.3006935
7.799307,8.149306,6.9093065,4.839307,2.5793066,1.4093066,0.42930663,-0.58069336,-1.6006933,-1.8906933,-2.1906934,-2.7506933,-3.4206934,-3.8406935,-3.6406934,-3.7406933,-4.0506935,-4.6706934,-4.5706935,-4.3806934,-4.910693,-5.4406934,-5.2106934,-4.9206934,-4.660693,-4.600693,-3.9906933,-4.3006935,-3.8006933,-3.6506934,-4.1106935,-4.0206933,-3.8806934,-3.9206934,-4.8306932,-5.430693,-5.2306933,-5.120693,-4.8306932,-5.0406933,-4.8206935,-4.890693,-4.9906936,-5.0206933,-5.5206933,-5.370693,-5.2306933,-5.2106934,-5.100693,-5.3106933,-5.8106933,-5.9806933,-7.0206933,-6.950693,-7.2806935,-7.5106936,-7.5706935
6.549307,6.4493065,7.0593066,6.0993066,2.1993067,1.4493066,0.65930665,-0.35069335,-1.1506934,-1.5606934,-2.9606934,-2.5406933,-3.0906935,-3.4806933,-3.6006935,-4.0006933,-4.2806935,-4.5606933,-4.850693,-4.0806932,-4.1706934,-4.890693,-4.8306932,-4.390693,-4.120693,-4.0706935,-3.8306932,-2.8906934,-3.3906934,-3.5306933,-4.1706934,-4.120693,-4.0606933,-3.6906934,-5.390693,-5.700693,-5.4406934,-4.9606934,-4.660693,-4.5606933,-4.5906935,-4.5706935,-4.620693,-4.890693,-5.0706935,-5.0006933,-5.2306933,-4.8406935,-4.6706934,-4.8606935,-5.6106935,-6.6306934,-7.0006933,-6.9606934,-7.200693,-7.6706934,-7.620693
3.3993065,3.7093067,5.339307,4.649307,2.6293066,1.7293067,0.96930665,-0.45069337,-0.98069334,-1.5706934,-2.4606934,-2.4306934,-2.4706933,-2.9906933,-2.9806933,-3.5406933,-4.2706933,-4.5106936,-4.7406936,-3.7206933,-3.3406935,-3.9906933,-4.450693,-3.8306932,-3.7306933,-3.3606935,-3.1706934,-3.1606934,-3.1006935,-3.4106934,-4.100693,-4.390693,-4.0906935,-4.6106935,-4.9206934,-4.7606936,-5.0906935,-5.200693,-4.2606936,-4.0606933,-3.8906934,-3.6706934,-3.4506934,-3.8606935,-3.9306934,-4.6306934,-4.7906933,-4.5406933,-4.7106934,-4.7706933,-5.5306935,-6.2606936,-6.5706935,-6.640693,-7.160693,-7.450693,-7.390693
