data/wind/wind-json-20190326.json
{"header": { "discipline":0, "disciplineName":"Meteorological products", "gribEdition":2, "gribLength":75430, "center":7, "centerName":"US National Weather Service - NCEP(WMC)", "subcenter":0, "refTime":"2019-03-26T00:00:00.000Z", "significanceOfRT":1, "significanceOfRTName":"Start of forecast", "productStatus":0, "productStatusName":"Operational products", "productType":1, "productTypeName":"Forecast products", "productDefinitionTemplate":0, "productDefinitionTemplateName":"Analysis/forecast at horizontal level/layer at a point in time", "parameterCategory":2, "parameterCategoryName":"Momentum", "parameterNumber":3, "parameterNumberName":"V-component_of_wind", "parameterUnit":"m.s-1", "genProcessType":2, "genProcessTypeName":"Forecast", "forecastTime":0, "surface1Type":103, "surface1TypeName":"Specified height level above ground", "surface1Value":10.0, "surface2Type":255, "surface2TypeName":"Missing", "surface2Value":0.0, "gridDefinitionTemplate":0, "gridDefinitionTemplateName":"Latitude_Longitude", "numberPoints":65160, "shape":6, "shapeName":"Earth spherical with radius of 6,371,229.0 m", "gridUnits":"degrees", "resolution":48, "winds":"true", "scanMode":0, "nx":360, "ny":181, "basicAngle":0, "lo1":0.0, "la1":90.0, "lo2":359.0, "la2":-90.0, "dx":1.0, "dy":1.0 }, "data":
[rows 78 to 103 of 181, columns 174 to 231 of 360]
-3.7391627,-3.8991625,-3.8391626,-3.6491625,-3.3291626,-3.2091627,-3.0291626,-2.7791626,-2.5391626,-2.6991625,-2.9991627,-3.5091627,-3.6891625,-3.6991625,-3.4891627,-3.3991625,-3.1891625,-3.0091627,-2.8591626,-2.3791625,-2.0891626,-1.8391626,-2.0691626,-2.1891625,-2.1991625,-2.0791626,-2.0891626,-2.2391627,-2.3791625,-2.7991626,-3.0491626,-3.2591627,-3.2591627,-3.0791626,-3.0291626,-2.8691626,-2.7691627,-2.9091625,-2.9891627,-3.2191627,-3.1591625,-3.1691625,-3.0691626,-3.5891626,-4.1991625,-4.4091625,-4.3891625,-4.4291625,-4.5491624,-4.5791626,-3.7291627,-2.5891626,-2.9391625,-2.8791625,-3.2791626,-3.8591626,-4.089163,-3.9291625
-4.5491624,-4.339163,-4.0391626,-3.8391626,-3.8491626,-3.7391627,-3.5591626,-3.3091626,-3.3191626,-3.3691626,-3.4991627,-3.7791626,-3.7291627,-3.3691626,-3.1891625,-3.2791626,-3.5091627,-3.5191627,-3.0691626,-2.6091626,-2.4191625,-2.6591625,-2.7891626,-2.8291626,-2.7891626,-2.9891627,-2.9691627,-3.0691626,-3.0591626,-2.8591626,-3.3591626,-3.5991626,-3.4691627,-3.5291626,-3.5091627,-3.5991626,-3.6291625,-3.6191626,-3.6391625,-3.4491625,-3.3091626,-3.0591626,-3.4591627,-3.9491625,-4.2791624,-4.2091627,-4.7191625,-3.9391625,-3.3191626,-3.3291626,-3.2891626,-3.3891625,-3.3091626,-3.7991626,-3.8291626,-3.8991625,-3.7691627,-3.7091627
-4.1591625,-3.5091627,-3.3791625,-3.5991626,-4.129163,-4.0691624,-4.089163,-4.0591626,-3.9391625,-3.9291625,-3.8591626,-3.7391627,-3.7091627,-3.5791626,-3.6191626,-3.5591626,-3.3791625,-3.2991626,-3.5691626,-3.5291626,-3.5791626,-3.4691627,-3.0591626,-3.4291625,-3.7691627,-3.1891625,-3.1791625,-3.2291627,-3.2291627,-3.5091627,-3.8191626,-3.8991625,-3.6791625,-3.3191626,-3.5891626,-3.5791626,-3.7491627,-4.0391626,-3.9391625,-3.3791625,-3.4091625,-3.9091625,-4.0691624,-4.089163,-4.0791626,-4.3291626,-3.6791625,-2.9191625,-2.4691627,-2.6591625,-2.7691627,-3.3291626,-3.6491625,-3.5991626,-3.7491627,-3.5491626,-3.6291625,-3.9891627
-4.589163,-4.1991625,-3.7591627,-4.4091625,-4.7791624,-4.6591625,-4.5591626,-4.609163,-4.7791624,-4.5191627,-4.3291626,-4.2091627,-4.2391624,-3.8691626,-3.5791626,-3.7891626,-4.0791626,-4.3691626,-4.2691627,-3.9591627,-3.5991626,-3.5691626,-3.7691627,-3.5391626,-3.3191626,-3.2491627,-3.3791625,-3.1391625,-3.4291625,-3.8291626,-3.9191625,-3.5291626,-2.7891626,-3.1691625,-4.2691627,-5.399163,-5.4191628,-4.6991625,-4.2991624,-4.339163,-4.0791626,-4.3291626,-4.4591627,-4.4991627,-4.3091626,-3.4691627,-2.5291626,-2.7991626,-3.1191626,-3.5991626,-3.3291626,-3.0791626,-3.1491625,-3.7091627,-3.7991626,-3.7091627,-3.8491626,-4.0191627
-4.4091625,-4.2691627,-4.2491627,-4.4891624,-4.9891624,-5.1791625,-5.1691628,-5.3191624,-5.3091626,-4.9691625,-4.8191624,-4.7191625,-4.379163,-4.3491626,-4.5591626,-4.7991624,-5.129163,-5.0991626,-4.4491625,-3.9391625,-3.9591627,-4.2291627,-4.0291624,-3.6291625,-3.3091626,-3.5891626,-3.2491627,-3.6391625,-3.8391626,-3.7391627,-3.7591627,-3.4791627,-4.109163,-4.6791625,-5.0591626,-5.339163,-5.1891627,-5.2791624,-4.4191628,-3.8491626,-4.0991626,-4.4391627,-4.9391627,-4.7791624,-3.0691626,-2.8591626,-1.9691626,-1.9391626,-2.5591626,-2.6091626,-2.1991625,-2.1591625,-2.7791626,-3.2991626,-2.9591627,-3.1491625,-3.2791626,-3.1491625
-3.8891625,-3.9391625,-4.379163,-4.9691625,-5.109163,-5.3691626,-5.3291626,-5.0591626,-4.8091626,-4.9891624,-4.9891624,-4.7991624,-4.8191624,-5.0391626,-5.0991626,-5.2891626,-5.2691627,-5.0191627,-4.4991627,-4.5691624,-4.0691624,-3.5291626,-3.6391625,-3.8491626,-3.8891625,-3.7391627,-3.7891626,-3.3191626,-3.7091627,-3.8591626,-3.7591627,-3.7691627,-3.9091625,-4.1391625,-4.4591627,-4.9291625,-5.2591624,-4.9391627,-4.6191626,-4.3291626,-4.3091626,-4.3191624,-4.7591624,-3.6191626,-3.1991625,-2.7891626,-3.8491626,-4.5191627,-3.1391625,-2.3991625,-2.1291625,-1.8491626,-2.3191626,-3.0291626,-3.5591626,-3.0391626,-3.1591625,-2.7591627
-4.4691625,-4.7391624,-4.8691626,-5.0991626,-5.4991627,-5.5491624,-5.5691624,-5.4891624,-5.4691625,-5.339163,-5.2191625,-5.2791624,-5.2991624,-5.2391624,-5.2891626,-5.5391626,-6.0591626,-5.1391625,-4.3191624,-3.7991626,-3.6391625,-3.9691627,-3.5791626,-3.9991627,-3.4591627,-3.8391626,-4.0191627,-4.0191627,-3.8791625,-3.7991626,-3.3491626,-2.1191626,-0.85916257,0.2308374,0.2308374,-1.9391626,-2.9191625,-2.7391627,-2.7091627,-3.0791626,-3.5491626,-3.9891627,-3.6791625,-3.6491625,-2.9991627,-2.8391626,-2.6791625,-2.5491626,-2.6891625,-2.5091627,-1.7191626,-1.7291626,-2.0491626,-1.9991626,-1.8791625,-2.5491626,-2.7191627,-2.6191626
-6.4991627,-5.9791627,-5.2891626,-5.6591625,-5.6191626,-5.8091626,-6.1391625,-6.149163,-5.839163,-5.4591627,-5.339163,-5.1591625,-5.1591625,-5.2491627,-5.8691626,-6.359163,-5.7291627,-3.3491626,-2.5991626,-2.4491625,-2.8391626,-3.5691626,-2.9391625,-2.8091626,-3.4591627,-3.8891625,-4.3491626,-5.5991626,-4.879163,-3.4091625,-1.8491626,-1.1691626,-1.4191626,-2.3291626,-3.7891626,-2.7991626,-2.6991625,-3.4891627,-4.6191626,-5.5091624,-5.649163,-5.0191627,-4.7691627,-3.5491626,-3.2391627,-3.3091626,-2.9391625,-2.2191627,-2.7691627,-2.1291625,-2.0291626,-1.3891625,-1.5391626,-1.5791626,-1.4091626,-1.3191626,-1.3291626,-2.5391626
-3.4291625,-3.3091626,-4.6191626,-5.589163,-6.149163,-5.3891625,-5.0391626,-5.089163,-4.6191626,-4.7791624,-5.2791624,-5.0491624,-5.2191625,-5.7291627,-6.2791624,-6.5291624,-5.379163,-4.5291624,-2.0291626,-1.2291626,-0.7491626,-1.2191626,-2.4891627,-4.109163,-3.7891626,-4.2591624,-5.4991627,-5.379163,-5.089163,-4.5691624,-4.1391625,-3.7191627,-3.0191627,-1.9591626,-1.1491627,-1.5691626,-2.1691625,-2.6091626,-2.6391625,-2.8391626,-2.6991625,-3.3991625,-3.2291627,-2.5391626,-2.4291625,-2.9591627,-3.1991625,-2.6391625,-2.0091627,-1.2691627,-0.7891626,-0.5391626,-0.3191626,-0.2991626,-0.7091626,-0.8891626,-1.4491626,-0.8291626
-1.5691626,-2.3691626,-4.379163,-4.8491626,-4.4691625,-4.4691625,-4.4691625,-4.2891626,-3.4991627,-4.1391625,-4.649163,-5.7991624,-5.8891625,-5.1691628,-4.0491624,-2.7491627,-0.4591626,-0.49916258,-0.3691626,-0.5491626,-0.3291626,-0.9091626,-1.4291626,-1.6691626,-2.1491625,-2.0791626,-1.9791626,-2.0091627,-1.9791626,-1.6891626,-1.0591626,-0.9691626,-0.3591626,-0.46916258,-0.5191626,-0.4391626,-1.2191626,-1.2691627,-1.3591626,-1.7391626,-0.8691626,-1.2991626,-1.6091626,-1.3491626,-0.8691626,-0.1691626,-0.2491626,-0.1891626,-0.2991626,-0.2191626,0.1008374,-0.059162598,-0.3391626,-0.3091626,-0.1891626,-0.2291626,-0.7891626,-1.2191626
-0.5691626,-1.7391626,-2.3491626,-4.2091627,-4.6691628,-3.7791626,-3.1391625,-2.9191625,-3.0891626,-3.4091625,-4.6791625,-5.2991624,-4.7891626,-1.7891626,-1.0091625,0.060837403,0.1008374,0.3608374,-0.1991626,-0.0691626,-0.2391626,-0.60916257,-0.8091626,-0.3591626,-0.5391626,-0.6391626,-1.0191627,-1.1491627,-0.9391626,-0.5791626,-0.5491626,-0.14916259,0.040837403,0.030837402,-0.0791626,-0.1591626,-0.4591626,-0.46916258,-0.8091626,-0.9291626,-0.46916258,-0.5591626,-0.6891626,-0.8891626,-0.7591626,-0.4791626,-0.5991626,-0.1591626,0.4708374,0.0708374,0.4708374,0.1908374,-0.1591626,-0.1291626,-0.3991626,-0.3691626,0.2408374,0.1708374
0.1308374,0.2308374,0.0508374,-1.9491626,-3.0791626,-2.9391625,-1.4491626,-0.5191626,-0.9891626,-1.7591625,-2.1591625,-2.9391625,-3.4391625,-5.3291626,-3.8591626,1.2708374,1.3008374,0.6908374,0.1408374,-0.1091626,-0.6991626,-0.6491626,0.1008374,0.5808374,0.6808374,-0.1191626,-0.1391626,-0.4191626,-0.5791626,-0.2391626,0.1708374,0.6708374,0.7708374,0.4708374,0.21083741,0.21083741,-0.2591626,-0.5791626,-0.7491626,-0.6291626,-0.4891626,-0.6191626,-0.6691626,-0.6891626,-1.0591626,-0.7291626,-0.5791626,-0.5491626,0.1908374,0.5308374,0.120837405,0.090837404,0.2008374,0.2908374,0.4608374,0.3508374,-0.0391626,-0.6391626
-0.3291626,8.3740236E-4,-0.60916257,0.1108374,-0.4791626,-1.2391626,-1.4091626,-0.9591626,-1.0691626,-1.6291625,-2.0791626,-1.6291625,-1.4491626,-1.7991626,-0.9891626,0.5308374,1.0008374,0.9608374,0.89083743,0.3908374,-0.089162596,-0.049162596,0.120837405,0.5308374,0.8808374,0.4108374,0.0708374,-0.2291626,0.020837402,0.7308374,0.9408374,0.9108374,1.1608374,0.8608374,0.6008374,0.3008374,0.1408374,-1.0291626,-0.8491626,-0.6791626,-0.4491626,-0.4191626,-0.5191626,-0.9191626,-0.8691626,-0.6591626,-0.049162596,0.28083742,0.010837402,0.0808374,0.2608374,0.3508374,0.6308374,1.2008374,1.1308374,1.0108374,0.8708374,0.6808374
-1.0891626,-0.5191626,0.2608374,0.4508374,0.4708374,-0.2891626,-0.3291626,-0.6291626,-0.3391626,-0.3091626,-0.5991626,-1.4391626,-1.2791626,-0.8991626,-0.3191626,0.1408374,0.6308374,1.1808374,1.0208374,0.9708374,1.4908375,1.8908374,1.7308373,1.5608374,1.0708374,1.0008374,0.5008374,0.3808374,0.7208374,1.0708374,1.1408374,1.2408375,1.4308374,1.9308374,1.5408374,1.3808374,1.3108374,1.4508374,0.2408374,-0.1291626,0.18083741,0.1008374,-0.0791626,-0.0391626,0.28083742,0.2908374,0.6608374,0.6708374,1.4308374,1.5108374,1.3408374,1.2008374,0.9008374,0.5108374,0.9108374,1.3708375,1.0408374,0.6208374
-0.2591626,-1.0891626,-0.2891626,0.4908374,0.9608374,0.3008374,-0.3791626,-0.3591626,-0.49916258,-0.2891626,-0.1391626,-0.6391626,-0.1591626,0.2908374,0.8108374,1.0108374,0.9908374,0.25083742,0.5408374,1.7108374,1.7008374,2.0908375,1.9508374,1.7508374,1.4208374,1.0908374,0.9208374,0.4008374,0.6908374,0.5808374,0.5008374,0.6008374,1.0008374,1.4108374,1.7608374,1.8508373,2.0008373,2.3508375,2.1408374,1.5208374,1.3108374,1.3508373,1.7908374,1.4708374,1.0508374,0.3808374,0.3608374,0.89083743,0.8808374,1.0108374,1.1208375,1.3508373,1.4008374,1.3008374,1.3108374,1.1308374,0.9108374,1.0808374
1.3208374,0.21083741,-0.3491626,-0.1291626,0.3108374,-0.2091626,-0.5391626,-0.5791626,-0.2191626,0.4408374,0.8208374,1.8808374,1.7308373,2.1408374,2.3708375,1.9408374,1.0508374,1.4408374,1.6308374,1.5008374,1.9208374,2.2208374,1.7808374,1.0408374,1.0608374,0.9008374,0.9408374,1.3908374,0.7508374,0.5208374,0.6308374,1.0608374,1.5508374,1.2508374,1.6408374,2.1608374,2.4208374,2.4508374,2.6008375,2.7808373,2.3708375,2.0908375,2.0808375,2.1808374,1.3708375,0.7808374,0.6808374,0.6708374,0.5808374,1.1508374,0.9308374,1.3908374,1.4508374,1.3608375,1.1908374,1.1508374,1.2908374,1.2208374
0.2908374,0.5008374,0.2308374,0.28083742,0.6108374,0.3608374,-0.5391626,-0.5591626,-0.4191626,-0.0391626,1.3608375,1.7108374,1.7408375,1.9508374,2.2408373,2.3008375,1.7508374,1.8208374,1.6208375,2.3908374,2.4408374,1.8508373,1.5708374,1.5108374,1.1308374,0.9708374,0.7308374,0.120837405,0.1108374,0.4408374,0.6608374,1.1408374,1.3008374,1.5708374,2.0608375,2.0208373,1.7608374,2.0608375,2.5608375,2.8408375,3.3108375,3.2408373,2.9908373,2.5808375,2.5408373,2.2508373,2.1008375,2.0908375,2.3408375,2.8808374,2.4308374,2.2208374,1.9308374,1.3608375,1.1308374,1.3708375,1.4508374,1.6208375
-0.5091626,-0.6691626,-0.029162597,0.2008374,-0.17916259,-0.1691626,-0.4891626,-0.7591626,-0.6891626,-0.0991626,0.5808374,2.1408374,2.5908375,2.1608374,2.2908373,2.1708374,1.8308374,1.5508374,1.3008374,0.9608374,1.1208375,1.3108374,0.7008374,1.1208375,1.2708374,0.8408374,0.2208374,0.1008374,-0.14916259,0.4208374,1.1108375,1.2308373,1.4308374,1.4908375,1.5008374,1.7408375,2.2508373,2.5808375,2.5308373,2.2608373,2.7208374,2.7308373,2.7108374,2.7308373,3.0808375,3.0608375,2.1808374,1.7408375,2.3608375,2.5808375,2.9108374,2.1308374,1.8808374,2.0908375,1.8708375,1.6608374,1.8008374,1.8208374
-1.4291626,-1.5691626,-1.1291625,-0.8991626,-1.6691626,-1.3591626,-0.4291626,-0.8291626,-1.0991626,-0.7991626,-0.019162597,0.7208374,1.4308374,2.2508373,2.6308374,1.5208374,0.6508374,1.1808374,1.3108374,0.64083743,0.5108374,1.6408374,1.8808374,1.4708374,1.4408374,1.0008374,0.4708374,0.1508374,0.3008374,8.3740236E-4,0.1608374,0.3408374,0.5408374,0.8508374,1.1008373,1.4008374,1.5608374,1.6608374,2.1108375,2.8608375,3.2508373,3.1008375,2.8708375,2.4508374,2.3108375,2.2008374,2.3708375,2.1108375,2.3308375,2.2008374,2.3708375,2.5608375,2.0908375,2.1008375,2.2008374,2.3308375,2.3308375,2.6808374
-1.5791626,-2.2091627,-2.0191627,-1.4491626,-2.0991626,-1.9491626,-1.0991626,-1.1591626,-1.3691626,-0.9891626,-0.2891626,0.040837403,1.0708374,2.3408375,2.3108375,0.8508374,1.4408374,1.0008374,1.6208375,2.3208375,1.9008374,1.4508374,1.4008374,1.4308374,0.9808374,1.0308374,0.4708374,0.1908374,-0.0691626,-0.2091626,-0.0391626,0.3508374,0.6508374,0.4608374,-0.1891626,0.5708374,0.9108374,1.1908374,1.5008374,1.9508374,2.0108373,2.4708374,2.3908374,2.2408373,2.0308373,1.8208374,1.2008374,2.0108373,2.5708375,2.7708373,3.2408373,3.5708375,2.9608374,2.2208374,2.2308373,3.2208374,3.7208374,3.8008375
-1.9291626,-2.5491626,-2.4091625,-2.1091626,-2.2591627,-2.2191627,-1.7391626,-1.2291626,-1.3791625,-0.6791626,-0.2391626,-0.5091626,0.9108374,1.2208374,1.8108374,1.4608374,1.3108374,1.2708374,1.1008373,1.2008374,0.9908374,0.7108374,0.5908374,0.4608374,0.4108374,0.2008374,0.4808374,0.2208374,0.2908374,-0.5891626,0.030837402,1.3508373,-0.0791626,-0.0691626,0.4708374,0.9908374,0.9808374,0.89083743,1.3408374,1.5208374,1.5108374,1.4608374,2.0408373,1.6108375,1.0308374,1.4108374,1.9108374,2.3108375,2.6108375,2.7308373,2.7808373,2.9008374,3.0008373,2.9208374,3.0808375,2.9208374,3.0208373,2.9908373
-1.9391626,-3.0191627,-2.8291626,-2.2791626,-2.3091626,-2.4891627,-2.0591626,-1.9091626,-1.5591626,-1.3791625,-0.8991626,-0.2491626,0.4608374,0.9008374,0.89083743,1.4708374,1.2908374,1.1908374,0.8508374,8.3740236E-4,-0.029162597,-0.049162596,-0.2591626,0.120837405,-0.5691626,-0.5391626,-0.3691626,0.4508374,0.5408374,0.1408374,-0.2791626,0.64083743,1.5108374,-0.009162597,0.9608374,1.1508374,1.5908374,1.0608374,1.1708374,1.3008374,1.1208375,0.9308374,0.9408374,1.5408374,1.6408374,1.2408375,1.4808373,2.0708375,2.0108373,2.0008373,2.1008375,2.1708374,2.1808374,2.1308374,1.9708374,1.9108374,2.0608375,2.0908375
-1.8691626,-3.4391625,-3.6391625,-2.6591625,-2.4091625,-2.3291626,-2.2991626,-2.2391627,-2.4391625,-2.3691626,-1.6091626,-1.4391626,-0.1391626,0.3808374,0.4308374,0.6708374,0.8308374,0.6908374,0.3508374,-0.5191626,-0.9591626,-0.4391626,0.6708374,0.6608374,0.18083741,-1.4391626,-1.8191626,-1.1591626,-0.0791626,0.21083741,-0.6991626,-0.4791626,-0.009162597,0.7408374,0.9508374,0.8008374,1.0608374,1.1908374,1.0508374,1.0708374,0.5408374,0.6308374,0.64083743,0.7708374,0.89083743,1.1708374,1.3508373,1.1108375,0.7108374,0.4808374,0.5808374,0.89083743,1.1908374,1.3008374,1.2708374,1.3808374,1.4308374,1.9708374
-2.3291626,-3.5891626,-4.2691627,-2.7391627,-2.6191626,-2.2691627,-2.4891627,-2.2991626,-2.2491627,-2.8991625,-2.4791627,-1.4191626,-0.8891626,0.5708374,0.9708374,0.64083743,0.5308374,0.5308374,-0.5791626,-1.1391625,-1.4291626,-0.5191626,0.9608374,0.8008374,-0.089162596,-0.7591626,-1.9091626,-1.8891625,-1.3491626,-0.6891626,0.6308374,-0.49916258,-1.0291626,-0.4891626,0.2708374,0.1108374,-0.0991626,0.18083741,0.4408374,0.2408374,0.2908374,0.5208374,0.2608374,0.040837403,0.2208374,0.3808374,0.1408374,-0.5891626,-0.7491626,-1.0591626,-0.9291626,-0.5891626,-0.2091626,0.21083741,0.2408374,0.3908374,0.5808374,0.7708374
-2.2091627,-2.4891627,-3.0691626,-1.9991626,-1.7891626,-2.1091626,-2.5391626,-1.7691627,-3.7591627,-2.7191627,-2.4991627,-1.1591626,-0.4191626,0.3308374,1.0308374,0.9108374,0.8808374,0.2708374,-0.6391626,-1.3591626,-1.9391626,-1.2791626,-0.2391626,0.4008374,0.1008374,0.030837402,-1.1691626,-1.6891626,-1.3791625,-1.3191626,-0.9691626,0.5908374,1.0008374,-0.1891626,-0.5591626,-1.3591626,-0.6491626,-0.4291626,-0.6391626,0.0508374,0.3108374,-0.2791626,-0.1591626,-0.3591626,-0.60916257,-0.9291626,-0.4791626,-0.3391626,-0.6891626,-0.7191626,-1.2491626,-1.3391626,-1.1091626,-1.0791626,-0.6791626,-0.4191626,0.010837402,0.3308374
-1.7391626,0.5608374,1.6408374,-0.5391626,-2.4991627,-1.6391625,-2.1391625,-2.0591626,-4.2191625,-4.1591625,-2.8891625,-1.7691627,-0.8491626,0.2208374,1.9308374,2.3008375,1.9908375,0.2408374,-1.2091626,-2.3191626,-3.0091627,-2.3891625,-1.3191626,-1.5491626,-1.1191626,-0.7491626,-1.0891626,-0.6891626,-2.1291625,-2.4091625,-1.4591626,-0.9491626,-0.4291626,-0.059162598,-0.7091626,-0.8191626,-0.9191626,-1.0191627,-0.8291626,0.5308374,1.0808374,0.1508374,-0.4891626,-0.49916258,0.020837402,0.21083741,-0.059162598,-0.6291626,-0.7791626,-1.7891626,-1.3691626,-1.6691626,-1.8991627,-1.9091626,-1.3591626,-0.4891626,0.030837402,0.4308374
