data/wind/wind-json-20190330.json
{"header": { "discipline":0, "disciplineName":"Meteorological products", "gribEdition":2, "gribLength":74393, "center":7, "centerName":"US National Weather Service - NCEP(WMC)", "subcenter":0, "refTime":"2019-03-30T00:00:00.000Z", "significanceOfRT":1, "significanceOfRTName":"Start of forecast", "productStatus":0, "productStatusName":"Operational products", "productType":1, "productTypeName":"Forecast products", "productDefinitionTemplate":0, "productDefinitionTemplateName":"Analysis/forecast at horizontal level/layer at a point in time", "parameterCategory":2, "parameterCategoryName":"Momentum", "parameterNumber":2, "parameterNumberName":"U-component_of_wind", "parameterUnit":"m.s-1", "genProcessType":2, "genProcessTypeName":"Forecast", "forecastTime":0, "surface1Type":103, "surface1TypeName":"Specified height level above ground", "surface1Value":10.0, "surface2Type":255, "surface2TypeName":"Missing", "surface2Value":0.0, "gridDefinitionTemplate":0, "gridDefinitionTemplateName":"Latitude_Longitude", "numberPoints":65160, "shape":6, "shapeName":"Earth spherical with radius of 6,371,229.0 m", "gridUnits":"degrees", "resolution":48, "winds":"true", "scanMode":0, "nx":360, "ny":181, "basicAngle":0, "lo1":0.0, "la1":90.0, "lo2":359.0, "la2":-90.0, "dx":1.0, "dy":1.0 }, "data":
[rows 100 to 124 of 181, columns 285 to 341 of 360]
-0.54508543,0.47491455,-0.20508546,-0.19508545,-0.26508546,-0.54508543,0.024914552,-0.89508545,-0.91508543,-0.21508545,0.014914551,-0.47508544,-0.5650855,0.5049145,-0.66508543,-0.27508545,0.19491455,0.72491455,0.0049145506,0.12491455,-0.54508543,-0.9350855,-0.66508543,-0.9950855,-0.06508545,0.42491454,0.22491455,-1.5850854,-2.5750854,-1.8650855,-1.0450854,-0.6150854,-0.12508544,-2.5050855,-1.7950854,-1.2050854,-3.4350855,-2.8850853,-2.1750855,-2.0350854,-4.0350857,-4.4550853,-4.6550856,-6.5950856,-6.2550855,-6.0450854,-6.7950854,-7.1050854,-7.3150854,-7.2050853,-6.9050856,-7.0350857,-6.9150853,-6.7550855,-6.3850856,-6.6850853,-6.9350853
0.31491455,-0.075085446,-0.28508544,0.09491455,-0.49508545,-0.84508544,-1.2650855,-0.57508546,-0.72508544,-0.20508546,0.09491455,-0.19508545,-0.6750854,0.47491455,-0.77508545,-0.30508545,0.10491455,0.43491456,0.6349146,-0.37508544,-1.0550854,-0.85508543,-0.58508545,-0.22508545,-1.4350854,-0.28508544,0.13491455,-1.5450854,-3.0850854,-2.1850855,-0.89508545,-0.075085446,-4.8550854,-4.7850857,-2.7150855,-2.2050855,-2.3550854,-2.0050855,-2.3150854,-4.1850853,-4.3050857,-4.515085,-5.7250853,-6.6150856,-6.5450854,-7.3550854,-6.6850853,-7.2450852,-7.7350855,-7.6450853,-7.2550855,-6.8550854,-6.4650855,-6.4350853,-6.5550857,-6.6350856,-6.7150855
-1.5350854,0.28491455,0.5749146,0.42491454,-0.31508544,-1.1150855,-0.82508546,-0.8650854,-1.0550854,-0.36508545,0.04491455,-0.71508545,-0.6150854,-0.03508545,-0.64508545,-0.04508545,-0.26508546,0.64491457,-0.29508546,-0.11508545,-1.2250855,-0.6150854,-0.49508545,-0.71508545,-1.8250854,-0.39508545,-1.2250855,-1.5750854,-1.9350854,-2.2750854,-0.46508545,-0.95508546,-2.2450855,-1.8450855,-2.0950854,-2.0150855,-1.7050854,-0.16508545,-4.2050853,-4.3450856,-4.3050857,-4.4850855,-5.8250856,-6.0950856,-6.6350856,-7.2550855,-7.1850853,-7.8750854,-7.3950853,-7.2950854,-6.8350854,-6.3750854,-6.2150855,-6.3050857,-6.515085,-6.5450854,-6.5550857
-1.4450854,-0.075085446,-0.17508546,0.22491455,0.33491457,-0.23508544,-0.66508543,-1.5950855,-1.4150854,-1.7850854,-0.72508544,-0.94508547,-0.7450855,-0.6850855,-0.6250855,0.04491455,-0.60508543,0.45491454,-0.48508546,-1.0350854,-1.0850854,-0.79508543,-0.6750854,-0.9250854,-0.94508547,-1.0150855,-1.3450855,-1.6650854,-1.5150855,-3.4950855,-1.6850854,0.65491456,-2.2650855,-2.8750854,-0.89508545,-2.3550854,-0.60508543,-4.9350853,-4.7450852,-4.4650855,-4.5650854,-4.7350855,-6.3050857,-6.2250853,-6.1850853,-6.7250853,-7.3750854,-7.1450853,-7.0450854,-6.9150853,-6.6050854,-6.1450853,-5.7550855,-5.8850856,-6.1750855,-6.4150853,-6.4050856
0.6349146,-1.3550855,0.71491456,-0.46508545,-1.4050854,-1.2450855,0.09491455,-0.71508545,-1.3350854,-1.6850854,-1.1750854,-0.6250855,-0.5650855,-0.29508546,-0.27508545,0.17491455,0.10491455,-0.8150855,-1.0050855,-1.1150855,-1.2850854,-1.1450855,-1.1350855,-1.3250854,-0.88508546,-0.8050854,-1.0850854,-1.7250855,0.80491453,-3.8650854,-2.3150854,-0.40508544,-2.3150854,-2.1950855,-2.2150855,-1.0650854,-1.3450855,-4.6750855,-4.8550854,-4.8750854,-4.5350857,-4.4750853,-6.4250855,-5.8150854,-5.3450856,-6.0250854,-6.7250853,-6.7250853,-6.7250853,-6.5250854,-6.4650855,-6.1750855,-5.8150854,-5.8350854,-5.9050856,-6.0050855,-6.1250854
-0.7450855,1.9649146,1.1249145,1.9349146,-3.2750854,0.78491455,-0.66508543,0.024914552,0.39491454,-1.0150855,-1.1750854,-0.7450855,-0.6850855,-0.5550854,-0.22508545,0.27491456,-0.5650855,0.09491455,-1.0950855,-1.1350855,-1.2650855,-0.6250855,-1.4250854,-1.0350854,-1.1050855,-1.8250854,-1.4450854,-2.4650855,-1.7650855,-3.2950854,-1.7050854,-0.8050854,-2.5650854,-2.8550854,-3.5450854,-0.37508544,-0.40508544,-3.9150856,-4.5250854,-5.1450853,-5.0450854,-4.7550855,-5.0450854,-5.1250854,-4.9150853,-4.9850855,-5.8250856,-6.0250854,-6.015085,-5.7850857,-6.015085,-6.0450854,-5.8750854,-5.7950854,-5.7950854,-5.9650855,-6.015085
-6.0450854,-3.4950855,0.21491455,-0.16508545,-5.3850856,-2.0050855,-2.9050856,1.3649145,-0.75508547,0.8849146,-1.1750854,-1.0150855,-0.53508544,-0.6850855,-0.40508544,-0.28508544,0.83491457,-0.21508545,0.61491454,-1.1350855,0.26491454,-1.8450855,-1.7450855,-2.0550854,-1.5450854,-2.7450855,-2.3950853,-2.4750855,-1.6050855,-1.7350855,-1.1750854,-2.2950854,-4.5650854,-3.6150854,-1.4750855,-1.1250855,0.22491455,-2.1950855,-3.1450853,-4.2150855,-4.4550853,-4.7350855,-4.4450855,-3.8450854,-3.0450854,-3.4150856,-5.1450853,-4.9950852,-5.1650853,-5.3250856,-5.6450853,-5.7450852,-5.6750855,-5.5850854,-5.7750854,-5.8750854,-5.8150854
-5.0750856,-4.9850855,-4.3550854,-0.8750855,0.19491455,-0.71508545,0.97491455,-2.0550854,0.49491456,0.77491456,-0.49508545,-0.54508543,-0.95508546,-0.9250854,-0.44508544,0.49491456,0.97491455,1.4749146,-0.36508545,-0.42508546,-2.4250855,-2.9650855,-1.6950854,-2.2250855,-2.4450855,-1.9950855,-1.9250854,-2.6250854,-1.0350854,-1.8250854,-1.8150854,-3.5250854,-1.9350854,-3.1050854,-2.4550855,-0.76508546,-2.5950854,-3.1950855,-1.9450854,-1.8950855,-3.7250855,-3.4950855,-3.7250855,-2.6450853,-1.8550855,-2.5650854,-3.9450855,-3.7650855,-4.1650853,-4.8050857,-5.2050853,-5.2150855,-5.3050857,-5.4050856,-5.6750855,-5.6450853,-5.5250854
-4.3050857,-3.9050856,-2.7650855,-2.1550856,-1.8650855,1.0749146,-1.0250854,-2.8650854,-5.4650855,-2.9850855,-1.0950855,0.12491455,-0.51508546,-1.2450855,-0.11508545,0.48491454,0.22491455,0.22491455,-1.0150855,-1.2850854,-2.2650855,-1.6450855,-2.9350855,-2.5150855,-1.8450855,-2.2050855,-1.9750855,-2.8550854,-1.7250855,-1.9850855,-1.8250854,-3.0050855,-2.4250855,-2.5950854,-2.6350853,-0.03508545,-2.4150856,-2.0650854,-2.1850855,-2.0450854,-1.7950854,-1.8650855,-1.5850854,-1.2350855,-0.59508544,0.45491454,-1.9950855,-2.6750855,-3.0850854,-3.8650854,-4.4850855,-4.6750855,-4.6650853,-4.8650856,-4.9950852,-5.2950854,-5.4850855
-3.4550855,-2.8950853,-2.0250854,-0.79508543,-0.21508545,2.5549145,1.3749145,-3.3350854,-1.9150854,-1.5550854,-0.84508544,-0.19508545,-1.6150855,-1.3150854,-0.18508545,-0.91508543,1.2249146,0.6349146,-1.8750855,-2.4450855,-3.4750855,-2.2550855,-2.9150856,-2.3550854,-1.7850854,-2.2350855,-2.7650855,-2.3450854,-2.8050854,-1.6350855,-1.9050854,-3.7750854,-1.3150854,-1.2950854,-2.0550854,0.47491455,-1.3250854,-1.4850855,-1.4350854,-1.4450854,-1.3850855,-0.59508544,0.92491454,0.95491457,1.4149146,0.52491456,1.3649145,-1.1750854,-1.9050854,-2.8350854,-3.3350854,-4.0550857,-3.9450855,-3.9850855,-4.1850853,-4.5050855,-4.765085
-2.5250854,-2.1150854,-1.2650855,-0.32508546,1.1749146,2.3749146,2.2449145,-2.3050854,1.7049146,-2.6150854,-1.9350854,-0.45508546,-0.9350855,-1.2250855,-0.28508544,0.064914554,-0.82508546,-1.9750855,-1.5850854,-2.0350854,-1.9850855,-2.6150854,-2.7650855,-2.6750855,-2.0350854,-2.0650854,-2.5650854,-2.4350855,-2.5150855,-2.0550854,-4.2550855,-3.1350853,1.2049146,-0.70508546,-0.78508544,0.77491456,-2.1950855,-2.2650855,-1.6650854,-1.2550855,-0.48508546,0.70491457,0.80491453,2.9749146,3.3849146,4.0849147,1.6849146,2.6549146,-0.9350855,-1.5050855,-2.1950855,-2.3850853,-2.7450855,-3.3750854,-3.2450855,-3.9450855,-4.1450853
-2.0650854,-1.3750855,-1.0250854,-0.16508545,1.2549145,1.6249145,1.6549145,-0.50508547,1.4349146,-4.2150855,-3.3050854,-0.71508545,-0.79508543,-1.5550854,-3.3350854,-2.5650854,-1.4050854,-1.8850855,-1.8950855,-2.7450855,-2.3950853,-2.7050855,-2.3250854,-2.3350854,-3.0650854,-3.2550855,-2.9350855,-2.0650854,-2.4450855,-3.4650855,-3.9350855,-2.7450855,-1.2950854,-1.0850854,0.8249146,-3.4950855,-4.4950852,-4.5050855,-4.1250854,-2.9150856,-1.6750854,-0.27508545,1.4249146,2.9949145,4.6549144,5.0649147,4.2949147,3.6549146,3.1049147,-0.47508544,-0.6850855,-1.7250855,-1.8350854,-2.8150854,-2.6850855,-3.0650854,-3.4750855
-1.4250854,-0.85508543,-1.1350855,-0.34508544,1.7149146,0.86491454,1.6049145,1.5149145,2.9349146,-4.0950856,-2.1750855,-1.4150854,-1.0350854,-1.3750855,-2.4550855,-2.3150854,-1.4350854,-1.5550854,-1.9250854,-3.8050854,-2.8550854,-2.3750854,-1.8250854,-3.1550856,-4.0050855,-3.8450854,-3.3750854,-3.7250855,-1.8950855,-0.96508545,-1.5550854,0.36491454,-0.7350854,-0.52508545,-2.9850855,-5.5250854,-6.6650853,-6.7250853,-6.6850853,-5.8850856,-4.7550855,-2.7350855,-0.91508543,1.9349146,5.1349144,5.8149147,5.484915,3.9749146,4.734915,3.6549146,1.3149146,-0.77508545,-1.0550854,-1.0950855,-2.4950855,-2.5850854,-2.6250854
-0.8750855,-0.52508545,-0.70508546,-0.15508544,0.49491456,0.78491455,1.3249146,1.7749145,-0.5550854,0.5649145,-1.6250855,-1.2250855,-1.0850854,-2.5050855,-2.8250854,-1.7650855,-1.3650855,-1.9350854,-2.5350854,-2.2450855,-1.8450855,-1.4850855,-3.2350855,-4.8450856,-4.9250855,-4.8350854,-4.6950855,-2.4550855,-5.0250854,-1.0050855,-1.3750855,-0.70508546,-2.7250855,-4.1450853,-5.6450853,-6.3850856,-7.0950856,-6.7250853,-6.1350856,-6.2950854,-5.4650855,-4.8150854,-4.0750856,-3.3850853,-0.65508544,4.4949145,5.8449144,6.0049148,4.7549148,4.2249146,4.5249147,1.4949145,-0.6850855,-0.57508546,-0.9850854,-2.1150854,-1.2950854
0.03491455,0.12491455,0.24491455,0.91491455,2.5749145,1.3449146,2.6249146,1.4349146,-1.8250854,3.2049146,0.6349146,-0.15508544,0.6849145,-2.2350855,-1.6850854,-1.3550855,-2.6950855,-1.5350854,-2.7550855,-1.5250854,-1.6450855,-0.9250854,-3.3050854,-1.9950855,-3.0750854,-3.6650856,-3.8850853,-2.1250854,-1.4750855,-5.0950856,-5.5450854,-4.9650855,-5.6550856,-6.3350854,-6.5350857,-6.3950853,-6.765085,-5.8750854,-5.2950854,-5.3450856,-5.2350855,-5.2150855,-5.7750854,-6.2950854,-5.265085,-5.4350853,0.48491454,5.484915,6.0849147,5.3249145,4.4949145,2.8049145,1.1749146,0.03491455,-0.25508544,-0.8150855,-0.37508544
0.73491454,0.66491455,0.65491456,0.5049145,2.7049146,-1.2050854,0.60491455,3.0749145,2.5249145,-1.9150854,0.9449146,0.31491455,0.6349146,-1.6650854,-1.7150855,-1.7250855,-2.2750854,-1.7550855,-1.9450854,-2.0850854,-1.7250855,-2.2450855,-0.64508545,-3.0050855,-1.9950855,-3.7150855,-1.6150855,-1.2450855,-6.4350853,-6.0950856,-5.6550856,-5.3050857,-6.7350855,-7.2750854,-6.7450852,-6.0350857,-5.4650855,-5.2550855,-4.8350854,-4.2550855,-4.7350855,-4.9350853,-4.8250856,-6.0750856,-6.8350854,-6.5450854,-6.1250854,-0.16508545,5.5149145,6.5749145,5.1849146,3.4349146,2.1549146,1.7549145,0.03491455,-0.57508546,-0.05508545
0.8249146,0.83491457,0.6949146,0.71491456,1.3849145,1.1049145,0.89491457,3.6149147,3.4749146,-1.4550854,-0.89508545,0.49491456,-0.45508546,-1.7750854,-1.7750854,-1.5950855,-1.9150854,-1.4450854,-2.3550854,-1.5950855,-0.29508546,-1.7550855,-1.0950855,-2.4150856,-1.9750855,-1.8950855,-1.2750854,-6.2950854,-6.0250854,-5.7150855,-5.6150856,-6.2050853,-7.4750853,-7.3850856,-6.4550853,-5.9450855,-5.3750854,-4.7050853,-4.8650856,-4.6950855,-4.5250854,-4.9650855,-5.4550853,-5.7350855,-5.3050857,-5.4850855,-7.7050853,-8.595085,1.7749145,5.3749146,4.0749145,-0.24508545,-1.9550854,-1.3650855,-1.1250855,0.20491455,0.35491455
0.36491454,0.73491454,0.65491456,1.5849146,2.7549145,0.42491454,0.61491454,-0.19508545,-1.0350854,0.33491457,0.11491455,0.26491454,-0.20508546,-1.3050854,-2.6150854,-1.9150854,-1.9550854,-3.2050855,-1.9550854,-1.4750855,-1.2150855,-0.7350854,-1.1550854,-0.84508544,-1.9550854,-1.2550855,-0.32508546,-5.7750854,-6.0450854,-6.1550856,-5.7350855,-6.0850854,-6.8850856,-6.5050855,-6.3050857,-5.765085,-5.0050855,-5.1650853,-5.4750853,-5.2450852,-5.3750854,-5.8850856,-6.5650854,-6.7550855,-6.2250853,-5.7050853,-6.4550853,-6.0350857,-4.4050856,2.6849146,4.4449143,-0.22508545,-2.8450854,-2.5350854,-3.3050854,-3.0350854,-2.6650856
-0.08508545,0.39491454,0.92491454,2.2349145,1.8949145,-0.9350855,2.3349144,-1.2650855,-1.6850854,-0.72508544,0.5149146,-0.22508545,0.52491456,-3.8950853,-3.1350853,-1.2550855,-1.9250854,-1.9750855,-1.3650855,-0.72508544,-1.6650854,-2.7250855,-2.1950855,-2.5950854,-2.0650854,-1.8550855,-0.95508546,-5.3550854,-6.3750854,-6.7150855,-7.2150855,-7.4950852,-7.1150856,-5.9850855,-6.2750854,-5.9150853,-5.7150855,-5.2450852,-5.4050856,-5.4150853,-7.1750855,-7.5650854,-7.6650853,-7.6250854,-6.4250855,-6.6450853,-6.6950855,-7.2950854,-5.0950856,-6.5850854,7.8649144,-1.6250855,-1.3150854,0.19491455,-2.3050854,-5.8250856,-8.325086
-0.28508544,0.18491454,1.0549146,1.8049146,1.5849146,-0.69508547,-1.6450855,1.6949146,0.49491456,0.45491454,-0.35508546,-0.12508544,-2.1250854,-3.2250855,-1.1750854,-2.4450855,-1.9650855,-2.0850854,-2.2250855,-2.4750855,-1.9150854,-2.2550855,-1.4650855,0.55491453,-2.2650855,-1.1250855,-6.5250854,-6.1050854,-7.3050857,-7.0950856,-5.9150853,-5.3550854,-5.0850854,-5.4750853,-5.8450856,-5.8550854,-5.7050853,-6.4650855,-6.8850856,-8.165086,-9.615086,-8.595085,-7.9150853,-6.6250854,-5.8550854,-6.4650855,-8.525085,-9.055085,-9.465085,-11.395085,-10.645085,-14.445086,-11.395085,-7.4650855,-10.645085,-11.385085,-11.665086
-0.28508544,0.20491455,1.0549146,3.0149145,1.9849145,1.2049146,-3.0050855,-3.2450855,-2.2750854,-6.1250854,-3.8650854,-0.16508545,-2.9950855,-3.0650854,-2.7950854,-1.7950854,-1.7550855,-1.9450854,-2.2650855,-2.9650855,-3.6850855,-2.1750855,-1.6750854,-2.5550854,-3.3150854,-6.8350854,-6.9450855,-7.0250854,-7.0850854,-5.9950852,-5.4550853,-5.4750853,-5.2950854,-5.6050854,-6.7550855,-6.2250853,-7.4950852,-8.905086,-9.775085,-9.845085,-9.545086,-7.9350853,-6.7850857,-5.7450852,-5.5250854,-6.4950852,-7.9550853,-9.2350855,-9.625086,-10.295086,-10.675085,-11.695086,-11.995086,-12.2350855,-12.975085,-12.4850855,-11.205086
-0.76508546,-0.25508544,0.77491456,1.7049146,0.6949146,3.1549146,-2.4350855,-1.9550854,-0.25508544,-0.49508545,-2.1650856,0.10491455,-2.7650855,-2.1050854,-2.3550854,-0.44508544,-3.3050854,-2.3950853,-2.2850854,-3.8350854,-2.4250855,-1.8450855,-2.6550856,-2.5050855,-8.135085,-8.385085,-7.8450856,-8.025085,-6.7150855,-6.265085,-5.3350854,-5.3150854,-5.5750856,-7.7750854,-6.5850854,-6.3250856,-7.8450856,-7.4950852,-7.3850856,-7.6750855,-7.8850856,-7.0650854,-6.3850856,-6.0650854,-6.0250854,-6.6650853,-7.7950854,-8.325086,-8.755085,-8.715085,-9.295086,-9.895085,-10.245086,-10.035086,-9.865086,-9.805085,-8.795086
-1.1050855,-0.25508544,0.78491455,0.77491456,0.24491455,2.9249146,-1.1750854,-4.6850853,-5.1150856,-0.12508544,-0.10508545,-1.6150855,-1.2450855,1.3149146,-1.0450854,1.0049145,-4.2050853,-3.3050854,-3.4850855,-2.5150855,-1.8450855,-3.4850855,-2.6550856,-6.5850854,-6.7550855,-7.6350856,-7.9550853,-7.5650854,-6.8150854,-6.1450853,-5.7850857,-5.2150855,-7.3050857,-7.8050857,-6.0650854,-7.5550857,-7.5650854,-6.6450853,-6.6050854,-6.8050857,-6.7250853,-6.4050856,-6.1850853,-6.0250854,-6.1150856,-6.7950854,-7.2150855,-7.5050855,-8.165086,-8.655086,-8.525085,-9.265085,-9.175085,-8.845085,-8.015085,-7.8050857,-7.265085
-0.7450855,0.61491454,1.4749146,2.0149145,1.1249145,1.8949145,-0.47508544,-2.8850853,-2.6450853,0.18491454,0.34491456,-0.91508543,0.35491455,1.9749146,-1.6650854,-2.3950853,-4.0450854,-2.2950854,-3.9550855,-3.0350854,-3.2050855,-3.8350854,-3.7550855,-6.4750853,-5.2050853,-7.1750855,-6.8250856,-6.7850857,-6.4650855,-5.9250855,-6.3250856,-7.2750854,-7.6350856,-6.765085,-7.5050855,-7.1950855,-6.2550855,-6.2250853,-6.6750855,-6.6450853,-6.5050855,-6.2550855,-6.265085,-6.2850857,-6.4950852,-6.7950854,-6.8350854,-6.6850853,-6.8150854,-7.4050856,-8.155086,-8.565085,-8.325086,-7.5350857,-6.9150853,-6.0550857,-5.6950855
0.04491455,1.4649146,2.2949145,1.8649145,1.0549146,1.0649146,-0.13508545,-1.3150854,1.3949145,-3.4250855,-3.3550854,-1.2550855,0.32491454,-0.09508545,-3.2150855,-5.0450854,-2.2950854,-3.4250855,-3.1350853,-3.6350853,-3.8750854,-3.3050854,-7.0550857,-4.9250855,-5.9250855,-6.0550857,-4.9250855,-6.1550856,-6.0450854,-5.8350854,-6.2950854,-6.2250853,-7.4250855,-6.9550853,-6.2450852,-5.6650853,-5.7250853,-5.6350856,-5.7950854,-5.9550853,-5.8650856,-5.6850853,-5.6950855,-5.8650856,-6.1250854,-6.3850856,-6.4950852,-6.3450856,-6.0050855,-5.8350854,-5.4050856,-5.2050853,-5.1850853,-5.3850856,-5.3350854,-4.9650855,-4.0250854
