data/wind/wind-json-20190403.json
{"header": { "discipline":0, "disciplineName":"Meteorological products", "gribEdition":2, "gribLength":74250, "center":7, "centerName":"US National Weather Service - NCEP(WMC)", "subcenter":0, "refTime":"2019-04-03T00:00:00.000Z", "significanceOfRT":1, "significanceOfRTName":"Start of forecast", "productStatus":0, "productStatusName":"Operational products", "productType":1, "productTypeName":"Forecast products", "productDefinitionTemplate":0, "productDefinitionTemplateName":"Analysis/forecast at horizontal level/layer at a point in time", "parameterCategory":2, "parameterCategoryName":"Momentum", "parameterNumber":2, "parameterNumberName":"U-component_of_wind", "parameterUnit":"m.s-1", "genProcessType":2, "genProcessTypeName":"Forecast", "forecastTime":0, "surface1Type":103, "surface1TypeName":"Specified height level above ground", "surface1Value":10.0, "surface2Type":255, "surface2TypeName":"Missing", "surface2Value":0.0, "gridDefinitionTemplate":0, "gridDefinitionTemplateName":"Latitude_Longitude", "numberPoints":65160, "shape":6, "shapeName":"Earth spherical with radius of 6,371,229.0 m", "gridUnits":"degrees", "resolution":48, "winds":"true", "scanMode":0, "nx":360, "ny":181, "basicAngle":0, "lo1":0.0, "la1":90.0, "lo2":359.0, "la2":-90.0, "dx":1.0, "dy":1.0 }, "data":
[rows 52 to 77 of 181, columns 116 to 173 of 360]
0.7390088,0.23900878,0.88900876,1.0690088,1.6190088,1.2190088,1.0790088,0.6490088,-0.22099121,0.4190088,-0.010991211,0.2590088,0.5290088,2.1990087,2.3790088,2.3190088,2.4090087,3.259009,4.8490086,4.9590087,5.699009,6.9190087,7.909009,7.9990087,5.429009,5.8290086,8.119009,8.169009,7.569009,7.989009,6.529009,4.869009,5.6890087,6.739009,7.529009,8.8890085,10.569009,9.319009,8.369009,8.409009,6.839009,3.5990088,5.2290087,6.2890086,7.029009,7.9390087,8.6390085,9.339008,9.409009,9.559009,9.459009,8.9290085,8.379009,8.499009,7.9990087,7.679009,6.029009,9.979009
-1.3009912,-1.0809913,-0.41099122,-0.060991213,0.12900878,0.10900879,0.7390088,1.8390088,0.3190088,1.6590087,0.42900878,-0.05099121,0.3890088,0.6590088,4.719009,2.0390089,1.9290088,2.7890089,3.8290088,4.5990086,3.3190088,-0.22099121,4.5190086,3.4190087,4.299009,4.949009,7.179009,7.8290086,8.599009,8.249009,7.839009,8.019009,6.9190087,6.699009,6.8290086,7.969009,9.239009,11.109009,14.309009,12.309009,8.6390085,4.889009,4.379009,3.0890088,4.339009,5.2290087,5.129009,5.9390087,6.6490088,6.869009,6.699009,6.5590086,5.799009,6.2090087,6.889009,8.939009,14.369009,15.279009
-1.3109912,-1.9109912,-0.9609912,0.56900877,0.5990088,-0.8809912,-1.4809912,0.10900879,1.2290088,2.8890088,2.7790089,-1.7809912,0.8490088,1.3890088,2.259009,2.4190087,2.259009,0.94900876,1.3590088,2.3190088,0.2890088,0.23900878,0.56900877,2.5190089,4.2490087,3.9590087,7.6690087,8.189009,7.7490087,8.519009,8.489009,9.039009,9.769009,8.799008,7.929009,9.069009,11.409009,12.799008,12.739009,10.589008,6.9790087,4.2690086,10.119009,2.0590088,4.2490087,3.7690089,3.9390087,3.9690087,3.9590087,4.2690086,4.319009,4.9190087,5.549009,6.5790086,10.249009,13.489009,15.529009,14.549008
-2.990991,-3.740991,-2.5809913,-2.6009912,-2.510991,-1.4909912,-0.6009912,0.3890088,1.2490088,2.0790088,2.2290087,-0.090991214,0.6090088,2.1890087,2.0690088,0.27900878,0.5890088,0.63900876,0.009008789,0.15900879,1.6490088,1.8490088,2.9190087,-2.3509912,1.2790087,3.7190087,4.2890086,6.1490088,6.7890086,7.409009,8.029009,8.3890085,8.079009,8.589008,9.619009,10.259008,10.9290085,11.269009,10.589008,9.049008,7.839009,7.0590086,5.2490087,4.109009,4.119009,3.4690087,3.5390089,2.9590087,3.1790087,3.5690088,4.5190086,5.989009,9.249009,12.529009,14.779009,14.319009,14.229009,14.059009
-3.7809913,-4.550991,-4.130991,-3.7909913,-3.3209913,-4.0209913,-3.1209912,-2.3209913,-1.6709912,-1.5209912,-1.2109913,-0.2709912,0.8590088,0.4490088,-2.240991,0.23900878,-0.26099122,-0.6909912,1.3490088,1.5790088,2.0190089,5.139009,8.449009,7.679009,-4.390991,-0.7809912,2.3390088,2.9690087,4.509009,5.7090087,6.0790086,5.9190087,6.549009,7.199009,7.949009,8.9290085,9.6390085,9.739009,8.829009,8.009008,7.7890086,7.9190087,5.0190086,3.5790088,2.7090087,2.6390088,3.1790087,3.5190089,4.619009,7.2090087,10.919009,13.329009,13.399009,13.569009,13.559009,12.369009,12.419009,12.409009
-3.8109913,-4.110991,-4.180991,-4.2509913,-4.3509912,-5.590991,-5.6709914,-5.120991,-4.090991,-3.8009913,-1.9709913,-2.8309913,-0.86099124,0.49900877,1.2790087,1.3490088,-0.6909912,0.56900877,-0.7509912,-1.4109912,3.4590087,2.9790087,6.279009,7.569009,8.9290085,9.669009,5.199009,0.05900879,2.2690089,3.4190087,2.8190088,2.8990088,5.5990086,7.4590087,8.059009,8.839008,8.919009,8.529009,8.199009,7.909009,8.029009,7.2290087,4.4190087,3.1490088,3.9190087,5.5590086,7.0590086,8.729009,10.049008,11.439009,12.799008,12.349009,12.219008,11.879009,11.699009,11.549008,11.589008,9.199009
-1.0709912,-3.0409913,-3.3309913,-2.500991,-3.4409912,-4.220991,-6.360991,-6.2909913,-5.7509913,-4.570991,-4.9009914,-3.7209911,-2.2709913,-0.6009912,1.5690088,1.6190088,-2.740991,-0.9809912,-2.2909913,-1.2709912,1.2890087,3.2090087,4.7290087,7.339009,7.969009,8.6390085,7.989009,3.8890088,2.5290089,3.8590088,6.2690086,9.509008,9.699009,9.039009,7.639009,8.129009,7.859009,7.8490086,8.249009,8.399009,8.719008,8.649009,8.689009,8.829009,8.519009,8.4290085,8.849009,9.809009,11.189009,11.729009,11.589008,10.789009,10.579009,10.809009,10.699009,11.8890085,9.479009,8.539009
-2.4109912,0.04900879,-1.4509912,-1.4709913,-0.61099124,0.3290088,0.7690088,0.01900879,-4.620991,-4.360991,-3.4109912,-3.2309911,-2.6209912,-1.1409912,0.39900878,2.2990088,0.63900876,-0.7009912,-1.7809912,-2.5809913,-0.44099122,1.8890088,2.0790088,3.739009,5.2890086,6.1890087,6.2290087,6.179009,7.2090087,9.119009,10.1390085,10.689009,8.509008,6.8490086,5.989009,6.2490087,6.6690087,6.929009,7.869009,8.599009,9.859009,11.379009,12.349009,12.339008,11.949009,11.909009,12.059009,12.189009,12.1790085,10.559009,10.079009,10.059009,10.189009,10.279009,10.579009,9.689009,9.059009,8.689009
-2.9209912,-1.6509912,-1.2609912,-1.2509912,-0.5609912,-0.8309912,-0.38099122,-0.86099124,0.2690088,0.6690088,-1.6709912,-1.7309912,-0.8109912,-0.7509912,-0.2709912,-0.14099121,1.5590088,-2.2109911,-0.86099124,-1.3509912,-1.1009912,1.6890088,4.0590086,5.629009,6.279009,6.589009,8.869009,9.479009,9.409009,8.739009,8.409009,6.679009,5.109009,4.4590087,4.2090087,4.2290087,4.969009,6.0790086,7.1690087,8.3890085,9.6390085,10.689009,11.409009,11.579009,11.579009,11.489009,11.299008,11.409009,10.009008,8.789009,9.049008,9.4290085,10.159009,9.439009,8.839008,8.619009,8.419009,8.209009
-1.4009912,-1.5009912,-2.0409913,-2.2809913,-0.8509912,-0.8209912,-4.720991,-6.090991,-5.780991,-4.050991,-0.11099121,0.20900878,-0.41099122,-0.04099121,0.5190088,0.50900877,0.2290088,0.8490088,-0.41099122,0.17900878,2.0390089,3.3390088,4.6690087,5.319009,5.0390086,6.2890086,6.8490086,7.489009,7.8090086,7.119009,5.889009,2.8690088,1.5190088,0.9590088,1.3190088,2.1890087,3.3190088,4.7490087,6.1690087,7.1890087,8.149009,9.339008,10.299008,10.809009,10.9290085,10.699009,9.939009,8.729009,7.799009,7.8090086,9.299008,9.989009,9.719008,7.5990086,7.699009,7.5190086,7.9590087,7.0190086
-1.5609912,-0.7309912,-1.0309912,-2.000991,-1.4909912,-4.1509914,-8.970991,-8.910992,-7.640991,-6.200991,-4.5409913,-3.0309913,-1.2209913,-0.7009912,0.23900878,0.6690088,-0.08099121,0.04900879,1.3190088,2.5990088,3.6490088,3.1190088,2.9290087,3.999009,4.739009,4.9990087,5.239009,6.6490088,6.4390087,6.199009,5.659009,3.9290087,1.6990088,1.2790087,1.6090088,2.6090088,3.6690087,5.0390086,6.069009,7.0390086,7.9190087,8.649009,9.049008,9.319009,9.079009,8.269009,7.3290086,6.799009,7.4790087,8.789009,9.609009,8.169009,7.2290087,7.109009,7.379009,7.409009,6.409009,6.0790086
-0.4009912,-0.41099122,-0.5009912,-2.0209913,-0.9209912,-10.120991,-13.760991,-13.700992,-11.880991,-9.980991,-7.9209914,-6.4009914,-4.490991,-2.3309913,-0.9809912,-0.04099121,0.7490088,1.2990088,2.6390088,5.089009,4.8090086,2.8890088,2.0290089,3.3790088,3.0190089,2.749009,3.1590087,5.6490088,5.949009,4.9590087,5.469009,6.299009,5.609009,5.299009,5.4390087,5.5790086,5.929009,5.4790087,5.569009,5.9590087,6.379009,6.889009,7.2290087,6.879009,6.5390086,5.889009,5.9790087,7.9790087,8.979009,8.709009,6.859009,6.9590087,6.359009,6.489009,6.389009,5.509009,5.3090086,4.5590086
-0.4909912,-1.1009912,-1.1709912,-1.5309912,-4.630991,-6.870991,-1.8509912,-10.130991,-10.640991,-10.430991,-9.190991,-7.3309913,-5.660991,-4.800991,-3.3209913,-1.5209912,-0.29099122,0.94900876,2.2690089,2.489009,0.9790088,1.2090088,1.9890088,1.8490088,2.0390089,1.6890088,2.259009,4.429009,4.7690086,3.999009,3.9390087,4.639009,4.8490086,5.2490087,5.6690087,5.2290087,4.8490086,4.9390087,4.629009,4.719009,4.889009,4.5990086,4.8090086,5.139009,5.0590086,5.469009,8.3890085,8.739009,7.139009,6.6890087,6.509009,5.5790086,6.0790086,5.0590086,4.7490087,4.759009,4.279009,3.4690087
-0.22099121,0.21900879,-0.7509912,-4.260991,-2.8009913,0.50900877,2.9690087,3.5290089,-5.6009912,-9.330991,-9.000991,-8.750991,-7.4209914,-6.6509914,-5.5609913,-3.9809911,-3.2009912,-2.2909913,-1.5409912,-1.5309912,-1.0509912,-0.14099121,0.69900876,0.7490088,0.04900879,0.10900879,1.6890088,2.8890088,3.4190087,3.489009,3.5590088,3.8290088,3.759009,3.5390089,3.1290088,3.5790088,3.0190089,2.8290088,2.6590087,2.6690087,2.7190087,2.9390087,3.3090088,3.759009,5.2690086,8.419009,7.589009,6.069009,6.549009,6.0990086,5.029009,4.0590086,3.6890087,3.6790087,3.739009,3.1990087,2.8190088,2.6090088
-0.8909912,-1.1409912,-5.2309914,-6.240991,-3.990991,0.9690088,-0.32099122,-1.4009912,-2.8009913,-7.180991,-7.970991,-8.390991,-8.270991,-7.8109913,-6.9209914,-6.140991,-5.450991,-4.5609913,-3.8209913,-3.0609913,-2.4309912,-2.0509913,-1.9009912,-1.6509912,-1.2409912,-0.6409912,0.8590088,1.2990088,1.8690088,2.1490088,2.3290088,2.1790087,1.4890088,1.7390088,1.9690088,1.3290088,1.1890088,1.0490088,0.6490088,0.7490088,1.3290088,2.0190089,2.8190088,5.9390087,7.179009,6.069009,5.909009,5.529009,6.069009,4.8090086,4.5590086,3.0290089,2.509009,2.3090088,1.7890087,1.4290088,1.5190088,1.3290088
-1.9409912,-6.050991,-5.620991,-5.0409913,-2.2109911,0.3890088,-4.320991,-4.740991,-6.030991,-6.8509912,-6.780991,-7.530991,-7.700991,-7.610991,-7.0209913,-6.6009912,-6.0609913,-5.490991,-4.7709913,-4.030991,-3.5609913,-3.750991,-3.3709912,-3.010991,-2.5409913,-1.5809913,-0.62099123,-0.17099121,0.33900878,0.9190088,1.2990088,1.7690088,1.1090088,0.23900878,-0.20099121,-0.23099121,-1.0709912,-1.0509912,-0.8209912,0.63900876,1.7790087,4.0990086,6.589009,5.389009,4.7890086,4.7290087,4.739009,4.759009,4.639009,4.869009,4.0590086,2.6490088,0.5390088,0.7790088,-0.1309912,0.07900879,0.2290088,0.009008789
-6.200991,-6.2109914,-5.970991,-4.7509913,-3.7009912,-3.2009912,-5.8109913,-6.7109914,-7.220991,-7.2509913,-7.510991,-8.010991,-8.200992,-8.040991,-7.7109914,-7.1909914,-6.700991,-6.140991,-5.450991,-4.930991,-4.620991,-4.410991,-4.2109914,-3.8909912,-3.9109912,-3.4109912,-2.3809912,-2.0509913,-1.2109913,-0.10099121,-0.2409912,-0.3909912,-1.0609912,-1.3609912,-1.5909913,-0.9609912,-0.9709912,-0.5609912,0.16900879,1.7690088,4.009009,3.9590087,4.0190086,3.2990088,3.0490088,2.5890088,1.8990088,2.989009,3.3790088,3.989009,1.7490088,0.029008789,-0.5809912,-1.3309913,-1.0309912,-0.7809912,-0.7109912,-1.0709912
-7.200991,-7.550991,-6.990991,-5.800991,-6.050991,-7.660991,-7.510991,-7.9809914,-8.140991,-8.060991,-8.030992,-8.000991,-8.510991,-8.380991,-7.820991,-7.160991,-6.5609913,-5.9609914,-5.450991,-4.9609914,-4.740991,-4.780991,-4.4809914,-4.1009912,-3.5209913,-3.5909913,-2.8109913,-2.9009912,-2.2909913,-2.3109913,-2.260991,-2.3209913,-2.5409913,-2.1409912,-2.0809913,-0.8309912,-0.6909912,-0.9409912,1.8990088,1.5190088,1.7990088,1.7290088,0.9990088,0.5290088,-0.47099122,-0.7109912,0.04900879,1.1290088,1.8890088,0.8690088,-0.7209912,-1.6609912,-2.5509913,-2.7809913,-2.7709913,-2.6809912,-2.8609912,-2.8909912
-6.610991,-7.860991,-8.400991,-7.9009914,-9.770991,-9.130991,-9.530992,-9.180991,-8.920991,-8.500991,-8.260991,-8.160992,-8.030992,-7.6509914,-6.9809914,-6.3309913,-6.2109914,-6.200991,-5.660991,-5.4809914,-5.2309914,-5.200991,-5.340991,-4.9609914,-4.870991,-4.6509914,-4.680991,-4.5809913,-4.2109914,-4.0809913,-4.120991,-3.7209911,-3.2909913,-3.3609912,-2.7709913,-2.0609913,-1.0609912,0.6190088,-0.29099122,-1.2609912,-0.12099121,0.009008789,-0.6909912,-1.1109912,-1.5309912,-1.5509912,-2.8209913,-1.1309912,-0.3309912,-1.5709912,-3.4309912,-3.250991,-3.1409912,-3.3009913,-3.8009913,-4.280991,-4.780991,-4.760991
-7.0409913,-8.450992,-9.090991,-8.960991,-10.790991,-9.380991,-9.680991,-9.920991,-9.490992,-8.870991,-8.830991,-8.910992,-8.700992,-8.030992,-7.240991,-6.9409914,-6.030991,-5.880991,-5.860991,-6.1909914,-6.1509914,-6.0209913,-6.120991,-6.130991,-5.990991,-6.0409913,-5.800991,-5.870991,-5.590991,-5.180991,-4.760991,-4.5609913,-4.380991,-3.2209911,-2.5509913,-1.6609912,-1.1909912,-0.8209912,-0.7009912,-0.3709912,-0.9709912,-1.2509912,-2.4309912,-2.8509912,-3.0209913,-2.8909912,-1.6809912,-0.6909912,-0.47099122,-4.240991,-5.590991,-3.7809913,-3.3109913,-4.1009912,-4.4409914,-4.280991,-4.3509912,-5.030991
-6.110991,-5.660991,-3.8809912,-2.7109911,-2.1809912,-1.1109912,-0.7109912,-8.780992,-9.5709915,-9.470991,-9.230991,-9.030992,-8.790991,-8.170991,-7.6509914,-7.260991,-6.780991,-6.760991,-6.950991,-6.930991,-6.390991,-6.7709913,-6.680991,-6.950991,-6.7109914,-6.110991,-5.8309913,-6.2309914,-5.910991,-5.7309914,-5.320991,-4.7909913,-3.8109913,-1.7509912,-0.9709912,-2.1109912,-2.6009912,-2.5509913,-1.1909912,-2.8109913,-3.3309913,-4.050991,-4.2909913,-5.0409913,-4.5409913,-4.490991,-3.1609912,-1.9709913,-1.1509912,-5.9609914,-6.8109913,-5.4209914,-4.8309913,-5.4809914,-5.860991,-5.630991,-5.6909914,-6.010991
-3.2709913,-0.6709912,2.4090087,1.6890088,-0.5709912,-0.4909912,1.1690087,-5.930991,-7.120991,-8.830991,-9.390991,-8.780992,-8.830991,-8.550991,-8.250991,-7.870991,-7.6509914,-7.530991,-7.370991,-7.450991,-7.140991,-6.220991,-6.370991,-6.800991,-6.1009912,-6.280991,-6.240991,-6.3309913,-6.2709913,-5.2309914,-4.6009912,-3.9309912,-2.4009912,-2.4609911,-2.8809912,-3.760991,-4.3309913,-4.7509913,-4.410991,-4.300991,-4.970991,-5.660991,-5.5609913,-5.450991,-5.820991,-5.6709914,-4.4409914,-3.2809913,-3.1209912,-4.680991,-7.1509914,-6.820991,-5.970991,-6.6009912,-6.530991,-6.800991,-7.140991,-7.220991
0.7290088,2.0590088,2.8590088,1.9790088,-1.7209913,-1.0009912,-0.6409912,-5.4009914,-5.0609913,-5.740991,-6.2509913,-6.7309914,-7.120991,-8.370991,-8.270991,-8.460991,-7.780991,-7.4209914,-6.780991,-6.3509912,-6.1909914,-6.530991,-6.610991,-6.530991,-6.8109913,-6.6509914,-6.370991,-5.7709913,-4.800991,-4.740991,-4.4409914,-4.1509914,-3.6609912,-3.9109912,-5.510991,-5.430991,-5.5009913,-5.870991,-5.590991,-5.7109914,-6.0809913,-6.200991,-6.120991,-6.010991,-6.160991,-6.1709914,-5.5409913,-4.7709913,-4.9009914,-5.860991,-6.090991,-5.9009914,-5.4409914,-4.5009913,-6.320991,-6.8109913,-6.7709913,-7.1709914
-1.6309912,-1.9309912,-1.7509912,-2.2009912,-1.9709913,-1.0409912,-1.2709912,-4.840991,-4.780991,-5.9009914,-6.2109914,-6.320991,-7.280991,-6.6009912,-6.5209913,-6.570991,-6.8309913,-6.860991,-6.760991,-6.8109913,-6.820991,-6.880991,-7.030991,-7.1709914,-6.840991,-6.5809913,-5.870991,-5.5609913,-5.0009913,-5.050991,-5.120991,-5.0009913,-4.550991,-5.140991,-6.660991,-6.280991,-6.2709913,-6.470991,-6.220991,-6.4009914,-6.340991,-6.4209914,-6.300991,-6.550991,-6.820991,-6.4209914,-6.0809913,-5.6709914,-5.870991,-7.140991,-7.510991,-7.320991,-6.800991,-6.1009912,-6.570991,-7.220991,-7.280991,-7.6509914
-2.9109912,-1.8809912,-2.260991,-5.2909913,-8.940991,-2.8209913,-2.7009912,-2.1009912,-4.0009913,-6.180991,-6.0809913,-5.660991,-5.9009914,-6.7309914,-6.7909913,-6.800991,-6.8109913,-6.910991,-7.0209913,-7.110991,-7.360991,-7.640991,-7.610991,-7.2909913,-6.860991,-6.3109913,-6.140991,-5.840991,-5.2309914,-5.0409913,-5.550991,-5.470991,-4.780991,-4.950991,-5.6709914,-6.430991,-6.880991,-6.890991,-7.010991,-6.9409914,-7.070991,-6.720991,-6.390991,-6.5209913,-7.2109914,-6.380991,-6.0609913,-5.9809914,-6.370991,-7.570991,-8.010991,-7.640991,-7.4009914,-6.910991,-6.930991,-7.130991,-7.7909913,-8.460991
-1.2909912,-0.4209912,-2.000991,-2.240991,-2.3209913,-1.8509912,-5.490991,-3.6409912,-3.1709912,-6.4609914,-5.950991,-5.9409914,-6.6009912,-6.6509914,-6.530991,-6.360991,-6.090991,-6.610991,-7.220991,-7.4009914,-7.990991,-7.880991,-7.7709913,-7.090991,-6.3309913,-5.7509913,-6.0209913,-5.8109913,-5.090991,-5.240991,-5.950991,-5.7909913,-5.0009913,-4.6709914,-5.3509912,-6.6909914,-7.220991,-8.0709915,-7.970991,-7.660991,-7.320991,-6.880991,-6.880991,-6.800991,-7.010991,-6.720991,-6.370991,-6.3509912,-6.6909914,-7.740991,-8.310991,-7.950991,-7.1709914,-6.890991,-7.240991,-7.950991,-8.700992,-8.640991
