data/wind/wind-json-20190328.json
{"header": { "discipline":0, "disciplineName":"Meteorological products", "gribEdition":2, "gribLength":75408, "center":7, "centerName":"US National Weather Service - NCEP(WMC)", "subcenter":0, "refTime":"2019-03-28T00:00:00.000Z", "significanceOfRT":1, "significanceOfRTName":"Start of forecast", "productStatus":0, "productStatusName":"Operational products", "productType":1, "productTypeName":"Forecast products", "productDefinitionTemplate":0, "productDefinitionTemplateName":"Analysis/forecast at horizontal level/layer at a point in time", "parameterCategory":2, "parameterCategoryName":"Momentum", "parameterNumber":3, "parameterNumberName":"V-component_of_wind", "parameterUnit":"m.s-1", "genProcessType":2, "genProcessTypeName":"Forecast", "forecastTime":0, "surface1Type":103, "surface1TypeName":"Specified height level above ground", "surface1Value":10.0, "surface2Type":255, "surface2TypeName":"Missing", "surface2Value":0.0, "gridDefinitionTemplate":0, "gridDefinitionTemplateName":"Latitude_Longitude", "numberPoints":65160, "shape":6, "shapeName":"Earth spherical with radius of 6,371,229.0 m", "gridUnits":"degrees", "resolution":48, "winds":"true", "scanMode":0, "nx":360, "ny":181, "basicAngle":0, "lo1":0.0, "la1":90.0, "lo2":359.0, "la2":-90.0, "dx":1.0, "dy":1.0 }, "data":
[rows 50 to 74 of 181, columns 285 to 341 of 360]
3.3037574,1.9837574,0.46375734,-0.12624268,-1.1762427,-2.7162428,-4.5062428,-5.7962427,-6.1262426,-6.5062428,-7.1262426,-7.3562427,-7.8262424,-8.526242,-9.196242,-10.366242,-11.5362425,-12.606243,-13.186243,-12.956243,-12.756243,-13.526242,-14.606243,-14.946242,-8.026242,17.513758,15.483757,13.883758,12.593758,11.453757,10.523757,11.703757,10.543757,8.933758,8.003757,6.6437573,5.783757,4.363757,2.4937572,2.5037572,1.0437573,-1.6262426,-0.33624268,0.45375732,0.7937573,-0.7162427,-2.2662427,-3.1162426,-4.3362427,-4.7962427,-5.0262427,-5.0862427,-5.6662426,-6.0262427,-5.9162426,-5.2062426,-3.8262427
1.2637573,-0.3262427,-2.1462426,-2.3762426,-3.1862426,-4.466243,-5.2662425,-5.8262424,-6.466243,-7.3362427,-7.6662426,-7.7662425,-8.246243,-8.756243,-9.666243,-10.926243,-12.206243,-12.366242,-12.986242,-13.056243,-12.976243,-12.806243,-11.836243,-1.6262426,16.883757,14.563757,14.333757,13.603757,12.743757,11.153757,10.353757,10.303758,9.103757,7.9237576,6.763757,5.3737574,2.9137573,1.9037573,2.4137573,0.76375735,-0.22624268,-1.4362427,-0.84624267,-0.7562427,-0.66624266,-2.1562426,-3.2962427,-3.8362427,-4.5062428,-5.1462426,-5.406243,-6.0462427,-6.616243,-7.0862427,-6.8162427,-5.7562428,-4.0862427
-0.72624266,-3.2562428,-4.1462426,-3.8862426,-4.486243,-5.2462425,-5.966243,-6.426243,-7.156243,-7.8962426,-7.8762426,-8.366242,-8.756243,-9.616242,-11.706243,-13.256243,-12.916243,-12.826242,-12.346243,-11.766243,-10.416243,-8.0362425,7.323757,11.733757,15.203757,13.803758,13.323757,12.673758,11.733757,9.863757,10.153757,9.003757,7.7037573,6.4537573,4.8937573,2.2037573,3.0237572,2.7137573,1.6737573,0.13375732,-1.0862427,-1.6662427,-1.1362426,-1.3362427,-1.7662426,-3.8162427,-3.1262426,-5.5862427,-5.7662425,-5.846243,-5.866243,-6.966243,-7.5562425,-7.7562428,-7.236243,-5.866243,-3.6962426
-3.8862426,-4.7462425,-5.2762427,-5.5362425,-5.5462427,-6.0462427,-6.8262424,-7.236243,-7.2062426,-7.636243,-8.156242,-9.176243,-10.096243,-10.976243,-11.666243,-11.756243,-11.986242,-12.326242,-11.406242,-9.306243,-3.4362426,6.513757,9.083757,13.303758,12.9637575,12.603757,12.053758,11.273757,10.273757,8.4637575,9.493757,7.9137573,6.4837575,5.303757,2.0337572,3.6637573,3.4037573,2.2737572,1.3037573,0.5037573,-0.33624268,-1.3762426,-1.9462427,-2.7862427,-3.4362426,-4.5062428,-4.3362427,-6.3362427,-6.886243,-5.926243,-7.4162426,-7.7962427,-8.056243,-7.8562427,-7.136243,-5.8162427,-3.7962427
-6.8162427,-5.846243,-7.0262427,-7.466243,-7.346243,-7.2462425,-7.3562427,-7.946243,-8.126243,-8.806243,-10.146243,-10.096243,-9.996243,-11.106243,-11.066242,-11.766243,-12.666243,-11.856243,-9.166243,0.19375733,3.3737574,6.7437572,11.273757,11.393757,11.693757,11.543757,10.903757,10.303758,9.223758,7.883757,8.4637575,6.9337573,5.3337574,3.5937574,1.2737573,3.3937573,2.5037572,2.0337572,1.3637574,0.83375734,0.06375732,-0.7562427,-2.1062427,-3.8462427,-4.986243,-4.4162426,-6.656243,-7.6462426,-7.386243,-7.0162425,-7.156243,-8.156242,-8.456243,-8.146243,-7.366243,-6.2262425,-5.0562425
-6.926243,-6.4362426,-6.596243,-6.886243,-7.4762425,-8.426243,-8.676243,-8.5362425,-8.386243,-9.606243,-10.156242,-10.126243,-10.0362425,-10.306243,-10.5362425,-11.616242,-11.306243,-6.5362425,-0.39624268,1.6537573,5.6937575,9.163757,10.013758,10.093758,10.793757,11.503757,10.583757,9.723758,8.563757,7.093757,7.3537574,5.8337574,4.1837573,1.9937574,1.6437573,2.2437572,2.4337573,2.0937574,1.5737573,1.0337573,0.48375732,-0.66624266,-2.4962428,-4.4562426,-5.136243,-6.2662425,-8.316242,-8.456243,-8.026242,-7.1262426,-7.466243,-8.066242,-8.216243,-8.016243,-7.7262425,-6.8762426,-6.156243
-6.8962426,-6.7762427,-6.716243,-7.5062428,-8.166243,-8.516243,-8.596243,-8.916243,-9.416243,-10.526242,-10.086243,-9.746243,-9.556243,-9.696242,-10.096243,-8.926243,-6.0362425,-1.6262426,1.4737573,4.6237574,7.653757,8.743757,8.123757,8.433758,9.513758,10.563757,9.923758,8.923758,7.6437573,5.9137573,6.3337574,4.8137574,3.1537573,0.8737573,0.9837573,1.3637574,2.1837573,1.9537573,1.3837574,0.5337573,-0.14624268,-1.3462427,-2.9062426,-4.486243,-5.8562427,-8.026242,-8.926243,-8.626243,-8.506243,-6.946243,-7.466243,-7.966243,-7.986243,-7.4362426,-7.4762425,-6.426243,-4.9962425
-7.2562428,-7.0062428,-6.8262424,-7.0362425,-7.5362425,-7.9362426,-8.706243,-9.586243,-10.556243,-10.906242,-9.826242,-8.756243,-8.476243,-8.406242,-6.8962426,-4.6262426,-1.6562427,0.51375735,5.2737575,8.243757,8.133758,7.613757,7.363757,7.6237574,7.7237573,9.393757,8.933758,7.4737573,6.133757,4.513757,5.323757,3.8937573,2.2537572,0.11375733,-0.42624268,0.21375732,1.4637573,1.7537574,0.9137573,-0.086242676,-1.1062427,-2.2162428,-3.6062427,-5.0662427,-6.7462425,-8.226243,-8.756243,-8.526242,-8.646243,-7.2462425,-7.2262425,-7.7762427,-7.5062428,-6.5762424,-5.1462426,-5.216243,-4.3062425
-7.8262424,-7.406243,-6.946243,-6.596243,-7.386243,-8.476243,-9.586243,-10.146243,-10.7862425,-10.136243,-9.306243,-9.076242,-8.146243,-6.0162425,-4.0562425,-2.8862426,1.7337574,5.9837575,9.443757,7.9237576,6.8937573,6.7537575,5.8737574,6.4437575,7.0437574,8.053758,7.7937574,6.013757,4.4337573,3.9137573,4.3737574,2.6937573,1.3737574,-0.3562427,-1.6262426,-0.8362427,-0.056242675,0.84375733,0.3037573,-0.92624265,-2.0662427,-3.0862427,-4.2662425,-5.386243,-6.466243,-7.4762425,-8.146243,-8.526242,-8.526242,-7.6062427,-6.7862425,-6.8162427,-6.4762425,-2.9562426,-2.9162426,-3.3062427,-3.3362427
-8.476243,-7.716243,-6.656243,-6.3162427,-7.2762427,-9.0362425,-9.486242,-9.736242,-10.106243,-10.176243,-9.496243,-5.926243,-4.926243,-4.5362425,-4.5662427,1.5337573,7.283757,9.233757,8.043757,6.7537575,5.7437572,7.9137573,7.553757,6.9837575,6.283757,7.0637574,7.033757,5.1037574,3.3537574,3.1037574,2.1437573,1.8537574,0.7237573,-0.7162427,-2.4362426,-2.0862427,-1.3762426,-0.13624267,-0.25624266,-1.3162427,-2.6562426,-3.7762427,-4.716243,-5.4762425,-6.0462427,-6.7662425,-7.2662425,-8.156242,-8.356243,-8.056243,-7.4362426,-6.6262426,-5.406243,-4.1262426,-2.4162426,-2.6562426,-3.1662426
-5.2762427,-3.8262427,-3.7062426,-4.7462425,-6.2862425,-7.8962426,-9.096243,-9.406242,-9.116242,-7.8262424,-5.4162426,-4.116243,-4.406243,-4.5862427,-3.9562426,6.4637575,9.143757,7.6237574,4.553757,4.8937573,6.783757,6.903757,6.153757,6.093757,5.5437574,6.3137574,6.113757,4.1037574,2.3437574,1.6337574,1.6937573,1.4637573,-0.06624267,-1.1562427,-2.5162427,-2.2262428,-2.2362428,-1.2662426,-0.8762427,-1.7862427,-2.9862428,-4.136243,-4.986243,-5.5662427,-5.8362427,-6.116243,-6.466243,-7.0362425,-7.5662427,-7.8962426,-7.4962425,-6.446243,-4.7462425,-2.5162427,-2.4962428,-2.8162427,-3.5462427
-1.4862427,-3.7262428,-2.6662426,-3.8162427,-4.9762425,-6.2962427,-7.2962427,-7.616243,-6.986243,-5.5862427,-4.596243,-4.6462426,-4.866243,-3.8062427,4.7237573,9.933758,7.363757,7.2537575,7.073757,6.7537575,6.2937574,5.9137573,6.283757,6.0637574,5.903757,6.093757,5.133757,2.9937572,1.5037574,0.8737573,0.6637573,0.6637573,0.27375734,-1.4962426,-2.7362428,-3.3262427,-3.0862427,-2.5162427,-2.0462427,-2.0662427,-3.0862427,-3.9262426,-4.8062425,-5.3962426,-5.676243,-5.6062427,-5.7062426,-6.0262427,-6.6062427,-6.696243,-6.196243,-5.346243,-4.136243,-3.8162427,-3.7862427,-4.3062425,-4.7862425
6.3137574,4.343757,-1.3562427,-3.1562426,-3.6062427,-4.8062425,-5.966243,-6.5262427,-6.2562428,-5.6062427,-5.3362427,-4.886243,-3.8462427,7.5237575,10.103757,8.523757,7.573757,6.9937572,6.1037574,5.883757,5.5837574,4.903757,6.7337575,5.7537575,5.403757,5.2537575,3.9037573,1.8637574,0.43375733,0.11375733,0.11375733,-0.30624267,-0.5862427,-0.9962427,-2.2562428,-3.6262426,-4.136243,-3.6862426,-2.9462426,-2.7062426,-3.2962427,-3.8262427,-4.216243,-4.6862426,-5.0562425,-5.1062427,-5.3062425,-5.4362426,-5.7762427,-6.1062427,-5.9562426,-5.6262426,-5.0662427,-4.716243,-4.8962426,-5.2262425,-5.616243
5.4737573,4.3737574,2.3837574,-1.0262427,-3.6062427,-4.9362426,-5.7262425,-5.886243,-5.906243,-6.0062428,-5.7262425,-2.9962428,8.033757,9.243757,8.9637575,7.8337574,6.4637575,6.0437574,5.573757,5.093757,5.0037575,5.4637575,5.6837573,5.4137573,4.593757,4.4437575,2.7437572,1.0237573,0.3337573,-0.26624268,-0.54624265,-0.7562427,-1.2962427,-1.8762426,-2.5862427,-2.9962428,-4.1462426,-4.3362427,-4.1462426,-3.1462426,-3.3862426,-4.1862426,-4.3062425,-4.2762427,-4.4362426,-5.0662427,-5.3962426,-5.5862427,-5.5762424,-5.616243,-5.7562428,-5.1462426,-5.366243,-5.0062428,-5.6662426,-5.7562428,-5.9562426
3.4937572,4.113757,3.1737573,0.6137573,-1.1762427,-3.0362427,-4.3062425,-5.136243,-5.7762427,-6.196243,-2.9062426,5.6237574,8.043757,8.193757,8.783757,7.4837575,6.553757,5.343757,5.633757,5.1937575,5.073757,5.3337574,4.9637575,4.9337573,4.9537573,3.6137574,1.9237573,0.58375734,0.28375733,0.5337573,-0.43624267,-1.3962426,-2.6462426,-3.2762427,-3.0362427,-3.3762426,-4.2662425,-4.696243,-5.0862427,-3.7962427,-3.3462427,-3.9162426,-4.846243,-4.636243,-3.9162426,-4.0262427,-4.7062426,-4.7862425,-4.7862425,-5.176243,-5.4162426,-5.446243,-5.426243,-5.2562428,-5.7562428,-5.346243,-5.2262425
2.6437573,2.6237574,2.6737573,1.8037573,0.4237573,-1.7962427,-3.4162426,-4.6862426,-5.736243,-4.116243,5.0837574,7.4437575,6.6037574,7.783757,8.603757,7.1037574,6.2937574,5.093757,4.053757,3.9937572,4.9537573,4.823757,4.533757,4.343757,4.0237575,2.6937573,1.3937573,0.15375732,-0.53624266,-0.59624267,-1.0062426,-1.6962427,-2.0062428,-1.8062427,-1.5362427,-2.3362427,-3.3462427,-4.2862425,-4.716243,-4.2662425,-3.8562427,-3.8862426,-4.6662426,-5.2562428,-5.1662426,-4.7662425,-4.366243,-4.7462425,-5.0262427,-4.8962426,-4.886243,-4.9962425,-4.9362426,-4.8362427,-4.966243,-4.8762426,-4.8262424
2.4137573,3.2237573,2.6337574,1.4737573,-0.30624267,-1.7962427,-3.0062428,-4.2662425,-3.3362427,1.7337574,7.073757,7.053757,7.0437574,8.033757,7.803757,6.2337575,5.263757,3.7137573,2.9937572,5.5637574,5.153757,4.3337574,4.1437573,3.6737573,3.0837574,2.3037574,1.0837573,0.29375732,0.37375733,0.043757323,-1.7762427,-2.1362426,-2.3462427,-2.5262427,-2.9162426,-2.8262427,-3.8762426,-4.4762425,-4.5662427,-4.5462427,-4.5662427,-4.2462425,-4.596243,-5.4162426,-5.5162425,-5.3562427,-5.2062426,-4.716243,-3.9262426,-3.1462426,-3.5162427,-3.9462426,-4.1262426,-4.3162427,-4.406243,-4.6662426,-4.866243
0.8637573,1.0537573,0.65375733,-0.17624268,-0.5762427,-1.6962427,-2.6662426,-2.1462426,-0.60624266,4.5637574,6.8537574,6.5037575,6.9337573,7.3137574,6.133757,5.2037573,4.093757,2.8037574,2.6637573,4.263757,4.9437575,4.0437574,3.4237573,2.9737573,2.6737573,1.9837574,1.3237573,0.7437573,0.21375732,0.013757324,-0.21624267,-1.1662427,-2.2562428,-1.7162427,-1.6262426,-2.8062427,-3.6562426,-4.8362427,-4.0662427,-4.236243,-4.7262425,-5.3562427,-5.3962426,-5.3762426,-5.4562426,-5.2662425,-5.176243,-5.0462427,-4.366243,-3.3662426,-2.2262428,-2.8762426,-3.6862426,-4.156243,-4.446243,-4.656243,-4.906243
-0.5062427,-0.21624267,-0.9662427,-0.7462427,-1.1362426,-1.4262427,-1.5962427,-0.79624265,2.0237572,5.2237573,5.7937574,6.0437574,6.053757,6.1837573,5.4737573,4.4337573,3.4537573,2.0937574,2.6937573,2.9137573,4.3337574,3.2337573,2.3337574,1.8837574,1.2737573,0.71375734,0.043757323,-0.5262427,-0.6262427,-0.6462427,-0.8762427,-1.8562427,-1.8762426,-1.9162427,-2.0062428,-2.7862427,-3.5162427,-4.2262425,-4.886243,-5.3562427,-5.196243,-5.426243,-5.3562427,-4.736243,-5.406243,-5.2662425,-5.0062428,-4.5762424,-4.846243,-5.5562425,-3.4862428,-2.8662426,-3.3862426,-3.5762427,-4.0062428,-4.466243,-5.236243
-0.73624265,-2.2362428,-1.8262427,-1.6962427,-1.4962426,-1.1662427,-0.11624268,2.2637572,2.3837574,5.133757,5.073757,5.033757,5.1637573,4.9637575,4.1437573,3.2637572,2.2937574,2.3737574,2.9437573,3.3237574,3.9137573,3.0737574,1.7437574,0.14375733,-0.30624267,-0.42624268,-0.73624265,-1.3962426,-1.5162426,-1.8862426,-2.0762427,-2.2262428,-2.2862427,-2.1762426,-2.7162428,-3.5062428,-3.7962427,-3.9462426,-3.5362427,-4.0362425,-4.446243,-4.7062426,-4.946243,-4.9962425,-5.366243,-5.2062426,-5.156243,-4.946243,-5.8062425,-5.1662426,-4.0762424,-2.2762427,-3.1662426,-3.4062426,-3.5062428,-4.2862425,-5.4962425
1.2437574,-2.0262427,-2.2762427,-1.6862427,-1.9062427,-1.0362427,2.2637572,3.3637574,0.8637573,5.1237574,4.5037575,4.3137574,3.5737574,3.3937573,3.6737573,3.3737574,3.1937573,2.4137573,2.0737574,2.2637572,2.6037574,2.2337573,1.2337574,0.47375733,0.20375733,0.29375732,-0.20624268,-0.40624267,-0.72624266,-1.6262426,-2.0762427,-2.6462426,-2.4862428,-3.0062428,-3.8462427,-4.0562425,-4.116243,-4.5062428,-4.2962427,-4.7762427,-4.9762425,-5.1662426,-5.4562426,-5.0362425,-4.736243,-5.3562427,-5.0562425,-4.716243,-5.346243,-3.2062426,-2.6362426,-2.6262426,-3.2962427,-2.9662428,-2.3962426,-4.0162425,-5.1462426
0.59375733,-1.8562427,-0.43624267,-1.8662426,1.0637573,0.6137573,1.9337573,4.6037574,-1.1262426,5.1637573,3.8537574,2.7337573,2.6337574,2.7337573,2.9637573,2.9037573,2.4437573,1.9737573,1.9837574,1.9937574,2.3837574,0.95375735,0.3037573,0.35375732,0.20375733,-0.036242675,-0.20624268,-0.7062427,-1.1962427,-1.5862427,-2.6262426,-3.0762427,-3.0062428,-3.3162427,-2.9562426,-2.4962428,-2.8162427,-3.4562426,-4.0762424,-4.7062426,-3.7462428,-4.7762427,-4.7462425,-4.8162427,-4.5862427,-4.5462427,-4.346243,-3.8962426,-4.156243,-4.1662426,-3.3462427,-3.0962427,-3.4662428,-3.2762427,-3.4562426,-4.0762424,-4.2462425
1.6637573,0.9237573,1.1237574,0.77375734,1.0737573,2.1237574,2.8037574,2.6037574,1.0937573,1.2637573,1.9637573,1.5837573,1.9537573,2.7237573,2.6237574,2.7237573,1.8737574,1.8837574,1.3337573,1.2237573,0.95375735,0.46375734,0.20375733,0.17375733,-0.016242675,-0.22624268,-0.14624268,-0.7062427,-1.2562426,-2.1662426,-2.8262427,-2.5962427,-1.9362427,-2.0862427,-2.4262426,-2.7562428,-3.3362427,-3.6462426,-3.7862427,-3.7462428,-3.5162427,-4.2862425,-4.2262425,-4.2662425,-3.9462426,-3.8862426,-4.0862427,-3.6162426,-3.1462426,-3.3662426,-3.6762426,-3.6962426,-3.7262428,-3.5562427,-3.8562427,-3.6762426,-3.7162428
-0.086242676,0.5637573,0.6837573,0.49375734,0.34375733,0.6937573,1.3237573,1.9737573,1.8437573,1.4637573,1.0637573,0.3937573,0.9137573,2.1737573,2.0637574,1.6737573,1.2737573,1.1237574,0.63375735,0.6237573,0.59375733,0.4237573,-0.5262427,-0.67624265,-0.7562427,-0.7562427,-0.54624265,-0.5262427,-0.9662427,-1.4662427,-1.4362427,-1.0962427,-1.7562426,-2.1862426,-2.6062427,-2.6962426,-2.4862428,-2.8262427,-3.5462427,-3.4862428,-3.5862427,-3.7062426,-3.7062426,-3.6062427,-3.5462427,-3.6962426,-3.6562426,-3.7162428,-3.3562427,-3.7662427,-3.1462426,-3.5462427,-4.1662426,-3.8962426,-3.7662427,-3.5162427,-4.716243
-0.60624266,-0.5162427,-0.86624265,-1.0362427,-0.34624267,0.27375734,0.8137573,0.7837573,0.6137573,0.40375733,0.65375733,0.64375734,0.25375733,1.1337574,1.1737573,0.6137573,0.5337573,0.6037573,0.7837573,0.21375732,-0.24624267,-0.29624268,0.3637573,0.44375733,0.9437573,0.71375734,0.3637573,-0.18624267,-1.0762427,-1.4662427,-1.4062427,-1.2862427,-1.1362426,-1.3462427,-1.7762427,-2.0562427,-2.5162427,-2.4862428,-2.7862427,-2.8262427,-3.1262426,-3.8362427,-3.7162428,-3.7262428,-3.9762428,-4.0762424,-4.096243,-3.9162426,-3.8062427,-1.6462426,-3.1562426,-3.7562428,-3.5962427,-3.8762426,-3.8062427,-4.886243,-5.2662425
