data/wind/wind-json-20190403.json
{"header": { "discipline":0, "disciplineName":"Meteorological products", "gribEdition":2, "gribLength":74387, "center":7, "centerName":"US National Weather Service - NCEP(WMC)", "subcenter":0, "refTime":"2019-04-03T00:00:00.000Z", "significanceOfRT":1, "significanceOfRTName":"Start of forecast", "productStatus":0, "productStatusName":"Operational products", "productType":1, "productTypeName":"Forecast products", "productDefinitionTemplate":0, "productDefinitionTemplateName":"Analysis/forecast at horizontal level/layer at a point in time", "parameterCategory":2, "parameterCategoryName":"Momentum", "parameterNumber":3, "parameterNumberName":"V-component_of_wind", "parameterUnit":"m.s-1", "genProcessType":2, "genProcessTypeName":"Forecast", "forecastTime":0, "surface1Type":103, "surface1TypeName":"Specified height level above ground", "surface1Value":10.0, "surface2Type":255, "surface2TypeName":"Missing", "surface2Value":0.0, "gridDefinitionTemplate":0, "gridDefinitionTemplateName":"Latitude_Longitude", "numberPoints":65160, "shape":6, "shapeName":"Earth spherical with radius of 6,371,229.0 m", "gridUnits":"degrees", "resolution":48, "winds":"true", "scanMode":0, "nx":360, "ny":181, "basicAngle":0, "lo1":0.0, "la1":90.0, "lo2":359.0, "la2":-90.0, "dx":1.0, "dy":1.0 }, "data":
[rows 0 to 25 of 181, columns 232 to 289 of 360]
-0.96987796,-1.099878,-1.219878,-1.349878,-1.469878,-1.599878,-1.719878,-1.849878,-1.969878,-2.0898778,-2.209878,-2.3298779,-2.449878,-2.5698779,-2.689878,-2.8098779,-2.929878,-3.039878,-3.159878,-3.269878,-3.379878,-3.499878,-3.6098778,-3.719878,-3.8298779,-3.929878,-4.039878,-4.149878,-4.249878,-4.349878,-4.4498777,-4.549878,-4.649878,-4.749878,-4.839878,-4.939878,-5.029878,-5.119878,-5.209878,-5.299878,-5.389878,-5.4698777,-5.549878,-5.639878,-5.7198777,-5.789878,-5.869878,-5.939878,-6.019878,-6.089878,-6.159878,-6.2198777,-6.289878,-6.349878,-6.409878,-6.4698777,-6.529878,-6.589878
-1.6798779,-1.8098779,-1.939878,-2.0598779,-2.189878,-2.3198779,-2.439878,-2.5598779,-2.689878,-2.8098779,-2.939878,-3.0598779,-3.179878,-3.289878,-3.409878,-3.519878,-3.629878,-3.729878,-3.8398778,-3.939878,-4.039878,-4.119878,-4.209878,-4.299878,-4.379878,-4.4698777,-4.539878,-4.609878,-4.689878,-4.759878,-4.819878,-4.889878,-4.9498777,-5.009878,-5.069878,-5.119878,-5.159878,-5.209878,-5.259878,-5.299878,-5.349878,-5.389878,-5.439878,-5.479878,-5.519878,-5.559878,-5.599878,-5.639878,-5.689878,-5.7198777,-5.769878,-5.799878,-5.839878,-5.879878,-5.909878,-5.939878,-5.9698777,-5.999878
-2.959878,-3.039878,-3.1198778,-3.179878,-3.239878,-3.3198779,-3.389878,-3.459878,-3.539878,-3.6098778,-3.689878,-3.769878,-3.8398778,-3.909878,-3.989878,-4.059878,-4.129878,-4.1998777,-4.269878,-4.339878,-4.399878,-4.4498777,-4.479878,-4.519878,-4.559878,-4.599878,-4.639878,-4.6798778,-4.709878,-4.759878,-4.799878,-4.839878,-4.889878,-4.939878,-4.9898777,-5.039878,-5.089878,-5.149878,-5.1998777,-5.279878,-5.349878,-5.419878,-5.479878,-5.539878,-5.589878,-5.649878,-5.6998777,-5.7398777,-5.779878,-5.809878,-5.849878,-5.879878,-5.909878,-5.9298778,-5.9498777,-5.9698777,-5.9898777,-6.019878
-2.939878,-3.0698779,-3.199878,-3.3198779,-3.429878,-3.539878,-3.649878,-3.749878,-3.8298779,-3.909878,-3.999878,-4.069878,-4.159878,-4.249878,-4.349878,-4.4498777,-4.549878,-4.629878,-4.749878,-4.869878,-4.959878,-5.029878,-5.099878,-5.169878,-5.229878,-5.279878,-5.329878,-5.379878,-5.439878,-5.539878,-5.629878,-5.7198777,-5.809878,-5.889878,-5.959878,-6.019878,-6.069878,-6.109878,-6.139878,-6.169878,-6.1998777,-6.2398777,-6.289878,-6.329878,-6.349878,-6.369878,-6.369878,-6.379878,-6.379878,-6.369878,-6.369878,-6.359878,-6.359878,-6.349878,-6.339878,-6.309878,-6.279878,-6.249878
-3.699878,-3.769878,-3.8198779,-3.8598778,-3.899878,-3.929878,-4.009878,-4.139878,-4.309878,-4.4698777,-4.649878,-4.829878,-4.979878,-5.119878,-5.259878,-5.389878,-5.459878,-5.539878,-5.6798778,-5.799878,-5.889878,-5.9498777,-6.009878,-6.059878,-6.099878,-6.139878,-6.1798778,-6.2198777,-6.259878,-6.299878,-6.339878,-6.359878,-6.369878,-6.379878,-6.389878,-6.389878,-6.379878,-6.349878,-6.329878,-6.319878,-6.289878,-6.269878,-6.2398777,-6.209878,-6.169878,-6.129878,-6.089878,-6.049878,-6.009878,-5.9498777,-5.899878,-5.839878,-5.789878,-5.729878,-5.669878,-5.599878,-5.529878,-5.4498777
-4.329878,-4.549878,-4.7198777,-4.879878,-4.9698777,-5.079878,-5.159878,-5.279878,-5.419878,-5.519878,-5.589878,-5.669878,-5.729878,-5.809878,-5.889878,-5.979878,-6.039878,-6.089878,-6.129878,-6.159878,-6.1998777,-6.229878,-6.269878,-6.309878,-6.319878,-6.309878,-6.269878,-6.249878,-6.2198777,-6.169878,-6.109878,-6.019878,-5.879878,-5.769878,-5.629878,-5.479878,-5.319878,-5.159878,-4.909878,-4.7198777,-4.529878,-4.369878,-4.1998777,-3.999878,-3.8098779,-3.6098778,-3.459878,-3.289878,-3.0998778,-2.899878,-2.699878,-2.499878,-2.3098779,-2.139878,-1.949878,-1.7698779,-1.599878,-1.4298779
-4.829878,-4.979878,-5.139878,-5.279878,-5.389878,-5.419878,-5.419878,-5.409878,-5.4498777,-5.459878,-5.4698777,-5.579878,-5.629878,-5.729878,-5.839878,-5.9898777,-6.089878,-6.119878,-6.099878,-6.009878,-5.9298778,-5.909878,-5.829878,-5.779878,-5.639878,-5.4698777,-5.229878,-4.979878,-4.769878,-4.609878,-4.459878,-4.339878,-4.269878,-4.2398777,-4.159878,-4.029878,-3.909878,-3.669878,-3.389878,-3.019878,-2.629878,-2.229878,-1.8698779,-1.579878,-1.2798779,-1.0398779,-0.7798779,-0.5798779,-0.41987792,-0.30987793,-0.23987792,-0.20987792,-0.20987792,-0.23987792,-0.28987792,-0.34987792,-0.40987793,-0.47987792
-5.289878,-5.399878,-5.519878,-5.649878,-5.779878,-5.819878,-5.799878,-5.779878,-5.6998777,-5.6998777,-5.769878,-5.829878,-5.829878,-5.819878,-5.7398777,-5.779878,-5.629878,-5.629878,-5.6798778,-5.6798778,-5.769878,-5.809878,-5.769878,-5.629878,-5.499878,-5.389878,-5.209878,-5.039878,-4.809878,-4.579878,-4.329878,-4.009878,-3.679878,-3.3498778,-3.0598779,-2.8298779,-2.659878,-2.439878,-2.249878,-2.029878,-1.7998779,-1.569878,-1.4098779,-1.3798779,-1.469878,-1.609878,-1.689878,-1.689878,-1.609878,-1.339878,-0.90987796,-0.49987793,-0.34987792,-0.45987794,-0.53987795,-0.21987793,0.48012206,0.9101221
-5.7198777,-5.819878,-5.899878,-5.9498777,-5.979878,-5.9698777,-5.939878,-5.909878,-5.909878,-5.9898777,-6.029878,-6.059878,-6.009878,-5.9898777,-6.029878,-5.979878,-5.889878,-5.819878,-5.769878,-5.7398777,-5.6998777,-5.539878,-5.279878,-4.899878,-4.4898777,-4.109878,-3.8198779,-3.649878,-3.519878,-3.499878,-3.5698779,-3.659878,-3.739878,-3.799878,-3.8598778,-3.929878,-4.059878,-4.319878,-4.769878,-4.229878,-3.5998778,-3.149878,-2.459878,-2.469878,-2.179878,-1.4098779,-0.39987794,0.03012207,-0.61987793,-1.819878,-2.929878,-3.489878,-4.1998777,-4.499878,-5.339878,-6.359878,-6.959878,-6.7198777
-5.799878,-5.869878,-5.889878,-5.959878,-6.049878,-6.159878,-6.319878,-6.399878,-6.4298778,-6.359878,-6.269878,-6.1798778,-5.979878,-5.779878,-5.559878,-5.399878,-5.229878,-4.979878,-4.779878,-4.499878,-4.309878,-4.079878,-3.949878,-3.739878,-3.5698779,-3.5598779,-3.689878,-3.899878,-4.069878,-4.169878,-4.319878,-4.4898777,-4.319878,-3.199878,-1.829878,-0.9498779,-1.9198779,-4.259878,-5.509878,-4.439878,-3.299878,-2.199878,-1.2498779,-0.6398779,-0.9998779,-1.6798779,-2.5698779,-3.3198779,-3.249878,-3.019878,-1.9198779,-1.6398779,-1.4298779,-0.44987792,0.9301221,1.4501221,0.6601221,-0.73987794
-6.1998777,-6.1798778,-6.109878,-6.039878,-5.999878,-5.979878,-5.9898777,-5.899878,-5.809878,-5.709878,-5.569878,-5.409878,-5.1798778,-4.849878,-4.559878,-4.139878,-3.739878,-3.389878,-2.919878,-2.6198778,-2.5698779,-2.8498778,-3.3098779,-3.769878,-4.169878,-4.7198777,-5.379878,-6.209878,-6.909878,-8.049878,-9.569878,-10.459878,-9.179878,-6.4498777,-3.769878,-3.3498778,-4.229878,-4.849878,-4.709878,-5.209878,-4.729878,-5.2398777,-3.699878,-2.8498778,-3.429878,-3.949878,-6.069878,-6.319878,-4.779878,-5.4498777,-6.269878,-7.689878,-9.479877,-10.729877,-11.509878,-11.959878,-12.629878,-14.489878
-6.079878,-6.079878,-6.049878,-5.9498777,-5.759878,-5.519878,-5.2198777,-4.909878,-4.499878,-4.209878,-3.739878,-3.419878,-3.1198778,-2.779878,-2.389878,-2.1098778,-2.0698779,-2.3098779,-2.699878,-3.0798779,-3.439878,-3.759878,-4.149878,-4.4898777,-4.589878,-4.459878,-5.419878,-6.729878,-7.649878,-7.839878,-7.769878,-7.939878,-7.599878,-5.849878,-3.149878,-0.5698779,0.51012206,-1.079878,-4.849878,-7.9898777,-9.589878,-8.509878,-8.239878,-8.839878,-7.889878,-7.6998777,-5.849878,-2.489878,-0.5198779,-0.31987792,-0.04987793,0.77012205,0.45012206,-1.6398779,-4.269878,-6.559878,-9.469878,-11.419878
-5.689878,-5.459878,-5.169878,-4.809878,-4.369878,-3.989878,-3.669878,-3.3298779,-2.789878,-2.279878,-1.979878,-1.969878,-2.139878,-2.419878,-2.699878,-2.989878,-2.989878,-3.379878,-3.769878,-4.009878,-4.209878,-4.4298778,-4.839878,-5.479878,-5.919878,-5.639878,-5.1998777,-5.509878,-6.529878,-7.589878,-7.959878,-7.229878,-6.399878,-6.189878,-6.419878,-5.869878,-4.349878,-2.629878,-1.1598779,-1.349878,-3.389878,-5.9698777,-7.999878,-6.849878,-7.9898777,-7.539878,-5.529878,-4.619878,-6.149878,-8.059878,-8.089878,-8.529878,-11.169878,-14.959878,-17.409878,-17.789879,-15.399878,-13.379878
-4.7398777,-4.379878,-4.189878,-3.719878,-2.999878,-2.549878,-2.379878,-2.469878,-2.5998778,-2.929878,-3.229878,-3.209878,-3.3098779,-3.5698779,-3.769878,-3.639878,-3.5898778,-3.659878,-3.879878,-4.1998777,-4.459878,-4.659878,-4.849878,-5.049878,-5.099878,-5.049878,-4.999878,-4.859878,-4.759878,-4.959878,-5.2198777,-4.769878,-3.049878,-2.969878,-4.549878,-5.379878,-5.519878,-4.749878,-3.799878,-2.8098779,-1.7798779,-0.8298779,-0.8798779,-2.6198778,-4.059878,-4.6998777,-2.409878,-0.36987793,-0.30987793,-1.979878,-4.869878,-9.759878,-15.509878,-18.839878,-19.189878,-17.409878,-13.649878,-7.649878
-4.549878,-4.149878,-3.889878,-3.959878,-4.119878,-4.339878,-4.539878,-4.959878,-4.9698777,-4.7398777,-4.029878,-3.6098778,-2.3498778,-1.359878,-0.7698779,-1.5098779,-3.8498778,-5.629878,-5.579878,-4.939878,-4.479878,-4.7198777,-4.729878,-4.859878,-4.919878,-4.659878,-4.909878,-4.839878,-4.299878,-4.619878,-6.689878,-7.649878,-7.229878,-5.779878,-5.4498777,-6.619878,-7.4898777,-6.479878,-6.139878,-7.6798778,-7.839878,-3.479878,1.6101221,3.4101222,2.490122,1.300122,-0.03987793,-2.8398778,-3.8598778,-2.629878,-5.459878,-11.119878,-15.579878,-16.489878,-15.399878,-13.469878,-11.369878,-9.499878
-5.079878,-5.159878,-5.2398777,-5.309878,-5.249878,-5.349878,-5.379878,-5.279878,-5.139878,-5.439878,-6.249878,-6.1998777,-4.289878,-2.749878,-2.239878,-2.969878,-4.409878,-6.309878,-8.069878,-7.809878,-6.649878,-5.689878,-4.809878,-4.539878,-4.579878,-4.499878,-4.459878,-4.499878,-4.789878,-5.529878,-5.9698777,-6.459878,-6.939878,-7.019878,-6.519878,-6.4498777,-6.109878,-6.439878,-7.149878,-7.4698777,-5.9298778,-4.099878,-5.419878,-8.139878,-5.809878,-4.419878,-4.999878,-2.8098779,-3.299878,-8.119878,-11.839878,-12.209878,-12.239878,-12.819878,-12.569878,-11.159878,-9.169878,-7.089878
-6.289878,-6.129878,-6.079878,-6.099878,-5.9298778,-5.629878,-5.819878,-5.809878,-5.129878,-4.099878,-3.889878,-4.039878,-3.719878,-3.6098778,-3.159878,-2.889878,-3.379878,-4.289878,-4.599878,-4.419878,-4.189878,-3.8298779,-3.299878,-3.3298779,-3.639878,-3.739878,-3.8698778,-4.049878,-4.139878,-4.1798778,-4.209878,-5.039878,-5.149878,-3.779878,-3.279878,-3.019878,-1.979878,-2.289878,-3.729878,-4.339878,-3.0898778,-0.98987794,-0.39987794,-0.31987792,1.1201221,2.620122,1.9401221,0.7401221,0.43012208,-0.36987793,-1.1498779,-2.539878,-4.729878,-6.9298778,-8.349878,-8.559878,-7.959878,-7.019878
-7.169878,-7.1798778,-7.159878,-6.599878,-5.529878,-5.4898777,-5.169878,-5.419878,-5.419878,-4.4898777,-3.3098779,-2.3498778,-2.289878,-3.3198779,-4.329878,-4.069878,-3.549878,-3.249878,-2.169878,-2.899878,-3.169878,-2.8498778,-4.269878,-4.7198777,-4.829878,-4.799878,-4.379878,-4.249878,-4.299878,-4.769878,-4.889878,-4.609878,-5.129878,-5.589878,-6.349878,-6.619878,-5.729878,-4.869878,-4.6798778,-4.919878,-5.549878,-5.139878,-3.189878,-0.79987794,-2.0898778,-4.289878,-3.689878,-2.499878,-4.309878,-6.309878,-7.229878,-3.0898778,-4.009878,-7.599878,-8.819878,-8.899878,-8.719878,-7.979878
-7.389878,-7.4498777,-7.439878,-6.729878,-6.4498777,-6.259878,-6.2198777,-6.029878,-6.809878,-5.569878,-4.4298778,-3.769878,-3.759878,-3.8098779,-3.5998778,-3.5998778,-3.159878,-4.649878,-5.149878,-5.249878,-6.149878,-5.4898777,-4.9898777,-5.409878,-5.959878,-5.399878,-4.799878,-4.249878,-4.2198777,-4.809878,-5.359878,-5.6798778,-4.729878,-3.209878,-3.889878,-4.049878,-4.069878,-4.169878,-3.5898778,-3.479878,-4.459878,-5.509878,-4.7398777,-3.129878,-3.539878,-4.099878,-2.649878,-1.6698779,-1.8898779,-2.469878,-2.889878,-4.7398777,-5.599878,-2.029878,-2.0598779,-3.209878,-3.409878,-4.2398777
-6.2398777,-6.319878,-6.4698777,-6.869878,-7.289878,-6.529878,-5.6998777,-6.229878,-6.509878,-6.419878,-5.389878,-4.499878,-3.889878,-4.899878,-5.689878,-4.799878,-4.379878,-3.759878,-3.3098779,-3.8098779,-4.789878,-4.9298778,-3.979878,-3.729878,-4.7398777,-5.1798778,-4.919878,-4.759878,-4.649878,-4.819878,-4.759878,-4.319878,-3.289878,-2.5798779,-2.0998778,-2.969878,-4.329878,-4.4698777,-4.6998777,-4.089878,-3.199878,-3.0998778,-3.3498778,-3.3598778,-3.139878,-2.409878,-2.979878,-3.8698778,-3.539878,-3.5798779,-3.219878,-3.429878,-2.8098779,-2.439878,-3.0798779,-3.8298779,-1.7698779,-0.23987792
-4.149878,-4.359878,-5.479878,-5.079878,-5.069878,-4.639878,-3.8198779,-4.6798778,-5.529878,-6.019878,-6.549878,-6.109878,-5.2398777,-4.169878,-4.329878,-4.589878,-3.479878,-1.7498779,-1.699878,-2.929878,-3.519878,-3.719878,-4.099878,-4.279878,-4.569878,-4.9298778,-4.909878,-4.709878,-4.2398777,-4.079878,-4.149878,-4.629878,-4.9298778,-4.589878,-3.1098778,-2.179878,-4.1798778,-5.689878,-5.499878,-5.119878,-4.9498777,-4.579878,-4.159878,-3.519878,-3.5798779,-5.419878,-5.309878,-5.169878,-5.269878,-5.2398777,-5.149878,-4.999878,-5.7398777,-4.209878,-5.249878,-4.9698777,-2.1198778,-3.179878
-4.7198777,-5.029878,-4.459878,-4.419878,-4.359878,-4.769878,-5.309878,-5.619878,-6.189878,-7.4698777,-7.599878,-7.269878,-6.609878,-6.059878,-4.899878,-2.299878,-1.109878,-0.9598779,-1.6798779,-2.689878,-3.139878,-3.009878,-3.1198778,-3.3598778,-3.6098778,-4.159878,-4.419878,-4.089878,-3.899878,-3.929878,-3.989878,-4.069878,-3.699878,-2.969878,-2.0698779,-1.949878,-3.439878,-5.159878,-5.2398777,-4.629878,-4.759878,-4.769878,-3.939878,-1.0498779,-2.0898778,-4.629878,-5.659878,-5.789878,-6.059878,-4.959878,-3.539878,-1.949878,-2.6098778,-4.099878,-3.919878,-3.989878,-5.249878,-4.4298778
-5.319878,-5.269878,-5.369878,-5.669878,-5.799878,-5.749878,-5.9298778,-5.849878,-6.029878,-3.399878,-2.879878,-4.529878,-5.389878,-5.099878,-4.939878,-4.829878,-4.299878,-3.499878,-2.889878,-2.939878,-2.539878,-2.659878,-3.009878,-3.149878,-3.3398778,-4.159878,-4.599878,-3.8398778,-3.749878,-3.639878,-3.429878,-3.289878,-4.039878,-3.3198779,-2.769878,-3.049878,-3.5798779,-3.709878,-3.8598778,-3.149878,-3.689878,-4.2398777,-2.699878,-2.739878,-3.629878,-4.389878,-4.4898777,-3.949878,-3.0598779,-2.489878,-2.399878,-2.509878,-3.019878,-3.8698778,-4.1798778,-3.159878,-2.8598778,-5.259878
-5.529878,-5.609878,-5.9298778,-6.039878,-6.249878,-6.509878,-6.769878,-6.049878,-5.389878,-4.459878,-3.139878,-3.5598779,-4.2398777,-4.9498777,-4.4898777,-4.109878,-5.1798778,-4.829878,-4.619878,-4.439878,-3.8298779,-4.009878,-3.6098778,-4.079878,-4.279878,-4.609878,-4.799878,-4.819878,-4.1998777,-3.6198778,-3.3698778,-3.699878,-3.639878,-3.229878,-3.959878,-3.5998778,-4.389878,-4.959878,-5.1998777,-5.1998777,-3.8598778,-5.319878,-5.129878,-3.3698778,-3.8098779,-4.259878,-4.089878,-3.399878,-3.1098778,-3.029878,-3.179878,-3.3698778,-3.649878,-4.069878,-4.749878,-6.279878,-7.549878,-8.9398775
-2.519878,-3.419878,-4.6998777,-5.269878,-5.829878,-5.879878,-5.939878,-5.4698777,-4.9298778,-3.739878,-3.379878,-3.3598778,-3.049878,-2.759878,-2.719878,-2.439878,-2.8398778,-3.049878,-3.979878,-4.009878,-4.019878,-4.169878,-4.609878,-4.309878,-4.999878,-5.299878,-5.059878,-5.249878,-4.959878,-4.049878,-4.109878,-4.349878,-4.879878,-5.159878,-5.119878,-5.159878,-4.859878,-4.169878,-4.2198777,-5.349878,-5.269878,-5.729878,-5.359878,-3.769878,-2.889878,-2.519878,-2.499878,-2.879878,-3.1198778,-2.959878,-2.699878,-2.6198778,-2.759878,-2.899878,-2.629878,-2.5698779,-3.929878,-4.059878
-2.879878,-4.169878,-3.8298779,-3.8198779,-4.859878,-4.909878,-5.139878,-4.099878,-4.1798778,-4.639878,-4.189878,-4.419878,-3.699878,-2.499878,-2.429878,-2.799878,-3.149878,-3.229878,-3.279878,-3.269878,-3.149878,-3.1198778,-3.669878,-3.739878,-3.959878,-4.339878,-5.099878,-5.4698777,-5.269878,-4.879878,-5.289878,-5.389878,-6.139878,-5.6798778,-5.139878,-4.799878,-4.799878,-4.549878,-4.319878,-4.349878,-4.079878,-3.8398778,-3.709878,-3.0998778,-2.429878,-1.3698779,-2.0898778,-2.479878,-2.419878,-2.269878,-1.2898779,-0.97987795,-2.189878,-2.049878,-1.6698779,-1.4198779,-2.0998778,-1.6498779
