data/wind/wind-json-20190404.json
{"header": { "discipline":0, "disciplineName":"Meteorological products", "gribEdition":2, "gribLength":74545, "center":7, "centerName":"US National Weather Service - NCEP(WMC)", "subcenter":0, "refTime":"2019-04-04T00:00:00.000Z", "significanceOfRT":1, "significanceOfRTName":"Start of forecast", "productStatus":0, "productStatusName":"Operational products", "productType":1, "productTypeName":"Forecast products", "productDefinitionTemplate":0, "productDefinitionTemplateName":"Analysis/forecast at horizontal level/layer at a point in time", "parameterCategory":2, "parameterCategoryName":"Momentum", "parameterNumber":3, "parameterNumberName":"V-component_of_wind", "parameterUnit":"m.s-1", "genProcessType":2, "genProcessTypeName":"Forecast", "forecastTime":0, "surface1Type":103, "surface1TypeName":"Specified height level above ground", "surface1Value":10.0, "surface2Type":255, "surface2TypeName":"Missing", "surface2Value":0.0, "gridDefinitionTemplate":0, "gridDefinitionTemplateName":"Latitude_Longitude", "numberPoints":65160, "shape":6, "shapeName":"Earth spherical with radius of 6,371,229.0 m", "gridUnits":"degrees", "resolution":48, "winds":"true", "scanMode":0, "nx":360, "ny":181, "basicAngle":0, "lo1":0.0, "la1":90.0, "lo2":359.0, "la2":-90.0, "dx":1.0, "dy":1.0 }, "data":
[rows 26 to 51 of 181, columns 177 to 235 of 360]
-3.607848,-4.097848,-5.1278477,-4.457848,-3.797848,-3.9578478,-3.607848,-3.537848,-2.777848,-2.817848,-8.337848,-7.8178477,-5.1078477,-3.307848,-2.657848,-1.5078479,-1.577848,-2.827848,-3.897848,-4.437848,-5.417848,-5.167848,-1.7278479,-1.0478479,-3.9378479,-4.137848,-3.4878478,-3.4778478,-3.557848,-3.7178478,-4.167848,-4.407848,-4.927848,-5.5478477,-5.287848,-4.257848,-1.3178478,-1.957848,-0.9578479,-3.097848,-6.747848,-4.177848,-4.257848,-3.377848,-2.7578478,-3.4878478,-4.467848,-4.847848,-4.5878477,-3.2278478,-2.9278479,-2.317848,-1.3878479,-1.9778479,-2.147848,-1.5578479,-0.4378479,-2.537848,-3.9978478
-5.367848,-5.777848,-4.777848,-4.917848,-4.097848,-3.337848,-3.077848,-3.607848,-4.477848,-5.707848,-5.947848,-4.807848,-4.0678477,-3.2578478,-3.407848,-3.317848,-4.0678477,-5.177848,-5.217848,-4.907848,-3.787848,-1.4878479,-1.2678479,-2.9578478,-6.097848,-7.437848,-3.1678479,-2.847848,-2.9678478,-4.217848,-5.0678477,-5.287848,-0.8178479,-4.327848,-4.987848,-3.777848,-3.077848,-4.687848,-5.217848,-3.6678479,-3.897848,-2.6878479,-2.557848,-3.297848,-2.9478478,-3.347848,-4.387848,-2.9678478,-3.6678479,-3.327848,-2.4578478,-1.6278479,-2.127848,-3.047848,-2.877848,-1.4478478,-1.0978479,-1.0678478,-2.357848
-8.567848,-7.327848,-7.167848,-5.0878477,-3.6778479,-3.057848,-2.627848,-2.537848,-2.867848,-2.9878478,-3.1678479,-3.327848,-3.387848,-3.4778478,-3.7178478,-4.167848,-4.807848,-3.387848,-3.037848,-3.647848,-3.6978478,-2.027848,-2.887848,-6.037848,-3.7578478,-3.397848,-6.507848,-5.937848,-4.8178477,-1.1478479,-1.957848,-1.457848,-5.577848,-5.327848,-2.397848,-3.037848,-4.907848,-7.097848,-3.1678479,1.1921521,-1.8078479,-1.4978479,-1.7378479,-3.4578478,-2.9178479,-2.4378479,-6.007848,-5.207848,-3.617848,-2.4978478,-1.0578479,-2.307848,-3.567848,-0.6378479,0.0621521,1.0221521,0.18215209,-1.4878479,-1.2978479
-6.867848,-6.217848,-4.827848,-3.4178479,-2.6978478,-2.5078478,-2.9578478,-2.637848,-2.517848,-2.347848,-2.157848,-1.967848,-1.967848,-2.617848,-2.7478478,-2.877848,-3.277848,-3.887848,-3.777848,-3.657848,-4.427848,-6.137848,-6.137848,-1.0278479,-1.837848,-4.0878477,-4.167848,-3.4578478,-0.7678479,-0.6578479,1.3821521,-2.307848,-7.6278477,-3.577848,-3.907848,-0.3078479,-5.007848,-5.147848,-3.397848,-1.8778479,-2.1978478,-1.837848,-1.6978478,-1.2978479,-4.517848,-3.147848,-4.207848,-4.677848,-3.877848,-1.0078479,-1.5578479,-0.9278479,0.7321521,1.7621521,0.9921521,-0.1578479,-0.8978479,-1.3078479,-0.7578479
-3.2378478,-2.4878478,-1.9178479,-1.3778479,-1.1378479,-0.9978479,-0.7778479,-1.1778479,-1.3578479,-0.9678479,-1.327848,-1.8878479,-2.4378479,-2.767848,-3.2378478,-3.137848,-1.9378479,-2.9678478,-3.587848,-3.547848,-3.557848,-2.817848,-0.2178479,0.8221521,-0.9178479,-4.197848,-5.197848,-3.7378478,-1.457848,0.8021521,-0.0378479,-5.737848,-5.867848,-3.307848,-1.2878479,-4.247848,-4.867848,-1.9878479,1.0221521,3.632152,3.132152,2.882152,1.6021521,2.372152,-0.3678479,-3.797848,-4.7978477,-4.187848,-5.257848,-4.157848,-3.1978478,-1.1778479,-0.2778479,0.3021521,0.3121521,-1.1978478,-1.9078479,1.2121521,1.7121521
0.2821521,0.5921521,0.7421521,0.6721521,0.5621521,0.6021521,0.8121521,0.9721521,0.6921521,-0.7178479,-1.327848,-1.4478478,-1.0478479,-0.7378479,-0.9478479,-1.4278479,-1.707848,-1.7978479,-1.7778479,-2.127848,-2.4878478,-1.0578479,-0.2778479,-0.3178479,-3.267848,-7.327848,-5.167848,-2.607848,-1.077848,-0.4678479,-7.1078477,-8.917848,0.2621521,1.4521521,-1.2278479,-1.3078479,-0.5678479,0.3021521,1.2721521,2.442152,3.192152,3.2921522,3.722152,3.5021522,3.342152,0.9121521,0.9021521,1.7621521,1.9421521,2.462152,1.9921521,0.7421521,-0.7478479,-2.907848,-2.087848,-2.057848,-2.527848,-0.5778479,-1.5478479
2.152152,2.2821522,2.0721521,1.662152,1.6221521,1.2221521,0.8621521,0.7321521,0.3521521,-0.0778479,0.1521521,-0.0378479,-0.0878479,-0.2378479,-0.3478479,-0.0978479,-0.2278479,-0.6178479,-1.5178479,-1.5978479,-1.2878479,-1.457848,-1.7878479,-2.847848,-4.8378477,-5.027848,0.6321521,1.1421521,1.3821521,0.5121521,-1.2678479,-3.1778479,-0.5178479,1.1021521,2.0621521,2.452152,2.612152,2.5721521,2.202152,1.8621521,1.4721521,1.0521522,0.6521521,0.2921521,0.2021521,0.3721521,0.5621521,0.4621521,-0.4078479,3.3321521,2.5621521,2.7921522,2.2621522,2.0121522,2.2921522,1.7021521,1.0921521,1.8821521,0.6121521
4.002152,4.002152,3.622152,3.2721522,3.0221522,2.682152,2.2821522,1.672152,0.9821521,0.8921521,0.7621521,-1.0178479,-1.7678479,-0.5578479,-0.3478479,0.0021520995,-0.2478479,-0.4478479,-0.5378479,-1.2678479,-2.017848,-2.307848,-3.377848,-5.3778477,-2.4178479,2.8021522,2.112152,1.5221521,-0.2978479,0.8021521,3.862152,2.152152,0.9021521,1.5521522,2.0821521,2.092152,2.0721521,2.122152,2.102152,1.8421521,1.1021521,-0.027847901,-1.0678478,-1.9178479,-2.057848,-2.107848,-2.057848,-2.127848,1.0121521,4.302152,3.3021522,3.432152,3.3321521,1.9921521,2.0621521,1.6221521,1.8521521,1.5021521,1.5621521
5.1421523,4.972152,4.692152,4.4121523,3.982152,3.402152,2.592152,1.8821521,1.1121521,0.3021521,1.032152,1.4821521,0.0221521,-3.347848,-0.1578479,1.6021521,1.412152,0.3621521,0.7521521,0.7121521,-2.077848,-2.6778479,-1.5578479,2.092152,-0.6878479,-0.1878479,2.112152,2.202152,1.782152,1.3121521,0.8521521,0.6821521,0.6721521,0.5021521,0.6221521,1.6921521,3.3121521,3.422152,2.722152,1.6421521,0.1521521,-1.5378479,-2.777848,-3.527848,-3.9378479,-3.787848,-3.7178478,-2.627848,-2.267848,4.082152,2.8021522,4.1821523,3.7421522,2.862152,2.142152,2.2521522,0.8721521,1.6521521,0.9721521
5.9321523,5.712152,5.692152,5.462152,4.9521523,4.1621523,2.8221521,2.392152,2.132152,1.3721521,1.042152,1.032152,0.5821521,-0.5178479,-3.327848,-0.7778479,-0.1678479,-0.6878479,-0.9578479,0.9921521,0.9621521,-4.557848,-2.837848,-1.3778479,2.212152,3.972152,4.582152,4.282152,3.8021522,3.122152,2.8221521,2.7721522,2.7421522,2.852152,3.472152,4.1421523,3.892152,3.5721521,3.112152,1.6921521,-0.1878479,-1.837848,-2.797848,-3.327848,-3.407848,-3.377848,-3.547848,-2.607848,-0.4078479,4.802152,4.072152,3.222152,3.5321522,2.092152,1.8621521,1.9721521,1.9321522,2.0021522,2.3321521
8.252152,7.4521523,6.572152,6.042152,6.1421523,5.852152,4.722152,3.112152,2.2421522,1.4821521,1.542152,1.3021522,0.6521521,0.6521521,-0.9378479,-2.357848,-0.9178479,-1.0678478,-0.3378479,0.1921521,-0.6678479,-1.5578479,-0.1378479,1.792152,3.3021522,3.852152,4.062152,4.022152,3.0321522,2.392152,2.142152,2.5821521,3.0121522,3.622152,4.002152,4.002152,3.882152,3.5221522,2.612152,1.2121521,-0.1878479,-1.1578479,-1.7278479,-1.9478478,-2.027848,-2.117848,-1.5378479,0.0421521,2.5721521,5.1821523,5.582152,1.8221521,8.552152,3.702152,3.692152,1.6221521,2.382152,1.6421521,1.5221521
10.622152,10.272152,9.282152,8.202152,7.2021523,6.072152,5.322152,4.3921523,3.0821521,2.0421522,1.2121521,0.4121521,-0.5878479,-1.3978479,1.2021521,-0.0778479,-2.4478478,-2.807848,-0.4878479,1.1921521,1.8321521,1.9621521,1.6221521,1.5221521,3.0121522,4.092152,3.982152,3.622152,3.342152,2.982152,2.612152,3.412152,4.022152,3.712152,3.412152,3.682152,3.622152,2.7721522,1.7321521,1.1221521,0.5721521,0.3421521,0.3821521,0.6321521,0.5921521,0.4621521,0.7621521,1.5921521,2.5321522,3.2421522,3.882152,1.2421521,6.332152,6.072152,3.142152,1.792152,1.5121521,1.8621521,0.7121521
10.972152,10.592152,10.182152,8.792152,7.592152,4.992152,5.152152,2.5021522,2.132152,2.222152,0.1921521,-1.6878479,-2.4878478,-1.7378479,-0.7978479,-1.1878479,-1.5378479,-1.3078479,-0.4378479,0.7321521,1.782152,2.372152,2.662152,2.472152,2.5521522,3.0321522,4.232152,4.282152,3.922152,3.3121521,3.3121521,3.872152,3.732152,3.2821522,3.092152,2.2721522,1.8321521,1.4421521,1.0521522,0.6321521,0.5321521,0.6721521,0.7921521,0.7921521,0.9421521,1.2421521,1.672152,2.0421522,2.402152,2.722152,2.7821522,2.162152,2.7421522,4.102152,4.352152,1.3021522,0.9121521,1.3721521,0.5421521
12.722152,11.9621525,10.932152,10.602152,9.042152,7.6421523,5.742152,3.862152,1.5721521,1.3221521,-1.077848,-2.887848,-4.637848,-5.287848,-4.8778477,-4.177848,-3.2478478,-1.6778479,0.3221521,2.0121522,2.932152,4.012152,4.072152,3.932152,3.2621522,2.8021522,3.2521522,4.002152,4.112152,4.032152,3.472152,3.0821521,3.3021522,3.2421522,2.5121522,1.7521521,0.7721521,0.3621521,0.1121521,0.1021521,0.3521521,1.1421521,1.8221521,2.2721522,2.652152,2.8021522,2.892152,2.9921522,3.102152,3.152152,3.132152,3.0821521,3.2421522,3.2421522,2.872152,-0.5378479,0.2321521,0.9621521,2.402152
12.872152,12.032152,10.892152,9.852152,9.242152,7.742152,5.6221523,3.2721522,0.8721521,-1.0278479,-2.9678478,-6.1278477,-8.087848,-9.0378475,-8.407848,-6.207848,-3.567848,-0.9878479,2.0321522,4.252152,5.522152,6.342152,7.052152,7.082152,5.402152,4.062152,3.402152,3.8021522,3.8221521,3.3221521,2.402152,2.0421522,1.912152,1.7121521,1.6821522,1.3221521,0.7221521,-0.0478479,-0.3578479,0.1721521,0.6521521,0.7921521,2.412152,3.3321521,4.032152,4.102152,4.262152,4.692152,4.812152,4.6821523,4.4521523,4.272152,3.882152,3.5121522,2.5421522,-0.6178479,0.7221521,0.2621521,-0.8678479
12.432152,11.312152,10.242152,8.9221525,7.792152,7.032152,5.242152,2.682152,0.3621521,-3.817848,-3.9878478,-8.217848,-11.127848,-12.507848,-12.487848,-11.477848,-7.617848,-2.847848,1.7421521,5.722152,8.722152,9.892152,10.142152,9.282152,8.4621525,6.802152,4.6221523,3.5321522,3.422152,2.632152,1.4521521,0.0121521,-0.5478479,0.5021521,2.0321522,2.0321522,0.4321521,-0.6778479,-0.3478479,1.4821521,3.8221521,4.6821523,4.6421523,4.9521523,5.572152,5.752152,5.7021523,5.6821523,5.752152,5.582152,5.472152,5.002152,4.592152,4.092152,2.7921522,-0.3078479,-2.307848,-0.9378479,3.202152
11.682152,10.7121525,9.342152,8.2121525,7.022152,6.1421523,4.722152,2.422152,-0.4478479,-3.2578478,-6.5478477,-8.797848,-12.887848,-16.517847,-17.937847,-10.687848,-5.437848,-0.5178479,5.4521523,10.092152,12.362152,14.202152,14.542152,12.072152,9.882153,9.382153,7.262152,5.062152,3.362152,2.0021522,1.5021521,0.6221521,1.3421521,4.4121523,5.482152,3.8021522,1.292152,1.3221521,3.202152,5.102152,5.362152,5.282152,5.382152,4.9321523,4.882152,5.112152,6.562152,7.542152,7.522152,6.6421523,6.492152,6.252152,5.602152,4.732152,3.392152,1.2721521,-0.6278479,1.3021522,6.332152
10.362152,9.432152,8.552152,7.802152,6.922152,5.542152,3.882152,2.2521522,0.0121521,-2.9578478,-6.207848,-8.847848,-12.597848,-17.237848,-16.797848,-7.3178477,-6.667848,1.4721521,7.272152,14.742152,17.612152,15.372152,13.952152,17.272152,14.112152,11.622152,10.182152,7.6821523,5.782152,3.982152,2.5121522,2.602152,3.392152,3.7521522,3.672152,2.352152,0.8721521,0.8621521,1.7621521,2.412152,3.102152,4.042152,4.822152,4.792152,4.472152,4.602152,5.062152,7.652152,9.2121525,7.942152,7.192152,6.462152,5.852152,5.352152,4.312152,3.092152,2.452152,3.0021522,4.532152
10.2121525,10.452152,8.952152,6.9521523,5.602152,4.502152,3.122152,1.5821521,0.3421521,-1.8978479,-4.827848,-7.637848,-9.867847,-12.0778475,-12.937848,-7.167848,-2.7378478,4.532152,10.812152,16.452152,19.022152,16.912151,12.802152,11.392152,16.582151,14.782152,11.452152,9.4621525,7.242152,5.012152,4.502152,3.152152,2.0221522,1.5721521,2.3021522,1.282152,-1.3978479,-1.2278479,-1.4478478,-1.077848,2.112152,4.382152,5.552152,6.282152,5.752152,5.042152,4.8721523,6.172152,9.2121525,8.012152,7.632152,7.042152,6.352152,5.752152,5.1421523,4.2021523,3.5121522,3.652152,4.422152
1.9921521,10.812152,9.132153,7.502152,6.542152,5.042152,3.5321522,1.8421521,0.3521521,-1.087848,-3.127848,-5.3378477,-6.887848,-7.187848,-5.987848,-3.4778478,0.7421521,5.792152,10.252152,13.132153,14.002152,12.532152,10.792152,8.182152,12.492152,16.932152,14.732152,11.822152,9.102152,6.362152,3.2721522,1.4821521,1.0621521,-2.057848,-1.1578479,0.4921521,-1.1278479,-4.3578477,-3.137848,3.652152,5.7021523,6.312152,7.1221523,8.652152,8.092152,6.582152,5.742152,5.342152,7.492152,10.552152,9.1721525,8.092152,7.152152,6.402152,5.6421523,4.922152,4.522152,4.442152,3.982152
12.2121525,14.492152,15.082152,9.972152,7.352152,5.482152,3.702152,2.112152,0.7621521,-0.6778479,-2.627848,-3.907848,-4.527848,-4.537848,-3.647848,-1.4978479,1.3921521,4.092152,6.4121523,8.142152,8.382153,7.8921523,7.042152,5.342152,7.402152,16.012152,16.132153,14.052152,10.862152,7.462152,4.332152,1.5621521,-0.8878479,-2.7478478,-3.2178478,-2.117848,-1.7578479,-1.6878479,1.5821521,4.572152,5.742152,6.572152,6.632152,6.472152,9.522152,8.942152,6.3721523,5.712152,8.192152,10.382153,9.632153,8.592152,7.752152,7.042152,6.172152,5.292152,4.342152,3.702152,2.7421522
10.442152,14.432152,15.562152,13.902152,10.942152,8.122152,5.8721523,2.8121521,0.6521521,-0.5578479,-1.6178479,-2.277848,-3.157848,-3.267848,-2.527848,-1.087848,0.6121521,2.352152,3.622152,4.1821523,4.012152,4.022152,3.432152,2.2721522,4.012152,14.042152,16.512152,14.752152,12.182152,9.132153,5.592152,2.222152,0.3721521,-2.137848,-2.4678478,-1.967848,-1.6178479,-0.3178479,1.3921521,3.892152,5.362152,6.132152,5.972152,5.222152,6.472152,10.552152,6.842152,5.492152,7.9521523,9.932152,9.722152,8.9621525,8.142152,7.3721523,5.812152,4.482152,4.092152,2.5821521,1.162152
9.592152,14.312152,16.192152,12.872152,9.842152,7.782152,5.992152,3.722152,1.5821521,0.1321521,-1.0678478,-1.4878479,-2.287848,-2.4378479,-1.9778479,-1.0978479,0.0221521,1.0521522,1.4521521,1.422152,1.5821521,1.7021521,1.1021521,0.3821521,2.7821522,11.192152,14.782152,13.762152,12.1721525,9.6721525,6.7021523,3.732152,0.6521521,-0.4678479,-1.467848,-1.9478478,-1.0478479,0.1921521,2.8121521,3.482152,3.692152,3.5521522,4.132152,3.972152,3.7821522,8.632153,7.672152,4.852152,6.9521523,10.392152,9.702152,9.292152,8.9221525,7.262152,5.842152,4.1621523,3.0521522,1.6421521,1.3821521
9.772152,13.392152,13.502152,11.872152,9.812152,7.992152,5.752152,4.1221523,2.5121522,1.1021521,0.0221521,-0.6678479,-1.2478479,-1.837848,-1.7878479,-1.6978478,-1.337848,-0.9378479,-0.7178479,-0.1478479,0.18215209,0.0321521,-0.6178479,-0.5378479,3.142152,9.402152,14.042152,13.982152,12.002152,9.912152,7.532152,4.712152,2.372152,0.2321521,-0.7078479,-0.8178479,-0.7178479,-0.1578479,0.5721521,1.2721521,1.5721521,1.542152,2.142152,2.192152,2.122152,6.272152,7.422152,4.102152,5.822152,10.252152,9.522152,9.4621525,8.662152,7.532152,6.052152,4.102152,1.2421521,1.662152,0.8821521
10.842152,13.472152,11.632153,11.1721525,10.822152,8.972152,6.712152,4.6421523,2.982152,1.4321522,0.0421521,-0.9778479,-1.827848,-2.627848,-3.057848,-3.277848,-3.2378478,-2.9178479,-2.607848,-2.017848,-1.6378479,-1.7878479,-1.8578479,0.3221521,5.552152,8.772152,11.892152,12.972152,11.452152,9.722152,8.002152,5.8721523,3.2521522,1.7121521,0.2821521,-0.5978479,-1.0078479,-0.9878479,-0.6978479,-0.3478479,0.0721521,0.5621521,0.6821521,0.8921521,0.9721521,5.942152,6.422152,3.2521522,3.902152,10.142152,9.222152,9.072152,7.862152,5.962152,3.7521522,2.0321522,1.7021521,2.372152,1.5721521
11.592152,12.592152,10.632153,9.432152,8.892152,7.942152,6.342152,4.9521523,3.222152,1.7121521,0.3321521,-1.0678478,-2.077848,-2.847848,-3.4678478,-4.0878477,-3.7578478,-3.7178478,-3.7278478,-3.2078478,-2.787848,-2.9878478,-1.1578479,2.8121521,5.922152,8.882153,10.792152,11.842152,10.612152,9.4621525,7.352152,6.022152,4.422152,2.092152,0.8921521,0.0721521,-0.5778479,-0.8078479,-0.7078479,-0.6078479,-0.4478479,-0.3378479,-0.1678479,-0.5178479,0.3321521,5.8921523,4.942152,1.7721521,1.1921521,9.492152,8.352152,8.142152,7.022152,5.042152,3.442152,2.5421522,2.092152,1.922152,0.6521521
