data/wind/wind-json-20190405.json
{"header": { "discipline":0, "disciplineName":"Meteorological products", "gribEdition":2, "gribLength":74549, "center":7, "centerName":"US National Weather Service - NCEP(WMC)", "subcenter":0, "refTime":"2019-04-05T00:00:00.000Z", "significanceOfRT":1, "significanceOfRTName":"Start of forecast", "productStatus":0, "productStatusName":"Operational products", "productType":1, "productTypeName":"Forecast products", "productDefinitionTemplate":0, "productDefinitionTemplateName":"Analysis/forecast at horizontal level/layer at a point in time", "parameterCategory":2, "parameterCategoryName":"Momentum", "parameterNumber":3, "parameterNumberName":"V-component_of_wind", "parameterUnit":"m.s-1", "genProcessType":2, "genProcessTypeName":"Forecast", "forecastTime":0, "surface1Type":103, "surface1TypeName":"Specified height level above ground", "surface1Value":10.0, "surface2Type":255, "surface2TypeName":"Missing", "surface2Value":0.0, "gridDefinitionTemplate":0, "gridDefinitionTemplateName":"Latitude_Longitude", "numberPoints":65160, "shape":6, "shapeName":"Earth spherical with radius of 6,371,229.0 m", "gridUnits":"degrees", "resolution":48, "winds":"true", "scanMode":0, "nx":360, "ny":181, "basicAngle":0, "lo1":0.0, "la1":90.0, "lo2":359.0, "la2":-90.0, "dx":1.0, "dy":1.0 }, "data":
[rows 104 to 129 of 181, columns 228 to 284 of 360]
-1.5092993,-1.3792993,-0.7492993,-0.119299315,0.7707007,1.3207006,1.8007007,2.2507007,2.4007006,2.2407007,1.8107007,1.3907007,0.80070066,0.93070066,0.8807007,0.92070067,0.8807007,0.9607007,1.7207007,1.8707007,2.2007008,2.3407006,2.4407008,2.1007006,1.8407006,1.7407007,1.5507007,1.9607006,2.7307007,3.0307007,3.0007007,2.7007008,2.5007007,2.3307006,2.4007006,3.0807006,3.0507007,3.0107007,3.1207006,3.2107008,3.4607008,3.3607006,3.4807007,2.9907007,3.1207006,4.5307007,5.390701,5.4207006,4.8207006,4.6907005,4.7707005,4.2207007,4.430701,4.2707005,3.8707006,3.0507007,1.8507007
-2.0692992,-1.9492993,-1.6092993,-0.6692993,-0.08929931,0.6607007,1.0807006,1.6507007,1.9007007,1.9107007,1.2407007,1.3307006,0.80070066,0.3307007,0.80070066,0.8207007,0.48070067,-0.5392993,0.6407007,1.2007006,1.6307007,1.9907007,2.3807006,2.3707006,2.0207007,1.0907006,1.1507007,1.8407006,2.6807008,3.2207007,2.8007007,2.5007007,2.0507007,1.9207007,2.1807008,2.1007006,2.1107006,1.8607007,2.4107008,2.6107006,2.5107007,2.7907007,2.9207008,3.6307006,4.1507006,4.430701,4.5207005,4.6307006,4.5307007,4.3607006,4.390701,4.790701,4.620701,4.6707006,3.8707006,3.5507007,3.0607007
-2.0092993,-2.4892993,-1.7892994,-0.9192993,-0.2592993,-0.17929931,0.42070067,0.86070067,1.0707006,1.1307007,1.3907007,1.2007006,0.15070069,-0.14929932,0.3907007,0.7907007,1.6107007,1.3907007,0.80070066,0.93070066,0.7307007,1.2507007,1.8707007,2.1807008,1.7207007,1.3907007,1.2607007,1.6307007,2.4807007,3.0007007,3.0807006,2.5507007,1.7507007,1.3907007,1.1707007,1.2307007,1.5607007,1.8207006,2.0007007,2.6607008,2.6107006,3.0707006,3.4807007,3.9007006,4.180701,4.350701,4.4207006,4.5307007,4.6707006,4.310701,4.5107007,4.620701,4.7407007,4.5307007,4.1907005,3.6107006,3.0207007
-1.1892993,-2.1792994,-2.4492993,-0.8492993,-0.08929931,-0.7092993,7.0068357E-4,-0.46929932,0.7807007,0.61070067,1.0407007,1.3307006,-0.26929933,-0.8392993,-0.06929932,0.3407007,0.6007007,0.9107007,0.68070066,0.8307007,-0.079299316,1.2707007,1.2607007,1.2307007,1.0107007,1.6907007,1.9207007,2.1007006,2.2707007,2.4707007,2.1207006,2.3507006,1.7707007,1.2507007,1.2707007,0.92070067,0.9707007,1.5807006,2.0407007,2.4907007,2.6507006,2.7107008,3.2407007,3.2907007,3.4007006,3.7607007,4.0907006,4.2207007,4.7607007,4.890701,4.350701,4.2407007,4.560701,4.4407005,4.140701,3.7507007,3.1207006
-0.20929931,-0.039299317,-0.039299317,-0.93929935,-0.33929932,-1.0492994,0.25070068,0.7307007,0.100700684,-0.20929931,0.26070067,0.5107007,-0.22929932,-0.8592993,-0.3792993,-0.32929933,0.020700684,0.5707007,0.5207007,1.3307006,0.010700684,0.11070068,0.7907007,0.99070066,1.0307007,1.2707007,1.2707007,1.9907007,2.3007007,1.7007006,1.6807007,1.8207006,1.3507007,0.8907007,0.5407007,1.0307007,1.0507007,1.3507007,1.6407007,1.7707007,1.9607006,2.4107008,2.5507007,2.5807006,3.1607008,3.3607006,3.5407007,3.8307006,4.1907005,4.7607007,4.6507006,4.5907006,4.830701,4.6107006,4.0907006,3.7107008,3.6407006
2.1607008,2.5907006,3.0207007,2.0307007,2.8307006,1.7307007,1.4607006,3.3507006,0.9107007,-2.0792992,-0.6592993,0.13070068,-0.81929934,-1.5592993,-1.0392994,-0.63929933,-0.87929934,-0.75929934,-0.30929932,0.6407007,-0.09929932,0.15070069,0.3407007,0.45070067,0.41070068,0.8907007,1.5207007,2.5407007,2.9507008,1.6007007,1.1407007,0.87070066,1.2307007,0.47070068,0.74070066,0.3407007,0.3407007,0.68070066,0.7307007,0.9507007,1.1807007,1.3007007,1.7807007,1.9707007,2.0907006,3.1707008,4.640701,4.930701,3.3207006,4.4607005,4.8007007,4.3607006,4.2407007,4.0007005,4.6307006,3.8907006,3.4107008
3.6707008,3.7007008,3.9607008,4.560701,4.870701,5.3207006,5.9807005,6.600701,7.330701,3.2907007,0.18070069,-0.4792993,-0.8092993,-2.1992993,-1.9892993,-1.2292993,-1.1992993,-1.3792993,-1.3592993,-0.5992993,-0.49929932,-0.9592993,-0.14929932,0.22070068,-0.019299317,0.5107007,1.3307006,2.1707008,2.7107008,1.0107007,0.44070068,0.6507007,0.6407007,0.6007007,0.48070067,0.6007007,1.0607007,0.6507007,0.20070069,0.38070068,0.7507007,1.6707007,2.6207006,3.4607008,4.580701,5.0307007,4.7007008,5.0307007,4.5307007,4.930701,5.0307007,4.7207007,4.600701,4.4607005,4.3207006,4.2407007,3.9607008
1.8807007,2.6307006,3.2007008,3.9407008,4.580701,5.0107007,5.2007008,5.290701,5.4907007,6.0707006,6.5107007,5.0707006,1.3007007,-1.9892993,-2.7992992,-2.5692992,-1.9392993,-1.4792993,-1.7492993,-1.4192994,-1.5192993,-0.6192993,-0.7192993,-0.15929931,-0.19929932,0.16070068,0.31070068,2.3007007,1.7007006,0.35070068,-0.17929931,0.41070068,0.12070069,0.040700685,0.060700685,0.100700684,0.22070068,0.4907007,0.7207007,0.7907007,1.4807007,2.5807006,3.8807006,4.160701,4.430701,4.600701,4.560701,4.7307005,5.0307007,5.540701,5.2507005,5.2207007,5.3207006,4.5507007,3.9307008,3.8407006,3.9907007
1.9407007,2.4207008,2.9607008,3.3307006,3.6907008,4.1507006,4.580701,4.5707006,4.4407005,4.5507007,5.2407007,5.930701,6.930701,6.310701,3.1507006,-2.8892994,-3.2892992,-2.7392993,-2.4692993,-1.7892994,-1.3092993,-0.7892993,-0.9592993,-0.62929934,-0.6692993,-0.4792993,0.07070068,2.2107008,0.13070068,-0.19929932,0.020700684,-0.22929932,-0.14929932,0.28070068,0.42070067,0.20070069,0.4007007,0.5307007,0.67070067,1.5107007,2.6807008,3.4707007,2.9707007,3.0507007,3.5507007,4.4007006,4.830701,5.2507005,5.410701,5.4207006,5.930701,5.8207006,5.2007008,4.910701,3.8507006,4.540701,3.4807007
1.7207007,2.0407007,2.4907007,3.1607008,3.4407008,3.6807008,3.9207008,4.2507005,4.290701,4.0907006,3.6807008,4.370701,5.3407006,6.330701,6.640701,7.2307005,4.9207006,-3.5692992,-3.4292994,-3.0292993,-1.5792993,-0.93929935,-1.4592993,-0.3792993,-1.2992994,-1.7592993,-0.7392993,1.5107007,-0.8092993,-0.23929931,-0.29929933,-0.3892993,0.4607007,0.5007007,0.12070069,0.5207007,0.9807007,0.80070066,1.4007007,1.6107007,1.0407007,1.2307007,1.9307007,2.5707006,3.2707007,3.4607008,3.7107008,4.140701,5.0207005,5.2607007,5.5207005,6.0507007,6.350701,5.120701,4.0707006,3.8307006,4.290701
1.9107007,2.2707007,2.6507006,2.6407006,3.2307007,3.6707008,4.0207005,3.9407008,4.390701,4.790701,4.600701,4.640701,4.9907007,5.350701,5.3207006,5.6307006,6.3607006,8.240701,0.020700684,-4.149299,-3.3392992,-1.8092993,-1.9492993,-1.4092994,-1.4292994,-2.8392992,-1.1192993,1.3307006,-1.0992993,-0.7892993,-1.2592993,-0.49929932,1.2607007,0.6307007,0.4607007,-0.079299316,-0.08929931,0.060700685,-0.49929932,-0.26929933,0.17070068,0.48070067,1.2607007,2.1007006,2.4307008,2.7007008,3.0907006,3.5907006,4.1907005,4.8607006,5.2707005,5.7407007,6.1907005,6.540701,6.430701,5.1707006,4.4507008
1.2807007,1.6607007,2.0707006,2.5507007,3.1007006,3.3907006,4.180701,4.5507007,4.2007008,4.5707006,4.9807005,4.8607006,4.9707007,5.040701,5.0507007,5.120701,5.2607007,5.8807006,6.7107005,4.5007005,-4.209299,-3.7492993,-3.0092993,-2.1792994,-1.7492993,-2.8792994,-1.8592993,0.21070069,-1.2792993,-1.9392993,-2.5392992,-1.3692993,0.5207007,-0.4492993,-0.6092993,-1.0592993,-1.5192993,-1.6192993,-1.4892993,-1.2192993,-0.62929934,-0.049299315,0.55070066,1.0007007,1.4707007,1.7907007,2.1907008,2.5307007,3.0707006,3.7707007,4.3207006,4.910701,5.5307007,6.2807007,6.6107006,6.410701,6.0507007
2.3107007,2.7207007,2.9007006,3.0707006,3.3407006,3.5907006,3.7307007,4.1107006,4.5507007,4.3007007,4.310701,4.560701,4.870701,4.8407006,4.7407007,4.6307006,4.3407006,4.9407005,5.0307007,5.040701,5.1107006,-4.3292994,-4.419299,-3.6992993,-2.7792993,-3.6792994,-3.0592992,-1.3692993,-2.3892994,-3.0192993,-3.6792994,-2.3292992,-0.30929932,-0.93929935,-1.4592993,-1.3792993,-1.8892993,-1.9792993,-2.1392994,-1.5492994,-1.3492993,-0.8092993,-0.2592993,0.25070068,0.7507007,1.3407006,1.7207007,1.7607007,1.7607007,2.5507007,3.1307006,3.4407008,4.5207005,5.5007005,5.5707006,7.2807007,6.9207006
1.6907007,2.5707006,3.1007006,3.3707006,4.3207006,4.4507008,4.640701,4.6707006,4.0007005,4.580701,4.9807005,5.2107005,5.4607005,5.7607007,5.540701,5.0007005,4.4907007,4.1307006,4.4707007,4.3207006,3.3407006,5.790701,-5.2492995,-4.6792994,-4.2892995,-4.6392994,-4.3492994,-3.4892993,-2.5192993,-4.319299,-4.9892993,-3.9592993,-1.1792994,-0.5892993,-2.3592994,-1.8592993,-2.2692993,-2.5692992,-2.5592992,-2.2992992,-1.9692993,-1.3192993,-0.46929932,0.3007007,1.5607007,2.0007007,2.1907008,2.0807006,1.7907007,1.7807007,3.6707008,4.580701,5.5907006,6.6307006,7.0107007,6.5307007,7.6907005
1.4807007,2.4807007,2.9307008,3.6007006,4.430701,4.7307005,4.6107006,4.9007006,4.9007006,4.3607006,4.4007006,4.790701,5.1507006,5.2807007,5.5707006,5.5907006,5.1707006,4.9607005,4.6307006,3.8607006,3.6707008,2.4107008,5.060701,-6.5092993,-5.7592993,-5.9092994,-5.0292993,-4.5992994,-3.3892994,-5.5792994,-6.3292994,-5.8892994,-3.4192994,-1.1592994,-2.9792993,-2.8492994,-2.6792994,-2.7092993,-2.9592993,-2.7792993,-1.9192994,-1.3592993,-0.12929931,0.81070065,1.8107007,2.7507007,2.7207007,2.3807006,1.8307006,1.5107007,2.1507006,4.310701,5.6107006,6.600701,7.4507008,7.830701,8.240701
1.3007007,2.3407006,3.2507007,3.8907006,4.8407006,5.0507007,6.4007006,6.580701,5.8407006,5.4707007,5.2407007,5.0707006,4.810701,5.1907005,5.6707006,6.0007005,6.080701,5.6907005,4.5007005,3.7507007,3.1907008,2.7507007,1.6407007,3.6907008,-7.8892994,-7.2192993,-6.6392994,-5.1392994,-5.2992992,-6.0392995,-7.2392993,-6.589299,-5.8892994,-3.8192992,-3.6492994,-3.6892993,-3.2592993,-2.5292993,-2.1092994,-2.5292993,-2.1892993,-1.2292993,0.12070069,1.2507007,2.0507007,2.4407008,3.2107008,3.9407008,2.2207007,2.3907006,3.7007008,5.3807006,6.5107007,6.8607006,6.8207006,7.3007007,7.6907005
0.9407007,2.4607008,3.1907008,4.4707007,5.160701,6.1307006,6.680701,6.7707005,6.910701,6.4407005,6.5907006,6.2207007,5.580701,5.4007006,5.580701,6.0507007,6.040701,5.7107005,5.1907005,3.9707007,2.1507006,1.5007007,1.3707007,0.4607007,1.5407007,-8.799299,-8.219299,-6.7892995,-6.3292994,-6.5092993,-7.7192993,-7.2592993,-6.6992993,-6.0092993,-4.3092995,-3.5992994,-2.6292994,-2.9492993,-2.7792993,-2.3192992,-2.0192993,-1.2792993,-0.2892993,1.0607007,2.4607008,2.3007007,1.4307007,2.4807007,2.6007006,2.9707007,4.2707005,5.390701,6.0107007,6.290701,6.560701,6.9507008,7.790701
1.7207007,3.0007007,4.5907006,5.0507007,5.620701,6.120701,6.660701,7.2707005,7.120701,7.0307007,7.2407007,7.3607006,7.3607006,7.2007008,6.790701,6.2307005,5.660701,5.0307007,4.620701,4.060701,2.6307006,0.4307007,-0.7092993,-0.33929932,-0.9292993,-0.9092993,-9.379299,-8.469299,-7.129299,-7.1392994,-8.679299,-8.099299,-7.399299,-6.6992993,-5.839299,-5.0392995,-3.9192994,-3.4492993,-3.2692993,-3.2092993,-2.6292994,-1.6692994,-0.22929932,1.3107007,1.3807007,1.1907007,1.3007007,2.0707006,3.2607007,3.6007006,3.7607007,4.4207006,5.370701,6.2107005,7.120701,7.790701,8.300701
2.2807007,3.4707007,3.8007007,4.5107007,5.2507005,6.0107007,6.6307006,7.120701,7.4407005,7.4607005,7.4207006,7.2007008,6.9507008,6.7607007,6.5007005,6.2307005,5.790701,5.2207007,4.4507008,3.5407007,2.7307007,1.4407007,-0.88929933,-2.5292993,-1.8692993,-2.0892992,-3.5692992,-10.179299,-8.579299,-8.429299,-9.909299,-9.2793,-7.959299,-7.4692993,-6.459299,-5.5992994,-5.0492992,-4.379299,-3.7392993,-4.1392994,-3.0792992,-1.5092993,7.0068357E-4,-0.08929931,-0.50929934,0.17070068,1.3207006,1.6707007,1.7407007,2.0507007,2.8507006,3.9607008,5.1907005,6.640701,7.890701,8.7607,9.280701
1.8307006,3.0007007,4.5207005,5.4507008,5.8007007,6.2107005,6.6307006,7.0707006,7.540701,7.7507005,7.8007007,7.620701,7.3007007,7.0907006,7.2507005,6.7007008,5.7407007,4.870701,4.1907005,3.4307008,2.6207006,1.0907006,-0.68929935,-2.5192993,-4.0192995,-3.3992994,-2.7092993,-6.0592995,-10.159299,-9.8993,-10.629299,-10.629299,-9.959299,-9.089299,-7.9992995,-6.9992995,-6.2392993,-5.3892994,-3.8892994,-3.8692994,-2.1892993,-1.1292993,-2.0392992,-1.7792993,-1.0692993,-0.22929932,0.31070068,0.7107007,0.7307007,1.4207007,2.6307006,3.7507007,5.3207006,6.790701,7.9807005,8.900701,9.490701
1.8007007,3.2207007,4.4407005,5.3407006,5.7807007,6.1507006,6.5907006,7.2407007,7.810701,8.250701,8.490701,8.460701,8.370701,8.300701,8.070701,7.410701,6.5107007,5.370701,4.390701,3.3207006,2.0407007,0.5107007,-1.2092993,-2.6892993,-3.8792994,-5.2592993,-4.899299,-3.0292993,-10.059299,-11.879299,-10.469299,-10.389299,-10.869299,-10.209299,-9.219299,-8.0293,-7.5292993,-6.7292995,-4.9892993,-4.089299,-1.8692993,-1.0492994,-4.2692995,-3.0592992,-2.0092993,-0.7392993,-0.27929932,-0.4192993,0.050700683,1.1807007,2.3807006,3.8107007,5.3007007,6.6507006,7.930701,9.090701,9.900701
1.8907007,3.4307008,4.600701,5.5107007,6.2107005,6.640701,6.8407006,7.290701,8.130701,8.840701,9.050701,8.9707,8.820701,8.9807005,9.330701,8.7707,7.9407005,6.7007008,5.2607007,3.8407006,1.8907007,0.060700685,-1.7392993,-3.3292992,-4.379299,-5.109299,-6.0292993,-6.0092993,-2.5192993,-13.329299,-12.0192995,-11.329299,-11.1893,-10.509299,-9.8993,-8.949299,-8.2393,-7.2492995,-6.379299,-4.669299,-2.5292993,-3.1692994,-5.1392994,-4.0992994,-2.8392992,-1.7792993,-1.7492993,-1.7092993,-0.68929935,0.9707007,2.4707007,3.8107007,5.160701,6.3407006,7.7607007,9.190701,10.410701
2.5107007,3.9907007,5.1307006,6.0707006,6.8407006,7.180701,7.560701,7.9807005,8.460701,9.1007,9.410701,9.540701,9.610701,9.6407,9.7607,9.790701,9.2207,8.070701,6.7207007,5.0007005,2.4007006,-0.09929932,-1.8392993,-3.1892993,-4.629299,-5.379299,-5.9892993,-6.4692993,-6.6592994,-7.7592993,-14.0693,-12.7692995,-12.679299,-11.469299,-10.169299,-9.539299,-7.9892993,-6.609299,-5.379299,-5.6392994,-4.5192995,-5.0592995,-6.1992993,-5.1592994,-4.0292993,-3.2792993,-3.2192993,-2.7192993,-1.5792993,0.030700684,1.6907007,3.2307007,4.5007005,5.7707005,7.2807007,8.9707,10.450701
3.0207007,4.140701,5.2607007,6.2607007,7.140701,7.7807007,7.910701,8.320701,8.7607,9.200701,9.650701,10.150701,10.3507,10.190701,10.500701,10.2607,9.880701,9.040701,7.7607007,6.0207005,3.4307008,0.25070068,-1.9692993,-3.5992994,-4.7992992,-5.9692993,-6.5292993,-7.169299,-7.919299,-5.819299,-13.789299,-13.909299,-12.509299,-12.579299,-11.889299,-10.169299,-9.2293,-8.009299,-6.649299,-6.4892993,-5.9492993,-6.1992993,-6.5992994,-6.0792994,-5.1792994,-4.5992994,-4.3092995,-3.7592993,-2.6292994,-1.1692994,0.47070068,1.9807007,3.4507008,4.9507008,6.4807005,7.9407005,9.2207
3.2207007,4.160701,5.2407007,6.410701,7.3207006,7.9007006,8.420701,8.750701,9.030701,9.320701,9.8507,10.2207,10.410701,10.660701,10.9307,11.380701,11.440701,10.710701,8.580701,6.330701,3.4607008,0.3707007,-2.2692993,-3.9892993,-5.3492994,-6.359299,-7.589299,-8.139299,-8.289299,-8.889299,-7.5792994,-14.8193,-13.3993,-11.909299,-12.7393,-10.7793,-9.3993,-8.339299,-6.7792993,-5.939299,-5.459299,-7.609299,-7.379299,-6.7592993,-5.9492993,-5.439299,-5.0392995,-4.4892993,-3.7492993,-2.6892993,-1.1692994,0.62070066,2.0907006,3.5807006,5.310701,6.6507006,7.620701
3.2707007,4.2407007,5.430701,6.4807005,7.2107005,7.7007008,8.110701,8.610701,9.0107,9.3507,9.900701,10.400701,10.690701,10.900701,11.290701,12.1407,12.900701,12.490701,10.450701,7.350701,3.8007007,0.5907007,-2.7892992,-4.9992995,-6.3892994,-7.2592993,-8.199299,-8.969299,-8.9893,-9.2793,-8.6493,-14.5693,-14.329299,-12.639299,-12.119299,-11.6093,-10.449299,-8.839299,-7.5492992,-6.3892994,-8.169299,-7.7492995,-7.4092994,-7.1592994,-6.4292994,-5.9992995,-5.5492992,-5.069299,-4.4292994,-3.6992993,-2.6892993,-0.7692993,1.2107006,2.4307008,3.9907007,5.4007006,6.2307005
