data/wind/wind-json-20190405.json
{"header": { "discipline":0, "disciplineName":"Meteorological products", "gribEdition":2, "gribLength":74452, "center":7, "centerName":"US National Weather Service - NCEP(WMC)", "subcenter":0, "refTime":"2019-04-05T00:00:00.000Z", "significanceOfRT":1, "significanceOfRTName":"Start of forecast", "productStatus":0, "productStatusName":"Operational products", "productType":1, "productTypeName":"Forecast products", "productDefinitionTemplate":0, "productDefinitionTemplateName":"Analysis/forecast at horizontal level/layer at a point in time", "parameterCategory":2, "parameterCategoryName":"Momentum", "parameterNumber":2, "parameterNumberName":"U-component_of_wind", "parameterUnit":"m.s-1", "genProcessType":2, "genProcessTypeName":"Forecast", "forecastTime":0, "surface1Type":103, "surface1TypeName":"Specified height level above ground", "surface1Value":10.0, "surface2Type":255, "surface2TypeName":"Missing", "surface2Value":0.0, "gridDefinitionTemplate":0, "gridDefinitionTemplateName":"Latitude_Longitude", "numberPoints":65160, "shape":6, "shapeName":"Earth spherical with radius of 6,371,229.0 m", "gridUnits":"degrees", "resolution":48, "winds":"true", "scanMode":0, "nx":360, "ny":181, "basicAngle":0, "lo1":0.0, "la1":90.0, "lo2":359.0, "la2":-90.0, "dx":1.0, "dy":1.0 }, "data":
[rows 50 to 74 of 181, columns 171 to 227 of 360]
11.475422,10.905422,9.915422,9.685422,8.765423,7.7854223,8.365422,7.5754223,5.8954225,4.6254225,4.7454224,5.5054226,5.9154224,6.2054224,6.7254224,7.7254224,8.165422,8.985422,9.685422,8.815422,8.955422,9.215423,8.1254225,8.155422,10.755423,9.385423,3.9954224,4.735422,6.3654222,6.8354225,7.6054225,8.565422,9.6254225,10.525422,11.795423,13.095423,13.845423,14.795423,15.525422,15.565422,15.855422,15.845423,15.695422,15.635423,16.085423,17.045422,17.595423,18.105423,18.385422,17.885422,17.635422,16.335423,14.775422,7.0254226,3.2554224,3.3754225,3.5354223
11.865422,11.025422,10.655422,10.775422,10.565422,10.115422,8.595423,7.8954225,6.2254224,3.4454224,3.0254223,3.6454225,4.7454224,5.635422,6.1054225,5.7654223,5.405422,7.3754225,8.655422,8.445422,8.415422,9.315422,10.995422,11.215423,9.765423,6.8454223,4.9154224,5.0854225,5.715422,5.8254223,6.8354225,7.4754224,7.9554224,8.735422,9.715423,10.705422,11.5854225,12.495422,13.285422,13.845423,14.105422,14.235422,14.215423,13.725422,14.525422,15.445422,15.975422,16.505423,16.855423,17.025423,17.145422,15.8754225,15.255423,9.8754225,6.3754225,5.2754226,4.7054224
10.905422,10.425423,10.535422,10.6254225,10.575422,9.595423,8.115422,7.0154223,5.985422,4.4954224,3.9754224,3.7354224,3.8454223,3.7954223,4.5554223,5.3154225,5.5354223,6.2954226,6.8154225,7.0454226,7.5954223,9.825422,11.555423,10.745422,8.675423,6.1254225,3.9654224,3.4754224,4.405422,4.4354224,4.5054226,5.655422,6.3654222,7.0254226,7.6254225,8.315422,9.0854225,9.955422,10.915422,11.605422,12.175423,12.685422,13.025422,12.815422,13.035422,13.765423,14.185422,14.775422,15.1254225,15.205422,15.515423,15.105422,13.345423,10.325422,8.315422,6.8254223,5.735422
11.175423,10.415422,10.395422,10.975422,10.665422,9.925423,7.4154224,4.8754225,2.2354224,-0.044577636,1.1454223,2.0854223,3.0754223,2.8354223,2.8754225,3.6754224,4.5354223,4.8054223,5.905422,7.485422,9.215423,10.645422,10.915422,10.3354225,9.575422,6.8954225,3.7854223,2.1054223,2.6454225,4.1254225,4.4154224,4.155422,4.1654224,4.635422,5.465422,6.0854225,6.7754226,7.6454225,8.615422,9.415422,10.025422,10.515423,10.915422,11.365422,11.655422,11.865422,12.165422,12.605422,13.205422,13.975422,14.055423,14.245422,11.485422,9.305423,8.145422,7.5454226,6.7954226
11.415422,11.255423,10.965423,10.395422,9.595423,8.135423,3.4254224,0.08542237,-3.3345776,2.2154224,4.7454224,2.9654224,1.0754224,1.2154224,1.4854224,2.1054223,3.2254224,4.5754223,6.3454223,8.445422,9.645422,9.565422,9.675423,10.065422,10.705422,10.715423,8.975422,4.3654222,0.7354224,0.7954224,2.7454224,4.7754226,5.1854224,4.3754225,4.195422,4.155422,4.6054225,5.2554226,5.965422,6.8954225,7.445422,7.8454223,8.305423,8.885423,9.325422,9.725422,10.255423,10.885423,11.825422,12.5854225,13.305423,13.615422,10.545423,8.1254225,7.7854223,7.2054224,6.9754224
11.915422,11.205422,10.795423,10.615422,9.785422,7.8754225,5.3154225,5.465422,8.715423,6.3354225,4.5154223,3.4854224,3.9354224,3.6854224,2.9654224,3.4554224,4.2754226,5.3554225,6.9154224,7.695422,7.8654222,7.9154224,8.3754225,9.075422,9.975422,10.5854225,11.075422,11.6254225,11.465423,7.8254223,3.3454223,1.8154224,2.6654224,3.4254224,3.6654224,3.7954223,3.7754223,3.7554224,4.1454225,4.6254225,5.2754226,5.5454226,6.0254226,6.735422,7.5554223,8.265423,9.045423,10.115422,10.915422,12.195422,13.175423,13.065422,10.535422,6.945422,5.0854225,6.945422,7.2054224
11.935422,11.565422,10.915422,10.225422,9.665422,8.705422,7.7654223,8.995422,7.3054223,5.0354223,3.9454224,2.6954224,1.6954224,1.5154223,2.9754224,5.6154222,6.5254226,5.985422,5.6154222,5.3654222,5.5554223,6.2054224,6.9154224,7.7854223,8.235422,9.255423,10.175423,10.745422,11.355422,11.965423,12.305423,9.015423,3.5054224,0.49542236,0.47542235,1.4454224,1.3754224,1.7054224,2.6154222,3.6254225,3.7854223,3.9754224,4.2954226,5.0554223,6.4154224,7.6854224,8.845423,9.915422,11.105422,12.385423,13.135423,12.825422,8.645422,7.7854223,6.5154223,5.2254224,6.7454224
11.505423,11.025422,10.0854225,9.425423,8.815422,8.225422,8.115422,8.325422,6.8554225,6.3554225,6.5554223,6.0054226,4.635422,4.8554225,5.7054224,5.6254225,4.7654223,4.1854224,5.195422,5.9554224,6.905422,7.7754226,7.7254224,7.8154225,8.425423,9.185422,10.035422,10.505423,10.345423,10.275422,10.165422,10.275422,10.545423,10.565422,8.785422,4.6654224,1.1754223,0.21542236,1.4854224,2.2254224,2.2254224,2.3954225,2.9054224,3.9154224,5.195422,6.5654225,7.9754224,9.645422,11.215423,12.445422,12.425423,11.015423,9.525422,8.025422,7.5954223,7.2454224,6.675422
9.955422,9.705422,9.395422,8.435422,7.1854224,8.185422,8.175423,7.2454224,6.5654225,5.3154225,4.1054225,4.3554225,1.2854223,-2.6545777,2.8354223,7.1154222,7.7454224,7.9354224,8.035422,7.7854223,7.6654224,7.5254226,7.3454223,7.7654223,8.515423,9.005423,9.185422,9.035422,9.815422,9.575422,9.145422,8.765423,8.485422,8.195422,8.175423,7.8054223,7.6154222,7.2454224,6.945422,6.5054226,5.6454225,5.2854223,6.3054223,7.905422,8.5854225,9.075422,9.825422,10.865422,11.655422,11.665422,10.685422,9.6254225,8.755423,8.055423,7.5854225,6.8454223,6.4954224
7.9554224,8.115422,7.8654222,7.5654225,8.965423,7.5454226,7.0254226,5.8054223,4.485422,2.5654223,-1.1645776,4.4954224,8.975422,6.945422,6.945422,6.7454224,6.655422,6.7654223,6.7454224,6.6654224,6.5554223,6.4154224,6.5754223,7.0154223,7.3154225,7.7754226,8.025422,8.235422,7.9954224,7.8054223,7.7554226,7.425422,7.0854225,7.0354223,6.9754224,7.195422,7.385422,7.195422,6.8754225,7.175422,7.3054223,7.4754224,7.8354225,8.045423,8.175423,8.705422,9.495422,9.985422,10.025422,9.575422,8.955422,8.495422,7.925422,7.425422,6.9154224,6.4554224,5.635422
6.155422,6.3654222,7.5654225,8.355422,6.7854223,6.3154225,5.195422,2.6954224,1.5554223,9.115422,7.0354223,7.5454226,7.3054223,6.7254224,6.445422,6.4754224,6.3254223,6.2454224,6.0454226,5.885422,5.735422,5.485422,5.4954224,5.8654222,6.215422,6.2554226,6.445422,6.7854223,6.715422,6.465422,6.5754223,6.5554223,6.1454225,5.945422,6.0854225,6.1254225,6.2254224,6.5754223,6.6154222,6.5054226,6.695422,7.1454225,7.4754224,7.4954224,7.175422,7.8654222,8.725422,8.895422,8.595423,8.065422,7.8754225,7.7854223,7.5754223,7.0854225,6.3154225,5.0854225,4.3554225
5.0554223,6.5154223,6.8654222,6.2854223,4.8554225,3.6754224,1.8054223,7.4754224,7.2454224,6.8254223,6.8454223,6.7654223,6.385422,6.155422,6.0554223,5.7854223,5.695422,5.3054223,5.2754226,5.1054225,4.8054223,4.4554224,4.425422,4.6154222,4.9554224,5.0554223,5.3054223,5.5554223,5.4954224,5.2954226,5.2954226,5.3654222,5.385422,5.3254223,5.235422,5.2254224,5.5354223,5.715422,5.8054223,6.0354223,6.4154224,6.5454226,6.6254225,6.5154223,6.5854225,7.3954225,7.7454224,7.7954226,7.5354223,7.4354224,7.385422,7.2454224,6.6054225,5.6254225,4.6854224,3.9354224,3.3754225
4.9754224,5.985422,5.735422,4.1254225,1.3054223,4.885422,9.495422,6.7554226,5.9954224,6.0454226,5.7454224,5.675422,5.5254226,5.4754224,5.2754226,4.965422,4.6154222,4.3054223,4.0554223,3.7654223,3.5754223,3.2754223,3.2654223,3.4254224,3.5454223,3.4454224,3.3954225,3.4554224,3.4754224,3.5054224,3.5654223,3.6554224,3.8154223,3.9254224,4.0654225,4.2654223,4.5654225,4.7954226,4.715422,5.1854224,5.4354224,5.735422,5.7854223,6.0754223,6.215422,6.3754225,6.445422,6.3954225,6.5254226,6.445422,6.0754223,5.6854224,5.0954223,4.1054225,3.2954223,3.0054224,3.0354223
4.6054225,4.7254224,1.5254223,5.0054226,8.715423,7.5154223,5.715422,5.5154223,5.655422,5.3554225,5.195422,4.9554224,4.8454223,4.7854223,4.2854223,3.7454224,3.4954224,3.1254225,2.6954224,2.2854223,1.9254223,1.4454224,1.4054223,1.4054223,1.2354224,1.0254223,0.93542236,0.9254224,0.9254224,0.9654224,1.0954224,1.4054223,1.8154224,2.1854224,2.5554223,2.8754225,3.2554224,3.6954224,3.9854224,4.195422,4.3754225,4.4554224,4.7454224,4.925422,5.0854225,5.0754223,5.0454226,4.9154224,4.655422,4.4154224,4.0354223,3.5754223,3.6654224,2.8954225,2.3454223,2.5154223,3.1054223
1.0754224,4.3254223,9.805423,7.6454225,5.925422,5.4754224,5.1854224,4.735422,4.8454223,5.0654225,4.7654223,4.6854224,4.4354224,4.2454224,3.6154222,2.8554223,2.3254223,1.7454224,1.0154223,0.36542237,-0.07457764,-0.60457766,-0.6445776,-0.67457765,-0.8445776,-0.9645776,-1.1645776,-1.3245777,-1.5645776,-1.6645776,-1.4145776,-0.93457764,-0.41457763,0.11542236,0.55542237,0.86542237,1.2054224,1.5954224,1.9854224,2.2054224,2.2954223,2.4154224,2.5454223,2.7154224,2.9054224,2.9954224,2.8954225,2.4254224,2.0754223,1.8054223,1.7054224,1.8454224,2.0354223,1.8454224,1.6354223,2.0554223,2.8154223
9.855422,8.825422,6.465422,5.715422,5.1254225,4.5154223,4.215422,3.9554224,3.8754225,3.9854224,4.0154223,3.7454224,3.3054223,2.6254225,1.8954223,1.4054223,0.64542234,0.11542236,-0.54457766,-1.1645776,-1.6445776,-2.0245776,-2.3645775,-2.2845776,-2.3645775,-2.4345777,-2.6645777,-3.0145776,-3.4145777,-3.4545777,-3.1845777,-2.8645775,-2.5345776,-2.1245775,-1.8345777,-1.5345776,-1.2345777,-0.8945776,-0.5845776,-0.44457763,-0.5345776,-0.49457765,-0.20457764,0.18542236,0.48542237,0.6554224,0.57542235,0.23542236,-0.10457764,-0.32457763,-0.29457763,0.055422362,0.43542236,0.6054224,0.9754224,1.5954224,2.1454225
7.7054224,6.2454224,5.9954224,4.1854224,2.9454224,3.0954223,2.9954224,2.5354223,2.1654224,2.6254225,2.2954223,2.1654224,1.7254224,0.99542236,0.31542236,-0.25457764,-0.5745776,-1.0345776,-1.7845776,-2.3245776,-2.7745776,-3.1545777,-3.3345776,-3.4845777,-3.4445777,-3.5245776,-3.8545775,-4.2945776,-4.6945777,-4.7345777,-4.4445777,-4.4345775,-4.2045774,-3.9945776,-3.8245776,-3.4945776,-3.2645776,-3.1345778,-2.9545777,-2.8345776,-2.8545775,-2.7845776,-2.3545775,-1.9945776,-1.7245777,-1.6245776,-1.5545776,-1.6145777,-1.7745776,-1.9045776,-1.7245777,-1.2645776,-0.69457763,-0.124577634,0.51542234,0.9854224,1.3954223
6.0254226,5.215422,3.9054224,2.7854223,1.5754224,0.89542234,1.2654223,1.1654223,0.83542234,0.48542237,0.51542234,0.51542234,0.035422362,-0.5945776,-1.2945776,-1.9245776,-2.8345776,-2.9745777,-3.2545776,-3.5745776,-3.8745775,-4.1645775,-4.3545775,-4.3345776,-4.2345777,-4.1945777,-4.6345778,-5.2345777,-6.114578,-6.114578,-5.2245774,-5.514578,-5.4745774,-5.4045777,-5.2245774,-4.8945775,-4.8545775,-4.804578,-4.6745777,-4.6745777,-4.6845775,-4.594578,-4.2745776,-3.8545775,-3.4645777,-3.2145777,-2.9445777,-2.7845776,-2.5545776,-2.4645777,-2.2845776,-2.0345776,-1.8245777,-1.4045776,-0.0145776365,1.6654223,2.5454223
4.1254225,3.5854223,3.4754224,2.7354224,-0.6445776,-0.66457766,-0.55457765,-0.75457764,-0.7145776,-1.2145777,-1.0845777,-0.8345776,-1.6245776,-2.0445776,-2.4245777,-3.0545776,-3.8445776,-4.7545776,-4.9445777,-5.1745777,-5.264578,-5.364578,-5.094578,-4.9845777,-4.7445774,-4.5645776,-3.5645776,-2.9345777,-2.3945777,1.4154223,-5.324578,-6.5645776,-6.1245775,-6.4945774,-6.094578,-5.7245774,-5.6245775,-5.5245776,-5.5445776,-5.5645776,-5.614578,-5.5845776,-5.3145776,-4.8845778,-4.4845777,-4.094578,-3.7545776,-3.7345777,-3.7245777,-3.4545777,-2.9245777,-1.9945776,-0.79457766,0.11542236,0.21542236,0.12542236,0.23542236
1.8954223,2.6654224,2.9054224,0.14542237,-1.5545776,-1.7545776,-3.1245775,-4.1345778,-3.6545777,-3.8445776,-3.0345776,-2.2845776,-3.0445776,-3.1445777,-3.8645775,-4.554578,-5.6645775,-6.3745775,-6.2745776,-6.3845778,-6.2745776,-6.1945777,-6.054578,-5.7945776,-5.2045774,-4.7245774,-5.4145775,-5.2545776,-5.1445775,-4.824578,-3.7945776,-3.8645775,-1.1745776,-5.7145777,-6.2245774,-5.7345777,-5.784578,-5.7345777,-5.7445774,-5.8545775,-6.1345778,-6.344578,-6.4345775,-6.2045774,-5.8945775,-5.4745774,-5.0245776,-4.514578,-3.8745775,-3.1745777,-2.8245776,-2.6945777,-2.7045777,-2.4745777,-2.3045776,-2.1245775,-2.1445777
0.46542236,1.2354224,2.1054223,-1.5445776,-2.4645777,-3.9345777,-4.4545774,-4.6745777,-4.4945774,-4.594578,-4.534578,-4.2245774,-4.8745775,-4.4945774,-5.114578,-5.2545776,-5.824578,-6.5045776,-6.9645777,-6.9245777,-6.8945775,-7.094578,-7.2145777,-6.6945777,-6.0445776,-5.7745776,-5.4145775,-5.804578,-5.7545776,-5.4645777,-5.2945776,-5.784578,-7.7045774,1.5854224,-5.6245775,-5.4445777,-6.1345778,-6.284578,-6.344578,-6.6345778,-6.8545775,-6.7345777,-6.6345778,-6.534578,-6.2745776,-5.8145776,-5.2745776,-4.9545774,-4.7945776,-4.8845778,-4.6945777,-4.574578,-4.2545776,-3.9145777,-3.7145777,-3.6645777,-3.5345776
-1.0545776,-0.87457764,-0.9045776,-2.2745776,-3.0245776,-2.3845778,-4.1245775,-5.2045774,-5.0245776,-4.9745774,-5.264578,-5.5845776,-5.6045775,-5.4545774,-5.6945777,-6.0245776,-6.4645777,-6.8745775,-7.2345777,-7.1345778,-7.514578,-7.9745774,-8.274578,-8.174578,-7.3945775,-6.614578,-6.514578,-6.4145775,-6.9845777,-7.0045776,-6.4645777,-5.9845777,-5.264578,-3.4545777,-6.1045775,-5.9645777,-6.6845775,-6.8745775,-6.7045774,-6.6945777,-6.824578,-7.054578,-6.9445777,-6.7245774,-6.7745776,-6.2945776,-5.9745774,-5.9545774,-5.6945777,-5.7045774,-5.5845776,-5.264578,-5.034578,-4.804578,-4.594578,-4.4645777,-4.3945775
-2.9145777,-3.0845776,-2.8645775,-3.6045775,-4.034578,-4.4645777,-5.3745775,-5.844578,-6.074578,-5.594578,-5.6945777,-5.9345775,-6.074578,-6.0845776,-6.2745776,-6.4645777,-6.824578,-7.3345776,-7.614578,-7.554578,-7.5445776,-7.7545776,-7.4845777,-8.304578,-8.294578,-7.9145775,-7.6545777,-7.5845776,-7.1645775,-7.8845778,-8.434578,-8.654577,-9.144578,-8.824577,-7.5445776,-6.804578,-6.6545777,-6.7545776,-6.9845777,-7.014578,-7.1645775,-7.2045774,-7.2445774,-7.4745774,-7.7545776,-7.5045776,-7.0645776,-6.8945775,-6.534578,-6.2345777,-6.1545777,-5.824578,-5.5845776,-5.4845777,-5.344578,-5.2245774,-5.0245776
-3.9245777,-4.6245775,-4.3845778,-3.9245777,-4.2545776,-5.1845775,-5.8745775,-6.034578,-5.844578,-5.9345775,-6.094578,-6.2145777,-6.2145777,-6.4045777,-6.5445776,-6.7545776,-7.2345777,-7.824578,-8.134578,-8.1245775,-8.074577,-8.184578,-8.384578,-8.184578,-8.544578,-8.6245775,-8.364577,-8.134578,-8.774578,-9.134578,-9.1645775,-9.484577,-9.324577,-8.714578,-7.8545775,-7.304578,-7.304578,-7.284578,-7.4145775,-7.6245775,-7.7145777,-7.7445774,-8.1645775,-8.614577,-8.534577,-8.264578,-7.864578,-7.554578,-7.2045774,-6.7445774,-6.4645777,-6.2345777,-6.0045776,-5.8945775,-5.9045777,-5.7745776,-5.6945777
-4.9845777,-5.5045776,-5.7745776,-5.4545774,-5.1345778,-5.554578,-6.1345778,-6.3945775,-6.1245775,-5.8745775,-5.9945774,-6.3545775,-6.6645775,-7.014578,-7.264578,-7.5445776,-8.034577,-8.544578,-8.864577,-8.834578,-8.714578,-8.184578,-8.134578,-8.704577,-9.334578,-9.384578,-9.254578,-9.214578,-9.184578,-9.484577,-9.994577,-10.324577,-10.114577,-9.264578,-8.574577,-7.9845777,-7.6945777,-7.594578,-7.7345777,-7.824578,-8.174578,-8.674578,-9.034577,-9.084578,-8.8745775,-8.634578,-8.314578,-7.9845777,-7.7245774,-7.2245774,-6.784578,-6.3945775,-6.1645775,-6.2045774,-6.3345776,-6.4645777,-6.6445775
