data/wind/wind-json-20190404.json
{"header": { "discipline":0, "disciplineName":"Meteorological products", "gribEdition":2, "gribLength":74603, "center":7, "centerName":"US National Weather Service - NCEP(WMC)", "subcenter":0, "refTime":"2019-04-04T00:00:00.000Z", "significanceOfRT":1, "significanceOfRTName":"Start of forecast", "productStatus":0, "productStatusName":"Operational products", "productType":1, "productTypeName":"Forecast products", "productDefinitionTemplate":0, "productDefinitionTemplateName":"Analysis/forecast at horizontal level/layer at a point in time", "parameterCategory":2, "parameterCategoryName":"Momentum", "parameterNumber":2, "parameterNumberName":"U-component_of_wind", "parameterUnit":"m.s-1", "genProcessType":2, "genProcessTypeName":"Forecast", "forecastTime":0, "surface1Type":103, "surface1TypeName":"Specified height level above ground", "surface1Value":10.0, "surface2Type":255, "surface2TypeName":"Missing", "surface2Value":0.0, "gridDefinitionTemplate":0, "gridDefinitionTemplateName":"Latitude_Longitude", "numberPoints":65160, "shape":6, "shapeName":"Earth spherical with radius of 6,371,229.0 m", "gridUnits":"degrees", "resolution":48, "winds":"true", "scanMode":0, "nx":360, "ny":181, "basicAngle":0, "lo1":0.0, "la1":90.0, "lo2":359.0, "la2":-90.0, "dx":1.0, "dy":1.0 }, "data":
[rows 26 to 51 of 181, columns 118 to 176 of 360]
-1.749668,-1.809668,-1.899668,-1.9496679,-2.659668,-1.5896679,-0.949668,-1.6896679,-3.219668,-2.879668,-2.319668,-1.019668,-0.13966797,-0.18966797,-0.60966796,-1.289668,-1.119668,-0.44966796,-0.889668,-1.429668,-1.5796679,-1.609668,-0.649668,0.06033203,0.69033206,1.900332,-0.019667968,0.83033204,0.970332,-0.949668,-0.33966798,1.270332,0.81033206,0.680332,2.700332,0.530332,-0.639668,-1.0796679,-1.749668,-2.549668,-2.949668,-2.0196679,-1.9496679,-1.599668,-3.829668,-4.449668,-2.469668,-3.469668,-3.069668,-2.319668,-4.409668,-4.8796678,-3.889668,-2.729668,-2.219668,-2.909668,-0.059667967,-2.489668,-4.1496677
-1.499668,-1.919668,-1.529668,-1.679668,-2.859668,-1.979668,-1.659668,-1.1896679,-1.529668,-2.599668,-2.479668,-2.379668,-1.879668,-1.7196679,-1.499668,-1.3196679,-1.139668,-1.349668,-1.119668,-1.9496679,-1.369668,-1.779668,-1.099668,-0.33966798,0.13033204,1.450332,2.2403321,0.96033204,1.770332,1.130332,-0.47966796,-1.429668,0.610332,-0.569668,-0.90966797,-0.34966797,-0.23966797,-1.389668,-0.43966797,-2.5196679,-2.349668,-2.299668,-1.919668,0.64033204,-1.9496679,-3.139668,-4.179668,-3.469668,-5.999668,-7.179668,-6.799668,-8.659668,-7.829668,-3.489668,-5.849668,-4.049668,-3.419668,-2.7696679,-4.849668
-1.849668,-2.409668,-2.489668,-3.0296679,-2.569668,-2.139668,-1.7096679,-1.519668,-1.019668,-0.759668,-1.529668,-1.909668,-1.8296679,-1.6996679,-1.7196679,-1.4496679,-0.959668,-0.719668,-0.25966796,-0.36966798,-0.719668,-0.73966795,-0.059667967,-2.319668,-0.759668,-1.899668,-0.45966798,1.850332,-0.569668,0.730332,1.380332,-1.9596679,-2.199668,0.540332,-0.019667968,-0.589668,0.57033205,-0.49966797,0.28033203,0.81033206,-2.399668,-5.3996677,-9.069668,-6.589668,-4.169668,-5.099668,-8.039668,-4.869668,-6.089668,-4.419668,-2.979668,-4.729668,-6.249668,-6.929668,-1.599668,-0.61966795,-4.309668,-9.299668,-12.879668
-2.299668,-2.199668,-2.0296679,-2.149668,-2.679668,-1.8396679,-2.389668,-1.999668,-1.529668,-1.1996679,-0.709668,-0.529668,-0.91966796,-1.149668,-0.949668,-1.019668,-0.889668,-0.19966798,0.34033203,-0.99966794,-0.769668,0.600332,1.120332,-0.819668,0.46033204,-1.019668,-1.7196679,-1.749668,-1.599668,-2.109668,-2.0296679,-1.039668,-2.199668,-2.859668,-3.559668,-0.78966796,-0.99966794,-0.519668,-1.869668,-6.039668,-10.319668,-6.759668,-4.189668,-4.969668,-7.6296678,-5.759668,-6.489668,-6.059668,-2.619668,-2.809668,-6.429668,-8.119668,-12.549668,-13.199668,-11.229668,-14.049668,-15.549668,-16.789667,-17.239668
-1.309668,-1.259668,-0.97966796,-1.169668,-1.9396679,-1.599668,-1.3296679,-1.399668,-1.3396679,-1.1996679,-1.039668,-0.99966794,-1.019668,-0.889668,-1.009668,-1.019668,-0.91966796,-0.29966795,0.26033202,0.23033203,0.870332,1.1803321,1.730332,2.370332,1.5303321,0.07033203,-1.409668,0.32033202,0.43033203,-1.739668,-1.9396679,-0.709668,-1.9696679,-2.239668,-2.239668,-1.7196679,-4.359668,-8.369668,-7.949668,-6.349668,-7.119668,-10.109668,-12.179668,-9.599668,-5.169668,-3.349668,-3.819668,-7.749668,-9.209668,-11.529668,-13.289668,-19.199669,-22.279669,-19.649668,-18.099669,-17.729668,-17.559668,-16.789667,-15.879668
-0.41966796,-0.78966796,-1.0696679,-0.969668,-0.65966797,-1.369668,-0.629668,-0.22966796,-0.80966794,-1.009668,-0.35966796,-0.31966797,-0.709668,-0.61966795,-0.569668,-0.19966798,-0.16966797,-0.08966797,0.17033203,0.24033204,0.59033203,1.5503321,2.200332,2.060332,2.420332,0.930332,2.310332,1.770332,-2.2696679,-1.279668,-1.139668,-2.609668,-2.349668,-3.669668,-3.579668,-7.069668,-7.039668,-6.659668,-7.249668,-8.1396675,-8.449668,-6.799668,-3.089668,-2.969668,-3.859668,-8.149668,-10.3896675,-14.149668,-17.219667,-20.369667,-20.539667,-19.209667,-19.169668,-17.519669,-16.079668,-14.809668,-13.579668,-12.609668,-11.789668
1.8103321,1.640332,1.590332,1.250332,-0.529668,-0.819668,0.14033203,-0.55966794,-0.22966796,0.620332,0.38033202,-0.38966796,0.50033206,1.140332,0.38033202,-0.22966796,-0.08966797,-0.16966797,-0.029667968,0.20033203,0.860332,1.4203321,2.150332,2.390332,0.730332,0.670332,0.83033204,-0.019667968,-0.519668,-1.3196679,-2.359668,-3.229668,-3.5296679,-6.849668,-8.599668,-8.729668,-8.629668,-7.479668,-7.139668,-5.979668,-4.439668,-4.529668,0.57033205,-6.489668,-6.6496677,-8.559668,-11.649668,-14.129668,-17.989668,-17.139668,-16.969667,-16.549667,-14.929668,-13.8896675,-12.779668,-11.709668,-10.649668,-9.719668,-8.749668
2.050332,1.0303321,1.390332,-0.14966796,-0.04966797,-0.79966795,-0.86966795,-0.899668,-0.48966798,-0.41966796,-0.22966796,0.670332,0.17033203,0.88033205,0.540332,0.12033203,0.35033202,0.32033202,0.57033205,0.38033202,1.590332,1.850332,1.5403321,1.2803321,0.620332,0.850332,0.38033202,0.22033203,-0.699668,-2.569668,-3.979668,-5.209668,-6.279668,-6.529668,-7.059668,-7.859668,-8.229668,-7.119668,-6.799668,-4.709668,-5.259668,-2.649668,-6.839668,-7.109668,-2.639668,-6.739668,-10.259668,-14.159668,-13.929668,-14.529668,-15.149668,-14.909668,-14.6396675,-14.609668,-14.379668,-13.919668,-12.949668,-11.839668,-10.519668
1.010332,1.500332,0.88033205,-0.629668,-0.54966795,-0.60966796,-1.279668,-1.349668,-1.289668,-0.48966798,-0.31966797,-0.639668,-0.36966798,-0.28966796,0.37033203,0.38033202,1.200332,0.07033203,1.090332,0.81033206,1.5303321,3.190332,3.070332,2.4903321,1.890332,1.360332,0.65033203,-0.08966797,-2.059668,-3.579668,-3.999668,-4.049668,-6.039668,-6.829668,-6.939668,-7.279668,-7.769668,-5.949668,-6.519668,-3.629668,-1.149668,-2.2596679,-1.149668,3.050332,0.28033203,-4.699668,-10.509668,-11.819668,-13.319668,-14.349668,-15.019668,-15.729668,-16.469667,-16.869667,-16.309668,-14.849668,-13.239668,-12.149668,-11.429668
0.83033204,0.04033203,-0.35966796,-0.72966796,-0.569668,-1.249668,-1.389668,-1.139668,-1.399668,-1.499668,-1.499668,-1.159668,-1.049668,-1.0896679,-1.159668,-0.08966797,0.45033205,1.630332,2.440332,2.2203321,2.300332,3.070332,3.610332,3.550332,2.890332,2.260332,1.140332,-0.26966798,-2.059668,-2.929668,-3.139668,-3.989668,-5.299668,-6.319668,-6.489668,-6.279668,-5.989668,-3.039668,-0.60966796,0.860332,1.110332,0.09033203,1.6703321,0.58033204,1.840332,-7.409668,-9.819668,-11.839668,-12.259668,-13.409668,-14.589668,-15.609668,-15.189668,-13.979668,-13.199668,-12.879668,-12.599668,-11.819668,-10.699668
1.4203321,3.3203125E-4,-1.259668,-1.509668,-2.239668,-1.889668,-2.159668,-1.889668,-1.559668,-0.80966794,-0.44966796,-0.649668,-1.749668,-3.039668,-1.309668,-0.009667968,0.06033203,-1.509668,0.48033202,0.27033204,1.830332,1.6803321,1.990332,5.410332,4.230332,3.290332,2.510332,0.660332,-0.649668,-1.249668,-2.439668,-3.469668,-4.479668,-4.789668,-4.609668,-3.249668,-2.539668,-2.7596679,-1.999668,-0.15966797,1.330332,3.560332,4.890332,-4.739668,-4.109668,-7.339668,-9.729668,-11.3896675,-12.089668,-11.909668,-12.199668,-11.669668,-11.259668,-11.519668,-11.859668,-11.829668,-11.709668,-11.449668,-10.819668
0.36033204,-0.26966798,-1.139668,-2.2696679,-1.6896679,-1.989668,-1.809668,-1.679668,-1.8396679,-1.879668,-2.149668,-2.039668,-2.469668,-2.319668,-1.4496679,-0.97966796,-0.059667967,-0.31966797,0.12033203,0.27033204,0.28033203,1.750332,2.380332,3.960332,4.010332,5.110332,4.1003323,2.500332,0.76033205,-0.009667968,-0.37966797,-1.519668,-2.729668,-2.789668,-2.369668,-1.299668,-2.119668,-1.539668,-1.7196679,-2.199668,3.050332,4.1003323,-2.079668,-5.8796678,-4.819668,-6.249668,-8.069668,-9.549668,-9.8896675,-9.859668,-8.999668,-8.859668,-8.939668,-9.229668,-9.419668,-9.649668,-9.479668,-9.339668,-8.939668
0.730332,-0.55966794,-1.539668,-2.659668,-2.499668,-1.909668,-1.3196679,-0.91966796,-0.839668,-1.649668,-2.0196679,-2.039668,-1.309668,-1.169668,-1.559668,-0.879668,-0.36966798,-0.769668,-0.20966797,1.0403321,-0.25966796,1.230332,2.530332,2.110332,2.560332,5.560332,5.250332,3.960332,2.550332,1.330332,2.020332,0.70033205,-0.21966797,-0.029667968,-0.18966797,-0.889668,-1.3396679,-2.7696679,-0.959668,0.40033203,-0.38966796,-0.90966797,-4.789668,-4.1496677,-2.609668,-3.589668,-3.579668,-4.819668,-6.089668,-5.489668,-6.479668,-6.919668,-7.229668,-7.849668,-7.999668,-7.589668,-6.919668,-5.909668,-5.079668
3.940332,3.040332,2.310332,-2.049668,-3.359668,-2.659668,-1.7196679,-1.279668,-1.1896679,-0.21966797,-0.769668,-1.049668,-0.97966796,-1.669668,-1.119668,-0.35966796,-0.67966795,0.23033203,0.06033203,1.400332,0.680332,0.43033203,1.630332,5.930332,4.080332,2.600332,7.690332,6.050332,4.660332,2.9803321,3.050332,3.690332,2.640332,2.310332,1.7903321,1.2903321,0.77033204,0.88033205,2.630332,2.040332,-3.439668,-4.999668,-3.319668,-2.909668,-1.299668,-0.519668,-0.16966797,-1.119668,-3.199668,-3.359668,-3.229668,-4.799668,-5.389668,-5.009668,-4.339668,-2.999668,-1.359668,-1.399668,-0.41966796
7.480332,5.880332,4.710332,-1.0796679,-2.0096679,-2.959668,-2.479668,-1.8196679,-1.629668,-1.239668,-1.349668,-0.97966796,-1.009668,-2.199668,-1.599668,-0.92966795,-0.04966797,-0.949668,-0.74966794,-1.529668,0.58033204,1.220332,1.270332,1.700332,3.330332,3.610332,2.600332,6.060332,5.610332,5.080332,4.250332,5.300332,4.920332,4.090332,3.900332,3.300332,2.540332,2.320332,1.750332,0.850332,0.09033203,-0.47966796,1.500332,1.650332,1.960332,2.790332,2.610332,1.7903321,0.16033202,-1.099668,-1.5796679,-0.55966794,-0.23966797,-0.80966794,0.69033206,1.0303321,1.860332,2.290332,2.570332
9.630332,9.290332,9.010332,8.370332,0.28033203,-1.529668,-1.3296679,-0.769668,-2.569668,-2.859668,-1.779668,-1.0896679,-1.6996679,-2.959668,-2.159668,-2.119668,-3.189668,-2.879668,-3.239668,-0.60966796,0.14033203,1.070332,0.63033205,0.95033205,1.950332,3.7303321,7.540332,4.110332,6.640332,6.510332,7.060332,5.990332,7.250332,6.980332,6.670332,6.410332,6.180332,5.980332,5.1203322,4.3703322,5.160332,5.830332,5.640332,6.1203322,6.170332,6.040332,5.930332,5.200332,3.7203321,2.850332,2.2303321,1.190332,1.7903321,4.320332,4.540332,4.540332,4.800332,4.460332,4.500332
9.570332,9.580332,8.350332,7.460332,1.5303321,-0.509668,-0.589668,-0.40966797,-2.439668,-3.329668,-2.669668,-2.109668,-2.489668,-3.119668,-3.949668,-3.249668,-4.579668,-3.5196679,-1.049668,-0.029667968,0.530332,0.03033203,-1.169668,0.20033203,4.020332,8.670332,7.340332,7.570332,7.230332,8.430332,8.890332,9.750332,9.770332,9.080332,8.910332,8.200332,8.060332,8.300332,8.320332,7.760332,7.920332,8.930332,9.740332,9.590332,9.440332,9.240332,8.840332,8.960332,8.680332,7.470332,6.3503323,5.900332,6.740332,7.310332,7.800332,7.410332,6.830332,6.380332,6.010332
8.160332,8.490332,8.990332,2.370332,-0.759668,-3.109668,-3.469668,-2.2696679,-1.669668,-1.499668,-1.5696679,-1.749668,-2.369668,-2.749668,-3.7796679,-2.949668,-1.029668,-0.949668,-0.529668,0.32033202,-0.029667968,-1.979668,-1.0696679,-2.199668,2.130332,4.290332,8.210332,8.440332,8.940332,9.020332,10.060332,11.010332,12.320332,11.200332,10.330332,9.930332,9.650332,9.540332,9.980332,10.220332,10.640332,11.450332,12.1103325,12.950332,12.730332,12.560332,11.770332,11.320332,11.030332,10.530332,9.780332,9.8603325,10.400332,9.930332,9.940332,9.310332,8.220332,7.210332,5.070332
5.920332,6.380332,5.140332,1.440332,-2.559668,-6.239668,-7.159668,-5.619668,-5.039668,-1.639668,-1.2196679,1.220332,2.430332,2.670332,0.51033205,0.09033203,0.37033203,0.89033204,1.620332,0.600332,-1.409668,1.880332,3.430332,4.930332,5.6203322,5.980332,7.320332,8.010332,8.890332,10.010332,10.790332,10.490332,9.920332,13.000332,13.720332,13.380332,12.090332,11.280332,11.560332,11.430332,12.090332,12.660332,13.660332,14.370332,15.100332,15.260332,15.330332,14.710332,14.100332,13.880332,14.500332,14.600332,13.270332,12.080332,11.910332,10.920332,8.880332,6.010332,5.550332
4.050332,4.810332,5.130332,4.040332,3.120332,-1.1896679,-3.359668,-6.209668,-6.249668,-4.909668,-0.029667968,0.110332035,2.500332,2.360332,2.930332,1.760332,0.64033204,-0.529668,0.64033204,-1.419668,0.88033205,1.0303321,2.130332,2.580332,4.010332,5.550332,7.810332,7.670332,8.090332,9.430332,8.090332,11.1103325,14.010332,13.580332,13.160332,13.320332,13.6103325,14.280332,14.150332,13.740332,13.670332,14.690332,16.060331,16.840332,17.230331,17.650331,18.630333,19.320332,18.550331,17.810331,17.170332,16.620333,14.850332,13.330332,13.310332,12.290332,9.770332,8.970332,4.860332
4.920332,6.390332,6.490332,7.3703322,7.800332,5.200332,1.5503321,-1.3296679,-2.579668,-2.079668,-1.479668,-0.48966798,2.700332,3.170332,2.420332,3.130332,3.190332,0.45033205,-0.649668,-0.15966797,1.940332,1.460332,2.180332,2.210332,0.29033202,2.9903321,3.290332,4.630332,8.240332,8.570332,11.250332,12.790332,13.680332,14.260332,14.350332,14.980332,14.800332,14.3603325,14.350332,14.580332,14.740332,15.370332,16.270332,17.220331,18.270332,19.360332,20.030333,20.400331,20.110332,18.510332,16.640331,16.090332,15.670332,14.820332,14.870332,14.230332,11.530332,10.450332,10.080332
9.120332,9.800332,10.830332,10.400332,8.880332,4.540332,3.140332,4.8703322,1.080332,-1.309668,0.800332,2.320332,2.600332,1.460332,1.590332,1.970332,2.910332,4.640332,1.520332,-0.66966796,2.840332,4.250332,2.540332,1.230332,0.49033204,4.380332,2.700332,4.060332,6.500332,9.560332,11.440332,11.880332,13.010332,14.230332,14.990332,15.830332,16.180332,16.080332,15.6103325,15.210332,14.970332,15.090332,15.520332,16.380333,17.200333,18.030333,18.280333,19.000332,19.270332,18.830332,17.480331,17.180332,16.600332,14.290332,12.790332,13.140332,12.060332,12.010332,14.790332
4.470332,9.520332,10.1103325,9.280332,7.260332,4.560332,4.1203322,1.370332,0.70033205,1.120332,5.580332,3.7403321,-0.61966795,1.5403321,5.900332,8.340332,8.730332,7.710332,3.920332,1.620332,3.130332,5.3503323,3.7403321,2.390332,2.120332,6.510332,4.330332,5.430332,7.210332,8.780332,9.980332,10.720332,11.370332,12.500332,13.890332,14.750332,15.390332,15.530332,15.400332,15.220332,15.270332,15.770332,16.030333,16.390331,16.690332,16.990332,17.450333,18.010332,18.380333,18.510332,18.090332,17.680332,16.970331,15.590332,14.750332,14.520332,13.430332,14.510332,15.930332
-0.13966797,4.900332,9.240332,8.450332,7.320332,6.280332,-0.25966796,0.90033203,0.32033202,2.180332,3.890332,3.330332,4.950332,5.990332,5.280332,7.720332,8.020332,6.710332,4.330332,2.540332,2.910332,4.8503323,5.700332,5.840332,6.990332,8.260332,8.510332,8.570332,7.660332,8.230332,8.590332,9.440332,11.030332,11.950332,12.520332,13.630332,14.120332,14.6103325,14.730332,15.060332,15.010332,15.390332,15.830332,16.320332,17.070332,17.700333,18.070332,18.070332,17.990332,18.170332,18.020332,17.260332,16.530333,14.780332,14.700332,15.290332,15.740332,13.810332,12.680332
3.660332,3.850332,8.030332,9.080332,6.520332,5.110332,1.020332,-1.5896679,-0.72966796,4.360332,4.710332,12.330332,11.000332,8.060332,8.650332,8.140332,8.790332,8.440332,6.310332,5.230332,3.900332,4.8703322,3.890332,3.7203321,3.860332,8.640332,9.820332,9.630332,10.010332,10.620332,10.880332,10.840332,10.690332,11.260332,11.630332,12.590332,13.080332,13.330332,13.820332,14.140332,14.600332,15.030332,15.790332,16.510332,16.890331,17.220331,17.470331,17.510332,17.640331,17.330332,17.010332,16.940332,16.560331,16.220331,15.980332,15.050332,14.1103325,11.690332,12.120332
6.140332,6.890332,6.580332,5.8703322,6.160332,7.180332,6.250332,2.560332,-1.019668,2.920332,6.360332,6.200332,9.540332,8.200332,8.840332,9.240332,9.560332,8.660332,7.200332,9.170332,9.680332,8.880332,5.8503323,2.7203321,6.560332,7.460332,8.320332,10.240332,11.750332,11.620332,11.3603325,11.690332,11.850332,11.190332,10.990332,11.580332,11.830332,12.1103325,12.690332,12.350332,12.550332,13.250332,13.900332,14.690332,15.550332,16.090332,16.680332,17.130333,17.060331,16.740332,16.480331,16.260332,15.930332,15.790332,14.340332,12.390332,13.780332,14.670332,12.750332
