data/wind/wind-json-20190328.json
{"header": { "discipline":0, "disciplineName":"Meteorological products", "gribEdition":2, "gribLength":74902, "center":7, "centerName":"US National Weather Service - NCEP(WMC)", "subcenter":0, "refTime":"2019-03-28T00:00:00.000Z", "significanceOfRT":1, "significanceOfRTName":"Start of forecast", "productStatus":0, "productStatusName":"Operational products", "productType":1, "productTypeName":"Forecast products", "productDefinitionTemplate":0, "productDefinitionTemplateName":"Analysis/forecast at horizontal level/layer at a point in time", "parameterCategory":2, "parameterCategoryName":"Momentum", "parameterNumber":2, "parameterNumberName":"U-component_of_wind", "parameterUnit":"m.s-1", "genProcessType":2, "genProcessTypeName":"Forecast", "forecastTime":0, "surface1Type":103, "surface1TypeName":"Specified height level above ground", "surface1Value":10.0, "surface2Type":255, "surface2TypeName":"Missing", "surface2Value":0.0, "gridDefinitionTemplate":0, "gridDefinitionTemplateName":"Latitude_Longitude", "numberPoints":65160, "shape":6, "shapeName":"Earth spherical with radius of 6,371,229.0 m", "gridUnits":"degrees", "resolution":48, "winds":"true", "scanMode":0, "nx":360, "ny":181, "basicAngle":0, "lo1":0.0, "la1":90.0, "lo2":359.0, "la2":-90.0, "dx":1.0, "dy":1.0 }, "data":
[rows 130 to 155 of 181, columns 171 to 227 of 360]
-6.0271215,-11.747122,-10.927121,-9.357121,-7.1771216,-2.2071216,-3.1071215,-4.0871215,-2.5771215,0.61287844,1.4228784,4.8728786,3.7028785,3.0428784,3.9528785,3.1828785,2.9928784,2.3028784,2.1828785,1.4928784,0.98287845,2.1528785,2.3628783,1.9628785,1.7328784,1.6928784,0.86287844,0.092878416,0.41287842,-1.6771216,-2.0271215,-2.0871215,-1.1471215,-1.0371215,-1.2371216,-1.9171215,-3.0571215,-2.4571216,-2.6471217,-3.0571215,-3.5571215,-2.1671216,-2.2771215,-2.4971216,-2.7571216,-3.3571215,-3.6871216,-3.6971216,-4.1271214,-4.1471214,-4.1871214,-4.1271214,-3.6871216,-3.5971215,-3.3571215,-2.8971217,-2.6071215
-1.1671215,3.3928785,-2.3771217,-6.2271214,-2.4371216,-1.4271216,-3.5771215,-4.5771217,-4.517122,-3.9771216,0.3928784,2.8728783,5.2428784,4.8328786,4.0828786,4.8128786,3.4528785,3.3628783,3.0328784,3.1428785,2.5928783,3.3628783,3.7028785,3.0828784,2.9928784,2.8228784,2.9728785,3.1428785,1.7828784,0.6028784,-0.8371216,-0.5471216,0.022878418,-0.33712158,-1.6171216,-2.6471217,-2.4271216,-2.6871216,-2.2371216,-1.2371216,-2.8571215,-1.8671216,-1.2771215,-1.3771216,-2.1371217,-2.6071215,-2.8971217,-2.6871216,-2.8371215,-2.8171215,-2.9471216,-2.4271216,-2.1071215,-2.2171216,-1.9571216,-1.6271216,-1.2871215
0.6628784,-0.23712158,-1.2571216,-0.7071216,-2.4071217,-2.0871215,-2.0971215,-2.3171215,-2.5571215,-3.0771215,-3.2371216,-2.9871216,-1.0971216,5.5628786,5.1528783,4.4128785,4.1528783,4.5828786,4.0628786,3.7428784,3.5728784,4.3728786,4.4328785,4.0728784,3.8128784,3.6628785,4.1428785,4.7428784,2.6028783,2.1828785,1.2028785,2.0728784,1.7828784,1.5728784,0.7028784,0.062878415,-0.09712158,-0.88712156,-0.8471216,-0.3171216,-0.7371216,-1.1371216,-0.7071216,-0.4171216,-0.82712156,-1.3771216,-1.7471216,-1.4971216,-1.4271216,-1.2071216,-1.1671215,-0.9071216,-0.6771216,-0.7771216,-0.7171216,-0.6071216,-0.13712159
0.68287843,-1.7571216,-3.0571215,-1.4571216,-0.39712158,0.3328784,0.6428784,0.26287842,-0.24712159,-1.2071216,-1.7271216,-1.9371216,-2.0171216,-2.3371215,3.4428785,5.2628784,4.3828783,4.6228786,4.0728784,3.8928785,3.9728785,4.4128785,4.5228786,4.0128784,4.3428783,4.5528784,4.8928785,4.9328785,3.6628785,3.5528784,2.9228785,3.6728785,3.6128783,3.3428783,3.0728784,2.0528784,2.5828784,1.9928784,1.5428784,1.4828784,1.3528785,0.8328784,0.32287842,1.0228784,0.5828784,0.3028784,-0.04712158,-0.12712158,-0.007121582,0.45287842,0.6628784,0.55287844,0.6528784,0.7028784,0.68287843,0.5328784,0.7928784
-2.7971215,-5.4571214,-2.3671217,-0.30712157,1.4128784,2.4528785,2.8528783,2.5328784,1.5828785,0.73287845,-0.19712158,-0.27712157,-0.5371216,-1.0571216,-2.1471217,-0.37712157,6.7228785,4.7628784,5.1628785,5.4428782,5.482878,5.5628786,5.7228785,5.4028783,5.6428785,5.9228783,5.5928783,4.9528785,3.9628785,3.8628783,3.8928785,4.4328785,4.4328785,4.3428783,4.0628786,3.9028785,3.4628785,3.4728785,3.7728784,3.0128784,2.4828784,3.1628785,2.2528784,2.3228784,2.6328783,2.6028783,2.2328784,1.9128784,2.1728785,2.2228785,2.4728785,2.4128785,2.2228785,2.1628785,2.0928783,1.9428784,1.7028785
-1.8571216,0.61287844,0.9028784,2.5828784,3.6728785,3.9828784,4.1728783,4.1528783,3.6928785,2.9028785,2.5828784,1.9328784,1.3428785,0.8328784,0.4028784,0.12287842,-0.5571216,4.1828785,6.8828783,7.0328784,7.3528786,7.0528784,7.1028786,6.6228786,7.1528783,6.8128786,6.1528783,5.1728783,4.5428786,4.1828785,4.4428782,4.5128784,5.0628786,5.0828786,4.6928782,4.5528784,4.5928783,4.7728786,4.6428785,4.4728785,3.8728783,4.0628786,4.482878,4.0228786,4.502878,4.7428784,4.7228785,4.482878,4.4328785,4.482878,4.4228783,4.2228785,3.9628785,3.8228784,3.5828784,3.3028784,3.0128784
2.6528785,5.0728784,5.8928785,5.3428783,5.1428785,5.2028785,5.212878,5.1528783,4.9428782,5.0228786,4.9528785,4.4728785,3.8428783,3.2528784,3.1928785,3.1028783,3.0328784,3.0028784,1.5928785,7.1428785,8.922878,8.632878,8.802878,8.662878,8.192879,7.8028784,7.3728786,7.0428786,6.3928785,5.6828785,5.2428784,5.8428783,6.3128786,6.2228785,6.0228786,5.9528785,5.6328783,5.6328783,5.1328783,5.1128783,4.9328785,5.1828785,5.6528783,5.732878,5.9528785,6.4028783,6.732878,6.7428784,6.5628786,6.4028783,6.3028784,6.1628785,5.8928785,5.5828786,5.3328786,4.9728785,4.5528784
6.6828785,6.6328783,5.8828783,5.8328786,6.0328784,6.0928783,6.1528783,6.1128783,6.0428786,6.002878,5.7728786,5.5128784,5.6328783,6.0828786,6.2728786,6.3128786,6.1528783,5.9728785,5.6128783,5.2028785,4.4328785,9.222878,10.372878,9.992878,9.922878,9.482879,8.722878,7.7028785,7.2028785,7.3628783,7.0328784,6.6728783,6.7928786,7.252878,7.462878,7.3028784,6.982878,6.8228784,6.8228784,6.8228784,6.8528786,6.7228785,6.6928782,7.0328784,7.502878,7.3628783,7.732878,7.962878,7.962878,7.9528785,7.8828783,7.8028784,7.5628786,7.3728786,7.1028786,6.712878,6.2728786
5.5628786,5.7428784,5.5628786,5.9428782,6.5628786,6.8728786,7.2428784,7.4028783,7.4328785,7.3828783,7.0728784,6.2428784,7.2728786,8.162878,8.752878,8.962878,8.642879,8.352879,8.122878,7.9328785,6.732878,6.2628784,6.962878,10.582878,11.262878,10.882878,10.502878,9.742878,8.982879,8.032879,7.6028786,7.5128784,7.7428784,8.252878,8.442879,8.372878,8.172878,8.032879,7.9928784,7.8328786,8.062879,8.482879,8.122878,8.412878,8.722878,8.762878,8.652879,8.6828785,8.852879,8.9328785,8.962878,9.162878,9.052878,8.9328785,8.622878,8.342878,8.012878
5.9328785,5.7928786,5.7828784,6.5828786,6.7928786,7.4028783,7.9928784,8.352879,8.702878,8.612879,8.642879,9.042878,9.562879,10.4328785,10.892879,11.012878,10.982879,10.792878,10.402879,9.672878,9.222878,9.802878,9.672878,8.812879,10.082878,11.812879,12.092878,11.522879,11.102879,10.502878,9.962878,9.732879,9.652879,9.752878,9.902879,9.792878,9.542878,9.132878,9.072879,9.542878,9.642879,9.4328785,9.472878,9.572879,9.862879,9.922878,9.992878,9.942879,9.912878,10.162878,10.202878,10.382878,10.242878,10.402879,10.272879,10.112879,9.752878
6.8828783,6.9728785,7.4428782,7.9328785,8.052878,8.402879,8.732879,8.922878,9.292878,9.862879,10.982879,11.982879,12.472878,12.892879,13.222878,13.1828785,12.812879,11.492878,11.082878,10.972878,11.112879,12.032879,13.022879,12.272879,10.552878,10.792878,11.942879,12.822879,12.462878,11.952878,11.532879,11.302878,11.072879,10.882878,10.872878,10.952878,11.152879,11.152879,10.552878,10.672878,10.352879,10.102879,10.112879,10.312879,10.642879,10.942879,11.222878,11.442879,11.672878,11.802878,12.072879,11.962878,12.382878,12.732879,12.702878,12.792878,11.6828785
7.3728786,7.9128785,8.282879,8.742878,8.962878,9.232879,9.322879,9.842878,10.392879,10.962878,12.072879,13.392879,13.822879,14.282879,14.532879,13.852879,13.552878,13.362879,13.292878,13.152879,13.252878,13.392879,13.862879,13.602879,12.822879,11.392879,11.402879,12.232879,12.842878,12.512878,12.142879,11.892879,12.002878,12.112879,12.212878,12.082878,11.972878,11.632878,11.322879,11.132878,11.222878,11.222878,11.342878,11.582878,11.742878,11.882878,12.292878,12.4328785,12.572879,13.372878,14.032879,14.422878,14.922878,15.352879,15.492878,14.662878,13.332878
8.292878,8.692879,9.042878,9.162878,9.422878,9.452878,10.092878,10.632878,11.152879,11.782879,12.692879,13.852879,14.652879,14.872878,14.952878,14.872878,14.702878,14.812879,14.982879,14.872878,14.422878,13.802878,13.772879,13.982879,14.002878,13.442879,12.262878,11.752878,12.622878,12.992878,12.742878,12.102879,12.122878,12.372878,12.722878,12.922878,13.092878,12.862879,12.222878,12.092878,12.4328785,12.1828785,11.912878,11.822879,12.082878,12.382878,12.752878,13.242878,13.782879,14.132878,14.662878,15.502878,15.952878,16.772879,16.812878,15.4328785,13.862879
9.112879,9.502878,9.642879,9.922878,9.832878,10.072879,10.662878,11.322879,11.972878,13.132878,13.762878,14.372878,15.222878,15.652879,15.852879,15.942879,15.562879,15.342878,15.1828785,15.352879,14.882878,14.002878,14.082878,14.762878,14.422878,13.772879,13.232879,12.782879,12.922878,13.362879,13.192879,12.502878,12.342878,13.012878,12.992878,12.372878,12.392879,13.092878,13.142879,12.572879,12.222878,12.062879,12.122878,12.562879,12.912878,13.532879,13.972878,14.622878,14.582878,14.692879,15.222878,15.602879,16.332878,16.862879,15.782879,15.252878,13.992878
9.892879,9.962878,10.262878,10.802878,10.852879,11.072879,11.792878,12.542878,13.6828785,14.082878,14.892879,15.452878,16.152878,16.322878,15.732879,15.362879,15.4328785,15.942879,15.692879,14.962878,14.322879,14.392879,14.942879,14.912878,14.1828785,13.762878,14.332878,14.562879,14.212878,14.072879,13.692879,13.452878,13.872878,14.102879,13.402879,12.692879,12.592878,12.652879,12.952878,13.112879,13.092878,13.162878,13.242878,13.662878,14.372878,14.782879,14.222878,14.322879,14.952878,15.422878,15.862879,16.142878,16.362879,16.152878,14.952878,14.582878,13.152879
10.312879,10.892879,11.352879,11.652879,11.752878,11.862879,12.622878,14.102879,15.252878,15.672878,15.772879,16.022879,16.21288,16.192879,15.412878,15.052878,15.032879,15.232879,14.862879,14.442879,14.312879,14.712878,15.152879,14.842878,14.072879,14.032879,15.022879,15.602879,15.092878,14.702878,14.862879,14.252878,14.002878,14.152879,14.032879,14.002878,14.172878,13.442879,13.1828785,13.392879,13.272879,12.762878,12.842878,13.9328785,14.382878,15.072879,15.372878,14.872878,14.912878,15.1828785,15.352879,15.512878,15.522879,15.202878,14.722878,13.602879,11.922878
10.882878,10.952878,10.982879,11.492878,12.4328785,13.102879,13.832878,14.602879,15.572879,16.38288,16.582878,16.672878,16.582878,16.442879,16.342878,16.352879,16.472878,16.192879,15.562879,15.172878,15.132878,15.112879,15.272879,15.002878,14.242878,14.002878,14.272879,14.742878,15.282879,15.302878,14.752878,14.372878,14.032879,13.872878,13.662878,13.592878,13.902879,14.042878,14.192879,13.9328785,13.292878,13.122878,13.622878,14.4328785,14.652879,14.862879,14.882878,16.342878,15.662878,15.232879,15.202878,15.232879,15.082878,14.352879,13.4328785,11.972878,10.922878
10.752878,10.962878,11.492878,12.232879,12.782879,13.4328785,13.972878,14.642879,15.512878,15.922878,16.262878,16.512878,16.622879,16.682878,16.622879,16.202879,15.702878,15.402879,15.082878,14.752878,14.942879,15.102879,15.112879,14.632878,13.982879,13.632878,14.002878,14.232879,14.612879,14.772879,14.342878,14.022879,13.962878,14.052878,13.772879,13.462878,13.452878,13.372878,14.162878,14.092878,14.052878,13.992878,13.9328785,14.1828785,14.632878,14.832878,14.912878,14.772879,14.912878,15.4328785,15.302878,14.822879,14.302878,13.762878,12.572879,11.572879,9.142879
10.252878,10.392879,10.712878,11.812879,12.892879,13.592878,13.872878,14.522879,15.692879,16.662878,16.642878,16.852879,17.612879,18.21288,18.05288,17.142878,16.282879,15.872878,15.412878,15.192879,15.172878,14.952878,14.272879,13.402879,12.942879,13.122878,13.652879,14.002878,13.962878,13.402879,13.1828785,12.892879,13.132878,13.592878,13.972878,14.142879,14.072879,13.882878,13.882878,14.392879,14.562879,14.542878,14.402879,14.212878,14.142879,14.312879,14.062879,13.702878,13.502878,13.542878,13.652879,13.732879,13.562879,12.962878,11.582878,10.012878,5.8528786
9.922878,10.952878,11.6828785,12.312879,12.362879,12.982879,14.002878,14.672878,15.282879,15.502878,15.762878,16.232878,16.79288,17.192879,17.122879,16.662878,15.992878,15.652879,15.162878,14.982879,14.762878,14.412878,13.562879,12.722878,12.562879,12.642879,13.142879,13.072879,13.092878,12.972878,12.762878,12.052878,11.722878,12.462878,13.622878,14.4328785,14.372878,13.982879,13.852879,13.892879,14.232879,14.092878,13.632878,13.312879,12.652879,12.592878,12.282879,11.962878,12.212878,12.202878,12.232879,12.042878,11.512878,10.242878,8.282879,5.9028783,3.6928785
9.972878,10.522879,10.892879,11.162878,11.462878,11.842878,11.442879,12.072879,12.422878,12.982879,13.632878,13.892879,13.382878,12.242878,11.082878,10.692879,11.1828785,11.752878,12.232879,12.652879,12.632878,12.272879,11.812879,11.382878,11.502878,11.962878,12.572879,12.892879,13.142879,13.132878,12.6828785,11.942879,10.752878,10.532879,11.212878,12.442879,13.662878,13.662878,12.982879,12.492878,12.042878,11.382878,10.792878,10.242878,9.972878,9.742878,9.732879,9.572879,10.052878,10.292878,10.262878,9.862879,8.942879,7.6928782,5.9228783,4.4228783,4.1728783
8.952878,9.482879,9.972878,9.332878,8.442879,8.272879,8.952878,9.982879,10.632878,11.022879,10.772879,10.082878,8.952878,8.212878,8.152879,8.262878,8.492878,8.982879,9.162878,9.462878,9.562879,9.552878,9.882878,10.212878,11.072879,12.112879,12.602879,12.382878,11.792878,11.9328785,12.022879,10.852879,8.812879,7.8628783,7.3628783,6.7028785,6.2428784,5.8728786,5.982878,5.6628785,5.0828786,4.4928784,4.2728786,4.6228786,5.2828784,6.1328783,7.0728784,7.9228783,8.582878,9.002878,9.012878,8.372878,7.1728783,5.8228784,4.712878,4.0228786,3.9828784
6.4928784,5.5328784,5.9428782,7.0728784,7.9028783,8.372878,8.842878,9.542878,9.472878,9.072879,8.852879,7.8028784,5.8828783,7.3228784,7.6028786,7.4428782,7.1628785,6.7928786,6.7628784,7.1728783,7.1528783,7.0628786,7.2428784,7.8628783,8.622878,8.492878,8.242878,8.372878,8.762878,9.472878,10.102879,9.562879,7.7428784,6.6828785,5.9228783,4.982878,3.7728784,2.8028784,2.3928785,2.3928785,2.7128785,3.4028785,4.2928786,5.1128783,5.8028784,6.3328786,6.8028784,7.2828784,7.7028785,7.9028783,7.5728784,6.712878,5.5728784,4.5828786,3.6428785,3.1128783,3.4328785
3.3928785,4.3428783,5.4728785,6.6828785,7.4328785,8.002878,8.772879,8.692879,8.322879,7.7728786,6.3928785,6.2728786,6.752878,8.602879,8.292878,7.3928785,7.3628783,6.962878,6.2828784,6.4528785,6.8128786,6.9428782,6.732878,6.3328786,5.8528786,5.6428785,5.5328784,5.212878,4.8128786,4.7228785,5.3928785,6.7228785,7.1228786,6.2228785,5.5528784,4.9328785,4.4128785,4.3328786,4.5428786,4.9028783,5.3228784,5.6828785,6.002878,6.3128786,6.5628786,6.6628785,6.732878,6.7828784,6.8828783,6.6528783,6.2928786,5.5628786,4.6128783,3.6428785,2.9528785,2.4728785,2.5128784
2.6528785,4.0828786,4.7228785,4.6828785,4.6828785,4.3628783,4.1528783,4.1328783,4.4428782,4.6428785,4.5428786,4.5528784,5.1128783,6.212878,7.7728786,7.9228783,8.142879,8.792878,8.192879,7.6528783,7.4128785,7.6728783,7.8128786,7.6128783,7.232878,6.6128783,6.1528783,5.6628785,5.5528784,5.5528784,5.2228785,4.9528785,5.3028784,5.6028786,5.1428785,4.5428786,4.4528785,5.1328783,5.8728786,6.3828783,6.6828785,6.7428784,6.732878,6.7928786,6.8928785,6.8028784,6.6428785,6.5828786,6.2628784,5.8128786,5.212878,4.4528785,3.5828784,2.7628784,1.9028784,1.2728784,1.6928784
1.0828785,0.48287842,0.22287841,-0.13712159,-0.39712158,-0.88712156,-1.0771216,-1.3871216,-1.5971216,-0.63712156,-0.82712156,-1.1471215,-0.87712157,-0.6771216,-0.057121582,1.5928785,3.7728784,5.4928784,6.1528783,5.7428784,5.7428784,6.3328786,6.6228786,6.8728786,6.8928785,6.6928782,6.8628783,6.7828784,6.0928783,5.462878,4.6028786,3.1328783,2.2328784,2.2428784,2.9228785,4.1328783,5.1928782,5.9528785,6.4328785,6.5828786,6.6928782,6.752878,6.8728786,6.8528786,6.712878,6.4228783,5.7428784,4.8728786,4.212878,3.5728784,2.6228783,1.6228784,1.0328784,0.4228784,0.20287842,0.5128784,0.9428784
