data/wind/wind-json-20190330.json
{"header": { "discipline":0, "disciplineName":"Meteorological products", "gribEdition":2, "gribLength":74371, "center":7, "centerName":"US National Weather Service - NCEP(WMC)", "subcenter":0, "refTime":"2019-03-30T00:00:00.000Z", "significanceOfRT":1, "significanceOfRTName":"Start of forecast", "productStatus":0, "productStatusName":"Operational products", "productType":1, "productTypeName":"Forecast products", "productDefinitionTemplate":0, "productDefinitionTemplateName":"Analysis/forecast at horizontal level/layer at a point in time", "parameterCategory":2, "parameterCategoryName":"Momentum", "parameterNumber":3, "parameterNumberName":"V-component_of_wind", "parameterUnit":"m.s-1", "genProcessType":2, "genProcessTypeName":"Forecast", "forecastTime":0, "surface1Type":103, "surface1TypeName":"Specified height level above ground", "surface1Value":10.0, "surface2Type":255, "surface2TypeName":"Missing", "surface2Value":0.0, "gridDefinitionTemplate":0, "gridDefinitionTemplateName":"Latitude_Longitude", "numberPoints":65160, "shape":6, "shapeName":"Earth spherical with radius of 6,371,229.0 m", "gridUnits":"degrees", "resolution":48, "winds":"true", "scanMode":0, "nx":360, "ny":181, "basicAngle":0, "lo1":0.0, "la1":90.0, "lo2":359.0, "la2":-90.0, "dx":1.0, "dy":1.0 }, "data":
[rows 52 to 77 of 181, columns 116 to 173 of 360]
-6.6298585,-7.5398583,-8.619859,-8.169858,-8.369859,-6.3398585,-5.7598586,-1.6398584,1.5301416,5.7301416,3.3901415,1.7001415,1.7601416,-1.0698584,-2.0098584,-2.7198584,6.9301414,2.8001416,0.3601416,-1.1898584,-1.8498584,-2.0398583,-2.0598583,-1.3698584,1.2301416,-1.1198584,-1.3698584,-1.4198585,-3.2498584,-4.1698585,-3.9898584,-3.6998584,-4.2398586,-4.8098583,-5.2598586,-4.929858,-4.3098583,-4.4798584,-5.2398586,-5.4798584,-5.429858,-5.6198583,-5.5098586,-5.0198584,-4.3298583,-3.9698584,-4.179858,-3.7898583,-3.3798585,-3.3598585,-2.7798584,-3.0698583,-3.1098585,-2.5498583,-0.8798584,-0.6198584,-0.6798584,0.1301416
-7.3898582,-5.409858,-5.1698585,-5.3198586,-5.469858,-4.0198584,-3.1798584,-2.6598585,-0.8298584,4.030142,2.4001417,1.0501416,1.4160156E-4,-0.3898584,-2.5998583,-8.879858,-0.8598584,1.3501416,2.3001416,1.8501416,-0.0298584,-2.3998585,1.7301416,2.9401417,1.6701416,-2.2198584,-0.039858397,0.010141602,0.0601416,0.8501416,1.0701416,0.8901416,-1.1398584,-3.2098584,-4.6198583,-5.0998583,-5.4198585,-5.3098583,-5.0098586,-5.5998583,-5.3798585,-5.0998583,-4.679858,-5.0598583,-4.8598585,-4.8798585,-4.0198584,-3.2498584,-3.0898583,-2.6798584,-2.9198585,-3.8598585,-3.9298584,-3.9598584,-2.7098584,-0.7698584,0.9601416,1.1601416
-5.0098586,-4.1698585,-5.0498586,-5.6098585,-4.5498586,-6.719858,-5.8998585,-5.199858,-1.6098584,0.030141601,-1.1798584,-0.0698584,-1.0398583,-1.7798584,-5.0598583,-6.9998584,2.4301417,5.4601417,6.9301414,8.650142,6.1901417,2.9801416,2.2701416,0.1801416,-2.8898585,-5.2698584,-2.8298583,3.3601415,4.1601415,3.4601417,2.4001417,1.1001416,-0.3498584,-1.7998585,-2.9098585,-4.159858,-4.9998584,-5.429858,-5.4198585,-4.8798585,-5.0898585,-5.0898585,-5.7698584,-5.7098584,-4.8198586,-4.3198586,-4.0198584,-3.6898584,-3.2798584,-3.7698584,-4.5698586,-4.4598584,-4.4398584,-3.0898583,-1.9598584,-0.009858399,1.3001416,1.8201416
-4.4398584,-5.0098586,-3.9098585,-4.409858,-7.8298583,-8.269858,-7.429858,-4.969858,-2.2098584,-1.7898583,-2.5498583,-1.8898584,-0.6198584,-1.8598584,-1.4398584,-2.0998583,4.9701414,3.4001417,1.1701416,3.1501417,0.9601416,0.8201416,0.6901416,-2.4598584,-4.2798586,-3.2798584,6.9401417,9.940142,8.330142,6.4101415,4.6701417,3.0601416,0.5901416,-1.5698584,-2.7998583,-3.8598585,-4.949858,-5.6198583,-5.7498584,-5.4198585,-4.7498584,-4.5898585,-4.9798584,-5.3098583,-5.7298584,-6.0098586,-5.7798586,-5.5098586,-5.219858,-5.0798583,-4.679858,-3.9098585,-2.8898585,-2.3298583,-1.0798584,0.9601416,2.1801417,-0.2598584
-3.7798584,-4.4598584,-4.9398584,-5.469858,-6.4998584,-7.3398585,-6.3198586,-4.6898584,-2.3998585,-2.2798584,-3.7398584,-3.5498583,-3.5598583,-3.1298585,-2.2198584,-0.0898584,1.9901416,0.4801416,2.3801415,8.840141,1.3301415,3.0401416,-0.3598584,-5.1698585,-4.4998584,5.2701416,8.410142,9.020142,7.2401414,5.9301414,4.4901414,2.8401415,1.5101416,-0.4798584,-2.6098585,-4.0398583,-5.2698584,-6.2798586,-6.3098583,-6.199858,-6.0198584,-5.4998584,-5.0498586,-5.2698584,-5.469858,-5.4998584,-5.409858,-5.0598583,-4.6898584,-4.699858,-4.7498584,-3.8598585,-3.1298585,-1.9998584,-0.3998584,0.0901416,-1.2898583,-3.3398583
-4.929858,-5.699858,-5.1898584,-5.3398585,-5.7498584,-7.659858,-5.7698584,-3.7398584,-2.4798584,-2.7398584,-3.8198583,-1.7498584,-4.3598585,-4.7298584,-1.1498584,1.3201416,2.0901415,0.74014163,6.800142,6.090142,1.8901416,1.8901416,2.0401416,2.0701416,3.5101416,7.3801417,8.130141,8.090141,7.2201414,6.1901417,4.3101416,2.0101416,0.2801416,-0.8598584,-1.8498584,-3.6398585,-4.9198585,-5.9798584,-6.3198586,-6.0798583,-5.6498585,-5.7498584,-6.0698586,-6.0798583,-5.7398586,-5.6098585,-5.6498585,-5.5498586,-5.0498586,-4.7498584,-4.3798585,-3.8098583,-2.7598584,-1.8698584,-1.7398584,-1.6798584,-1.5598584,1.3601416
-3.8498583,-5.2098584,-4.8298583,-4.5798583,-3.6798584,-2.3898585,-1.8398584,-1.3398584,-2.4098585,-3.2598584,-3.8898585,-4.1898584,-4.3898582,-3.6598585,-0.5598584,-0.6298584,3.9801416,7.280142,7.2401414,5.6401415,3.5501416,2.5101416,2.4201417,2.4501417,3.1801417,4.550142,6.5001416,6.2501416,6.050142,5.3601418,4.280142,2.8701415,1.2201416,-0.3398584,-1.0698584,-2.4798584,-4.1098585,-5.2998586,-5.719858,-5.679858,-5.4598584,-5.409858,-5.4598584,-5.449858,-5.3198586,-5.5998583,-5.8098583,-5.5698586,-5.3198586,-5.0598583,-4.2598586,-3.3398583,-2.5298584,-1.2398584,0.4501416,1.6501416,2.2001417,1.5601416
-2.2498584,-3.6898584,-1.4798584,-2.0098584,-1.9798584,-1.1998584,-0.7998584,-0.8598584,-1.8598584,-2.7298584,-3.7798584,-4.719858,-4.929858,-4.2098584,-4.3098583,0.4201416,4.280142,3.2501416,2.6401415,1.7801416,0.9401416,1.6101416,3.3601415,4.4401417,4.3701415,3.6101415,4.2301416,4.9601417,4.6801414,3.7201416,2.8801415,1.7901416,0.4101416,-0.75985837,-1.7498584,-2.6498585,-3.5898583,-4.5198584,-5.159858,-5.5798583,-5.7498584,-5.8898582,-6.2798586,-6.4398584,-6.469858,-6.3698583,-5.8898582,-4.7298584,-3.4498584,-2.1698585,-1.2398584,-0.7398584,-0.5898584,-0.6698584,-0.1098584,0.3601416,-0.9298584,-3.7498584
-0.7298584,-0.6398584,-1.0998584,-1.0598584,-0.2498584,-0.1498584,-1.3298584,-1.2498584,-2.5398583,-3.6498585,-4.9398584,-6.1698585,-7.4398584,-6.8898582,0.9801416,0.20014161,-1.4298584,-1.2898583,-0.7898584,-0.6298584,-1.0298584,-1.2598584,-0.9698584,-1.4298584,-0.8798584,0.3001416,1.2801416,2.0301416,3.5201416,4.0001416,2.4401417,-0.1098584,-1.3198584,-2.4698584,-3.5498583,-3.9998584,-4.5298586,-4.8698583,-5.219858,-5.409858,-5.6498585,-5.9998584,-6.2298584,-6.1898584,-5.5398583,-4.659858,-3.8198583,-3.2298584,-2.5698583,-1.9898584,-1.5298584,-1.2298584,-1.2698584,-1.5798584,-2.4398584,-4.4398584,-4.3798585,-2.5798583
1.0401416,0.4701416,-0.009858399,-0.039858397,0.0701416,-0.5598584,-0.50985837,-2.4198585,-3.4598584,-4.7398586,-6.2298584,-8.499859,-10.039859,-2.8898585,-2.3898585,-2.2298584,-2.2698584,-3.5598583,-5.5098586,-3.9498584,2.9701416,2.2501416,2.1301415,1.6901416,1.3001416,1.6201416,2.5501416,3.9801416,3.5801415,2.5201416,1.7001415,1.2001415,0.3101416,-0.8498584,-1.9398584,-3.2298584,-4.3898582,-5.3698583,-6.1398582,-6.2098584,-5.9598584,-5.719858,-5.3698583,-4.8898582,-4.469858,-4.1498585,-3.7598584,-3.3198583,-2.9098585,-2.9298584,-3.2998583,-3.9598584,-4.9598584,-5.7798586,-5.6098585,-3.9098585,-3.5098584,-2.9498584
0.1501416,0.6601416,0.6001416,0.3501416,-0.7198584,-0.059858397,-1.7498584,-3.9898584,-5.3198586,-6.5698586,-7.2698584,-8.269858,-7.2598586,-4.5798583,-2.6398585,-4.6398582,-4.449858,-1.4598584,4.2001414,7.550142,7.6901417,6.7001414,5.280142,4.5101414,4.2001414,4.1401415,3.8701415,2.8601415,1.4301416,0.3201416,-0.1998584,-0.7198584,-1.4798584,-2.1298585,-2.7098584,-2.8498583,-2.3798585,-1.9098583,-1.7198584,-2.1998584,-2.9298584,-3.9898584,-4.659858,-4.9198585,-5.1098585,-4.929858,-4.6898584,-4.9198585,-5.0898585,-5.3198586,-5.4598584,-5.0898585,-4.0098586,-3.1798584,-3.0898583,-3.4998584,-2.4798584,1.4201416
-0.6198584,0.010141602,-0.36985838,-0.8598584,-0.5898584,-2.5498583,-4.0898585,-5.8298583,-6.7998586,-6.8298583,-6.8798585,-6.2498584,-3.5598583,-4.8498583,-3.1998584,-1.4698584,2.1701417,5.0101414,6.9801416,7.4401417,7.3301415,6.8901415,6.5201416,6.1301417,6.0101414,6.8101416,5.9001417,4.4301414,3.3201416,3.1201415,2.0701416,1.7201416,1.3701416,2.0001416,2.8401415,3.4001417,3.0301416,1.9701416,0.6201416,-0.4398584,-1.4798584,-2.0398583,-2.3498583,-2.3898585,-2.4198585,-2.5898583,-3.1098585,-3.2398584,-3.1198585,-2.5698583,-2.4898584,-2.7698584,-3.2198584,-3.5198584,-3.8098583,-2.8198583,0.030141601,2.8801415
-0.5698584,0.080141604,-0.6398584,-0.6998584,-3.4198585,-4.7098584,-6.2698584,-7.429858,-7.2398586,-7.3598585,-6.2498584,-3.4898584,-1.1998584,-2.4798584,-1.1698585,2.1301415,5.1501417,6.4601417,7.2301416,6.9901414,6.820142,6.1501417,5.6101418,5.3501415,5.340142,5.5201416,5.3501415,4.570142,4.4301414,4.3301415,3.7401416,3.6401415,3.9601417,4.9701414,4.7401414,4.050142,3.3101416,2.6101415,1.9101416,1.1501416,0.74014163,0.5201416,-0.3298584,-0.9298584,-2.0598583,-2.5998583,-3.2198584,-3.4698584,-2.8498583,-1.9598584,-2.1798584,-2.4898584,-3.0498583,-3.4898584,-2.4398584,-0.1798584,1.4501415,4.1901417
-1.0498585,-0.5198584,0.4501416,-3.6898584,-6.7398586,-5.5398583,-6.0398583,-7.0798583,-7.3398585,-6.2598586,-4.3398585,-3.9098585,-3.2698584,0.6601416,3.0001416,4.070142,5.280142,6.1901417,6.4301414,6.5201416,5.8701415,5.2301416,4.7601414,4.7301416,4.6901417,4.3801417,4.280142,3.8701415,3.7601416,3.4901416,3.1901417,2.8801415,2.5501416,2.0301416,1.8601416,1.6401416,1.4001416,0.9201416,0.080141604,0.2101416,0.030141601,-1.3398584,-2.0798583,-3.3798585,-3.5998583,-3.2498584,-3.2098584,-2.3398583,-0.9998584,-0.8198584,-0.009858399,0.8001416,-0.0798584,-0.4898584,0.2901416,1.1401416,2.4301417,3.6001415
-0.7198584,0.3601416,-4.4898586,-6.9198585,-8.559858,0.2301416,-10.089858,-8.719858,-6.7498584,-5.8898582,-6.179858,-2.6898584,4.0801415,4.1701417,4.530142,4.8901415,5.4701414,6.1601415,5.4301414,5.2301416,4.8601418,4.4101415,3.9201417,3.7201416,3.5101416,3.0001416,2.4901416,1.9801416,1.9001416,2.0101416,1.8001416,1.4901416,1.3201416,1.0801415,1.3001416,1.4701416,0.3901416,-0.6698584,-0.1798584,-0.8298584,-2.3198583,-3.2898583,-3.7198584,-2.5898583,-0.9898584,-0.75985837,-1.0398583,-1.3198584,0.7501416,0.8301416,1.0701416,0.7001416,0.6701416,1.3201416,0.6701416,2.4901416,1.9101416,2.8401415
-1.3898584,-4.3598585,-4.8998585,-6.9998584,-3.9898584,0.1801416,-8.029859,-7.7398586,-7.4898586,-6.719858,0.9701416,5.4801416,5.0101414,4.7001414,3.8501415,4.530142,5.3301415,5.0401416,4.300142,4.0101414,3.5901415,3.0801415,2.7201416,2.4101417,1.5701416,1.3201416,1.2401416,1.2001415,1.1101416,0.8301416,0.6201416,0.5201416,0.5401416,0.4101416,-0.1598584,-0.5698584,-1.1798584,-0.3798584,-0.6998584,-2.9898584,-2.0698583,0.8901416,1.1901416,0.5901416,0.2501416,0.6701416,0.4801416,0.3301416,-0.2398584,-0.8198584,-0.7698584,2.3401415,3.0601416,2.8901415,3.2501416,3.2901416,3.5601416,3.8301415
-4.5898585,-4.2898583,-4.3898582,-4.3898582,-3.2198584,-4.9998584,-6.3698583,-4.159858,0.6701416,1.2001415,5.2401414,4.6601415,4.2001414,3.5801415,3.8801415,5.1001415,5.2601414,4.3801417,3.2701416,2.4601417,2.2701416,2.0301416,1.7501416,1.3201416,0.7901416,0.5301416,0.6801416,0.5901416,0.2401416,1.4160156E-4,0.020141602,-0.1498584,-0.5698584,-0.7498584,0.080141604,-0.4998584,-0.9098584,-1.4798584,-1.8198584,0.5101416,1.9701416,1.2201416,0.3701416,0.3301416,0.4401416,0.5601416,-0.1398584,-0.9498584,-1.5198584,-0.6698584,2.4801416,2.7801416,3.3601415,3.1701417,2.7401416,2.8601415,2.8801415,3.1001415
-1.2498584,-1.7098584,-3.0598583,-3.5398583,-3.5398583,-4.6698585,-1.4198585,0.5301416,2.2801416,4.070142,5.2301416,4.8801417,3.6601417,2.4101417,4.0801415,5.590142,4.4101415,2.6501417,1.6701416,1.3801416,1.2301416,1.2301416,1.0501416,0.6201416,0.3901416,0.4601416,0.3001416,0.0701416,0.030141601,0.020141602,-0.4098584,-0.18985839,-0.1398584,0.2401416,-0.5598584,-0.18985839,-1.2798584,-0.7398584,0.8201416,0.8801416,0.2601416,0.4701416,0.4801416,0.6401416,0.7701416,0.17014161,-0.8398584,-0.6598584,0.6201416,1.0801415,1.6501416,1.8801416,2.2001417,2.2301416,2.2201416,2.1001415,1.9101416,1.5701416
1.7901416,0.6501416,-1.3798584,-2.4698584,-3.0098584,-2.8798585,-1.6598583,1.3501416,4.1001415,4.9301414,4.5401416,4.0001416,3.1301415,2.3501415,4.6701417,4.3501415,1.4501415,-0.019858398,0.1501416,0.2301416,-0.0698584,-0.3598584,-0.4498584,-0.3598584,-0.1598584,-0.0298584,0.050141603,0.2101416,-0.8798584,-0.0898584,0.0701416,-0.5198584,-0.4298584,-0.8098584,-1.2498584,-1.5498585,0.0701416,-0.3198584,-0.4698584,-0.1998584,-0.2598584,0.4201416,0.5801416,0.1901416,-0.1198584,-0.4098584,-1.4298584,-0.9698584,-0.4498584,-0.2398584,0.7501416,1.1901416,1.1301416,1.2801416,1.4101416,1.3701416,0.8601416,1.4160156E-4
2.0701416,0.3301416,-1.0898584,-2.3298583,-2.7298584,-1.4498584,-2.8598585,3.3501415,4.0001416,4.0401416,3.4201417,3.2001417,3.3201416,3.4501417,3.8801415,1.7901416,0.4601416,-0.3498584,-1.8198584,-2.4098585,-2.9498584,-2.8998585,-2.3198583,-1.5198584,-0.9398584,-1.0898584,-1.1298584,-0.4298584,-0.1998584,-0.2098584,-0.0698584,-0.2198584,-0.8598584,-1.4398584,-0.4398584,-0.1498584,-1.0298584,-1.4098583,-1.0498585,-0.8198584,-0.1598584,-0.0898584,-0.4198584,-0.9098584,-1.5598584,-1.1098584,-1.3098584,-1.1698585,1.4701416,0.6501416,0.110141605,-0.6798584,-0.4198584,0.2501416,0.5601416,0.5101416,0.010141602,-1.5898584
1.3401417,-0.5198584,-1.8098584,-3.3798585,-5.4798584,-0.5198584,-1.0498585,3.6701417,3.2801416,2.8201416,1.9401416,1.4201416,0.7301416,0.2901416,0.1401416,0.2201416,0.4801416,-1.2798584,-2.5098584,-3.2598584,-3.7798584,-3.1398585,-2.2298584,-2.5598583,-1.5798584,-0.7498584,-0.9698584,-1.3498584,-1.3698584,-1.3598584,-1.1098584,-0.9598584,-0.50985837,-0.3898584,-0.8098584,-1.3998584,-1.9898584,-1.3198584,-2.3198583,-0.1998584,-0.039858397,-1.0198584,-1.6898584,-1.0998584,-1.0598584,-1.1998584,-0.6998584,-0.3498584,-0.2698584,0.010141602,-0.3998584,-0.9798584,-0.6698584,0.0601416,0.1501416,0.1801416,-0.7098584,-2.3498583
2.0001416,0.6601416,-1.8798584,-3.7998583,-3.5198584,-0.2798584,-0.6598584,3.0401416,1.9601417,1.2001415,0.9101416,-0.2898584,-1.8298584,-0.8198584,-0.9298584,0.3201416,0.6701416,-1.2698584,1.0301416,1.2901416,-0.3198584,1.2601416,1.6401416,0.2301416,-1.7998585,-2.8598585,-3.1298585,-2.8098583,-1.9498584,-1.4098583,-1.8298584,-1.7198584,-1.6698585,-1.7798584,-2.3398583,-2.5898583,-2.4298584,-1.4898584,-1.0798584,-0.6698584,-0.5498584,-2.2898583,-2.6798584,-0.9698584,-1.0598584,-1.2598584,-0.4998584,-1.2998585,-1.6598583,-0.9998584,-0.2498584,0.3101416,0.6401416,-0.0498584,-0.5598584,-0.18985839,-0.5998584,-0.3298584
1.7201416,0.5801416,-1.3498584,-2.8098583,0.4401416,-0.8098584,-0.4798584,0.6601416,1.1801416,0.6301416,0.0401416,-1.5898584,-1.1098584,-0.7198584,-1.2698584,-0.6098584,-0.4098584,-0.0498584,0.0901416,0.1301416,-0.2498584,-0.0798584,-0.7998584,-2.5198584,-3.9098585,-4.4198585,-3.5498583,-1.9898584,-1.1598583,-2.2698584,-2.1598585,-1.5398583,-1.2798584,-2.4198585,-2.9798584,-3.3398583,-3.1498585,-1.3198584,-1.2398584,-1.2598584,-1.9398584,-2.0098584,-2.3898585,-1.2398584,-0.0798584,-0.9898584,-1.4598584,-0.6198584,0.030141601,0.3501416,0.6401416,0.6001416,0.4601416,0.020141602,0.2601416,-0.3498584,-0.4198584,0.3301416
2.7001417,1.2201416,-0.6898584,-2.4998584,1.0401416,-0.5998584,-1.2898583,0.010141602,1.0101416,0.5201416,0.1301416,-1.2798584,-0.1698584,-0.8698584,1.1101416,-0.3198584,-1.1298584,-1.3598584,-1.8298584,-2.4798584,-2.9698584,-3.2998583,-3.6098585,-4.179858,-4.3298583,-3.2798584,-1.3498584,1.1801416,0.080141604,-0.4998584,-1.3198584,-2.0098584,-2.9498584,-3.5498583,-3.8098583,-3.5698583,-2.0798583,-1.6398584,-1.7998585,-2.3998585,-2.6998584,-2.4798584,-1.5698584,-1.0398583,-0.7798584,-1.0098584,-1.5398583,-1.2298584,-1.2298584,-1.1698585,-1.3498584,-1.2198584,-0.5798584,-0.009858399,-0.1098584,-0.8198584,-0.4398584,-0.2898584
2.9201417,-0.4698584,-2.0398583,-2.2598584,1.1101416,-0.4598584,-1.8798584,-0.50985837,0.5501416,0.6801416,0.1601416,-0.7098584,0.8301416,0.17014161,0.030141601,-0.4398584,-1.9698584,-3.0798583,-3.6398585,-4.0198584,-4.3598585,-4.8298583,-5.0898585,-4.4998584,-3.7198584,-1.1198584,0.7801416,0.7101416,0.0401416,-1.1898584,-1.9998584,-2.9898584,-3.8598585,-4.199858,-4.2798586,-3.6898584,-2.7698584,-2.4298584,-2.6098585,-2.7998583,-2.7098584,-0.9898584,-2.0298584,-2.0098584,-2.1698585,-2.7898583,-3.1698585,-2.8898585,-2.6098585,-2.6298585,-2.1498585,-1.2498584,-1.1998584,-0.8698584,-0.6198584,-0.2598584,-0.4598584,-0.6598584
2.1301415,-1.0498585,-2.0798583,-2.8498583,-3.0498583,-0.75985837,-0.3198584,-0.9698584,-0.2698584,0.7801416,-0.18985839,-1.4598584,-1.0598584,-1.3798584,-1.9598584,-3.3498583,-3.7698584,-4.719858,-4.659858,-4.7398586,-5.2598586,-4.7798586,-3.9198585,-4.0198584,-3.1198585,-1.4598584,-0.5998584,-0.9298584,-1.8298584,-3.1998584,-2.2098584,-2.4198585,-3.1098585,-3.3398583,-2.8198583,-2.1998584,-2.8098583,-2.1998584,-2.1298585,-2.6498585,-2.5298584,-2.5198584,-3.2898583,-3.7398584,-3.5998583,-3.6198585,-3.4198585,-3.4898584,-3.1898584,-2.4898584,-1.9798584,-2.2998583,-2.0998583,-1.5198584,-1.4598584,-1.4298584,-1.1598583,-1.1298584
