data/wind/wind-json-20190329.json
{"header": { "discipline":0, "disciplineName":"Meteorological products", "gribEdition":2, "gribLength":74756, "center":7, "centerName":"US National Weather Service - NCEP(WMC)", "subcenter":0, "refTime":"2019-03-29T00:00:00.000Z", "significanceOfRT":1, "significanceOfRTName":"Start of forecast", "productStatus":0, "productStatusName":"Operational products", "productType":1, "productTypeName":"Forecast products", "productDefinitionTemplate":0, "productDefinitionTemplateName":"Analysis/forecast at horizontal level/layer at a point in time", "parameterCategory":2, "parameterCategoryName":"Momentum", "parameterNumber":2, "parameterNumberName":"U-component_of_wind", "parameterUnit":"m.s-1", "genProcessType":2, "genProcessTypeName":"Forecast", "forecastTime":0, "surface1Type":103, "surface1TypeName":"Specified height level above ground", "surface1Value":10.0, "surface2Type":255, "surface2TypeName":"Missing", "surface2Value":0.0, "gridDefinitionTemplate":0, "gridDefinitionTemplateName":"Latitude_Longitude", "numberPoints":65160, "shape":6, "shapeName":"Earth spherical with radius of 6,371,229.0 m", "gridUnits":"degrees", "resolution":48, "winds":"true", "scanMode":0, "nx":360, "ny":181, "basicAngle":0, "lo1":0.0, "la1":90.0, "lo2":359.0, "la2":-90.0, "dx":1.0, "dy":1.0 }, "data":
[rows 52 to 77 of 181, columns 295 to 353 of 360]
-6.506482,-7.236482,-7.716482,-8.436481,-9.526482,-9.606482,-9.666482,-9.836482,-9.526482,-9.506482,-9.526482,-10.066482,-10.076482,-9.506482,-8.3964815,-7.416482,-6.6964817,-6.456482,-4.596482,-4.096482,3.9435182,5.263518,5.383518,5.443518,5.063518,5.003518,5.083518,4.693518,3.543518,2.603518,2.1835182,1.4235181,-0.016481934,-0.056481935,-0.7264819,-1.196482,-0.69648194,-2.006482,-3.116482,-3.966482,-2.966482,-2.636482,-2.006482,-2.006482,-1.4964819,-1.3564819,-1.9664819,-2.676482,-3.5464818,-3.946482,-3.0264819,-3.616482,-3.346482,-3.236482,-1.686482,2.383518,0.92351806,-0.30648193,-1.916482
-7.056482,-7.606482,-8.406482,-8.686481,-10.206482,-10.156482,-10.276482,-10.176482,-9.666482,-9.166482,-9.1464815,-9.246482,-9.806482,-9.336482,-8.486482,-7.066482,-7.296482,-6.116482,0.34351808,5.773518,4.433518,5.003518,4.463518,4.273518,3.833518,4.353518,4.653518,4.083518,2.4535182,1.723518,1.2535181,0.7035181,-1.166482,-1.1064819,-1.186482,-0.62648195,-1.6364819,-3.126482,-3.696482,-3.916482,-4.4464817,-3.466482,-3.8064818,-3.386482,-2.996482,-2.946482,-3.0764818,-3.676482,-3.976482,-4.526482,-5.786482,-6.986482,-8.746482,-9.536482,-8.976482,-8.1464815,-5.506482,-5.826482,-4.246482
-8.756482,-10.3964815,-10.776482,-11.076482,-11.676482,-11.6464815,-11.846482,-11.026482,-10.236482,-9.326482,-9.176482,-9.166482,-10.286482,-10.336482,-8.336482,1.4235181,3.853518,4.223518,3.9435182,3.9435182,3.523518,3.523518,3.6835182,3.143518,3.1935182,3.633518,3.9535182,3.2335181,2.493518,0.99351805,0.26351807,-0.016481934,-2.0164819,-1.5964819,-1.4864819,-1.2564819,-3.186482,-3.406482,-3.726482,-5.036482,-4.736482,-5.636482,-5.526482,-5.026482,-5.306482,-5.706482,-5.526482,-5.236482,-5.356482,-6.456482,-6.956482,-7.266482,-7.506482,-7.4064817,-7.9264817,-9.1464815,-10.986482,-12.816482,-16.306482
-8.736482,-10.616482,-11.076482,-11.596482,-11.796482,-11.926482,-11.546482,-10.756482,-10.486482,-11.246482,-9.106482,-4.286482,0.87351805,2.013518,2.643518,2.623518,3.753518,3.273518,3.533518,2.9335182,2.4835181,2.7135181,2.753518,2.633518,2.7135181,2.9835181,2.883518,2.663518,1.853518,0.47351807,-0.25648195,-0.026481934,-2.7664819,-2.0164819,-1.8664819,-2.856482,-3.386482,-3.486482,-4.076482,-4.596482,-5.806482,-7.626482,-7.636482,-7.506482,-7.186482,-7.146482,-6.576482,-6.076482,-6.256482,-7.596482,-7.266482,-5.646482,-5.346482,-4.6964817,-3.676482,-3.3264818,-4.066482,-5.286482,-5.146482
-8.036482,-9.226482,-10.906482,-11.616482,-12.236482,-11.946482,-11.956482,-11.606482,-6.256482,-2.366482,-0.026481934,-0.096481934,0.5235181,1.2535181,2.033518,2.133518,1.7435181,1.843518,1.473518,1.443518,1.573518,1.4935181,1.1235181,1.193518,1.183518,1.093518,1.5335181,1.333518,0.99351805,0.22351807,-0.74648196,-0.57648194,-2.456482,-2.166482,-2.5164819,-3.136482,-3.436482,-3.176482,-4.1564817,-4.606482,-6.416482,-9.1464815,-9.996482,-9.676482,-8.8964815,-8.006482,-6.856482,-5.6764817,-4.746482,-3.636482,-2.086482,-1.3464819,-0.5464819,-0.62648195,-1.7364819,-2.186482,-1.4764819,-1.566482,-2.236482
-8.266482,-8.576482,-9.366482,-9.916482,-10.206482,-10.666482,-8.736482,1.2535181,1.833518,-1.896482,-0.56648195,-0.37648192,-0.68648195,-0.6564819,1.063518,0.7035181,0.15351807,0.46351805,0.11351807,0.7735181,0.60351807,-0.7964819,-0.55648196,-0.7764819,-0.55648196,-0.37648192,-0.32648194,0.18351807,-0.20648193,-0.38648194,-1.186482,-1.2564819,-2.956482,-2.666482,-2.7864819,-3.666482,-3.156482,-2.966482,-3.676482,-3.8164818,-5.216482,-6.766482,-5.9464817,-5.826482,-6.846482,-7.9064817,-7.686482,-6.066482,-3.636482,-2.5264819,-0.21648194,1.803518,1.8635181,-0.10648193,-0.7364819,0.21351807,0.34351808,0.7635181,-1.6364819
-9.126482,-8.436481,-8.676482,-9.286482,-8.986482,-6.116482,-1.0764819,-1.5864819,-1.5764819,0.46351805,-1.3864819,-0.7364819,-0.48648193,1.093518,0.57351804,-0.9664819,-0.6664819,-0.8564819,-0.6564819,-0.6064819,-2.656482,-1.946482,-1.806482,-2.3164818,-1.426482,-2.496482,-1.646482,-1.4764819,-1.686482,-1.8664819,-2.196482,-2.0564818,-2.436482,-3.176482,-2.676482,-3.416482,-3.0464818,-2.856482,-2.486482,-1.9564819,-1.7464819,-3.166482,-3.616482,-2.3064818,-1.156482,-0.096481934,0.87351805,1.9935181,3.523518,3.993518,2.853518,2.083518,1.5435181,0.5335181,0.61351806,-0.43648192,0.75351804,1.203518,2.323518
-10.006482,-8.456482,-8.776482,-8.276482,-5.886482,2.9835181,2.123518,-0.56648195,-2.736482,-3.396482,-2.196482,-2.5164819,-1.8764819,-0.5364819,-0.7264819,-1.556482,-1.646482,-2.196482,-1.9664819,-1.776482,-4.546482,-2.936482,-3.0364819,-2.646482,-3.966482,-3.616482,-3.3064818,-3.386482,-3.5264819,-3.596482,-3.496482,-2.986482,-2.606482,-3.616482,-2.5564818,-3.456482,-2.676482,-2.686482,-1.7464819,-0.56648195,0.69351804,-0.9164819,-1.7664819,-1.6364819,-0.80648196,-0.25648195,0.083518066,-0.016481934,0.14351806,0.69351804,0.6535181,0.6535181,0.17351806,-0.5464819,-0.32648194,-0.28648195,-0.9064819,-1.5964819,-2.7764819
-10.676482,-9.126482,-7.6764817,-2.976482,3.343518,2.533518,-0.07648193,-0.39648193,-0.16648193,-0.9164819,-1.5864819,-0.51648194,-0.88648194,-1.4864819,-1.946482,-2.7664819,-3.186482,-3.0564818,-2.696482,-1.4864819,-4.856482,-3.956482,-4.096482,-3.246482,-5.016482,-4.766482,-4.546482,-4.786482,-4.996482,-4.856482,-4.586482,-4.016482,-3.246482,-3.726482,-2.646482,-3.206482,-2.3064818,-1.3864819,-0.67648196,0.23351806,1.573518,1.6335181,0.26351807,-0.17648193,-0.41648194,-1.5864819,0.07351807,-0.18648194,-2.586482,-1.9864819,-1.806482,-1.8264819,-1.5864819,-1.8364819,-1.8764819,-0.0064819334,-0.016481934,-0.64648193,-0.7364819
-8.706482,-7.206482,0.75351804,2.7135181,3.033518,1.3835181,0.033518065,0.56351805,0.5935181,-1.066482,-1.676482,-1.9864819,-2.2964818,-2.896482,-3.586482,-3.696482,-3.896482,-3.656482,-3.406482,-2.846482,-4.756482,-4.936482,-4.586482,-3.926482,-5.616482,-5.436482,-5.356482,-5.516482,-5.6564817,-5.616482,-5.1764817,-4.336482,-4.476482,-3.346482,-3.256482,-3.0264819,-2.2664819,-0.8464819,0.35351807,1.803518,2.743518,4.243518,3.253518,2.163518,2.623518,-0.95648193,0.21351807,0.69351804,-0.56648195,-2.686482,-2.456482,-2.976482,-2.3264818,-2.696482,-3.5564818,0.46351805,0.9635181,1.0335181,1.213518
-5.236482,-4.4264817,0.29351807,3.4235182,0.47351807,1.443518,0.44351807,-0.45648193,-0.5464819,-1.686482,-2.116482,-2.976482,-3.716482,-4.466482,-4.866482,-4.686482,-3.966482,-4.136482,-3.506482,-3.5664818,-3.976482,-4.846482,-5.126482,-4.6564817,-5.916482,-5.756482,-5.566482,-5.636482,-5.596482,-5.836482,-5.4064817,-4.466482,-4.246482,-2.7664819,-2.746482,-2.976482,-2.116482,-1.0964819,0.20351806,1.553518,2.6735182,3.573518,3.373518,3.383518,3.573518,1.5035181,0.69351804,1.9235181,-1.146482,-0.34648192,-0.75648195,-3.426482,-3.8064818,-3.356482,-0.56648195,1.7935181,2.2135181,1.323518,-0.9664819
-4.506482,-0.7964819,3.153518,1.443518,1.813518,1.0435181,-0.0064819334,-1.1364819,-1.946482,-2.756482,-3.3164818,-3.8064818,-4.626482,-5.216482,-5.896482,-5.486482,-4.856482,-4.356482,-4.396482,-4.336482,-4.4064817,-5.516482,-5.306482,-5.086482,-6.046482,-6.146482,-5.816482,-5.586482,-5.496482,-5.536482,-4.846482,-4.1764817,-3.756482,-2.646482,-2.0164819,-2.086482,-2.166482,-1.3264819,-0.86648196,0.44351807,1.1235181,2.163518,3.363518,3.9635181,4.403518,2.1735182,1.6235181,1.943518,1.1735181,0.07351807,-0.63648194,-1.9564819,-2.246482,-2.0764818,0.013518066,-0.7164819,1.553518,1.6535181,-0.8364819
2.603518,5.193518,2.533518,1.953518,-0.0064819334,0.11351807,-0.22648193,-1.676482,-3.2864819,-4.216482,-4.626482,-4.936482,-5.436482,-5.686482,-6.116482,-5.776482,-5.866482,-5.956482,-6.136482,-6.486482,-6.346482,-5.376482,-6.366482,-5.396482,-6.1764817,-6.726482,-6.1964817,-5.716482,-5.486482,-5.496482,-5.366482,-4.466482,-3.5364819,-2.876482,-2.226482,-1.176482,-0.6664819,-0.55648196,0.013518066,0.50351804,1.1435181,2.013518,3.033518,3.773518,3.303518,1.953518,1.313518,1.433518,1.5135181,0.86351806,-0.61648196,-0.74648196,-1.9564819,-1.316482,0.5335181,-0.5964819,0.63351804,1.073518,1.093518
3.853518,3.623518,1.823518,0.7035181,-1.2164819,-1.6164819,-2.166482,-3.5264819,-4.226482,-5.376482,-5.806482,-6.146482,-6.386482,-5.916482,-5.766482,-7.606482,-6.816482,-6.266482,-5.066482,-6.366482,-7.226482,-6.1764817,-5.746482,-5.636482,-6.486482,-6.6564817,-6.736482,-6.366482,-5.856482,-5.516482,-5.416482,-4.836482,-3.956482,-3.476482,-2.406482,-1.5764819,-1.1364819,-0.096481934,0.5235181,1.213518,2.083518,2.6835182,2.9735181,2.803518,1.9835181,0.86351806,0.29351807,0.63351804,1.063518,0.99351805,0.043518066,0.19351807,0.23351806,-0.44648194,1.1235181,0.85351807,0.48351806,1.603518,2.613518
3.593518,2.063518,0.9635181,-1.1264819,-2.206482,-3.006482,-4.346482,-4.796482,-5.1764817,-6.366482,-6.686482,-7.136482,-6.6564817,-6.096482,-4.9264817,-5.846482,-7.456482,-6.716482,-6.496482,-6.1764817,-6.716482,-6.886482,-6.306482,-6.226482,-6.576482,-6.776482,-6.756482,-6.886482,-6.556482,-6.086482,-5.626482,-4.986482,-4.666482,-4.096482,-3.3164818,-2.616482,-1.7264819,-1.0064819,-0.016481934,0.75351804,1.313518,1.713518,2.133518,2.123518,1.7635181,0.44351807,0.26351807,0.94351804,1.343518,0.47351807,0.57351804,1.433518,2.253518,0.7235181,-0.7364819,-0.41648194,-0.23648193,0.5235181,2.273518
1.213518,0.30351806,-1.176482,-2.116482,-2.636482,-4.1564817,-5.326482,-5.636482,-6.126482,-7.276482,-7.716482,-7.546482,-7.106482,-6.806482,-6.256482,-5.686482,-7.836482,-6.936482,-5.766482,-5.976482,-6.616482,-7.056482,-6.556482,-6.506482,-6.556482,-6.136482,-6.506482,-6.266482,-6.496482,-6.626482,-6.466482,-5.856482,-4.9464817,-4.306482,-3.596482,-3.0764818,-2.5664818,-2.0564818,-1.426482,-0.87648195,-0.17648193,0.22351807,0.32351807,0.6635181,0.40351808,0.13351807,0.33351806,1.1635181,1.313518,0.49351805,1.703518,2.2235181,1.963518,0.11351807,-1.306482,1.0435181,1.973518,0.60351807,1.843518
-0.17648193,-1.2564819,-2.3064818,-3.156482,-3.5664818,-4.366482,-5.4464817,-5.9464817,-5.766482,-5.986482,-7.526482,-7.886482,-7.536482,-7.526482,-7.386482,-6.6564817,-7.226482,-8.226482,-7.296482,-7.016482,-7.106482,-7.006482,-6.506482,-6.846482,-6.516482,-6.336482,-6.476482,-6.346482,-5.626482,-5.386482,-6.066482,-6.146482,-5.616482,-4.9064817,-4.4264817,-3.916482,-3.7864819,-3.656482,-3.156482,-2.606482,-1.806482,-0.9764819,-0.61648196,-0.46648192,-0.57648194,-0.6064819,0.18351807,0.8335181,0.50351804,0.99351805,1.693518,2.083518,2.4835181,1.313518,1.4135181,0.41351807,0.5935181,0.5235181,0.07351807
-1.8564819,-1.926482,-3.116482,-4.606482,-4.266482,-4.546482,-5.756482,-6.346482,-6.296482,-6.066482,-6.716482,-7.326482,-7.876482,-8.386482,-8.276482,-7.466482,-7.546482,-7.796482,-7.776482,-7.256482,-7.666482,-7.076482,-6.716482,-6.816482,-6.4264817,-6.786482,-6.416482,-6.476482,-6.376482,-5.506482,-5.496482,-5.6964817,-5.586482,-5.336482,-4.9064817,-4.566482,-4.746482,-4.516482,-3.8264818,-3.186482,-2.5264819,-1.7664819,-1.316482,-0.95648193,-0.5864819,-0.55648196,-0.12648194,0.7635181,1.063518,1.1735181,1.193518,1.603518,1.343518,1.693518,2.113518,0.42351806,0.55351806,-2.416482,-1.776482
-2.876482,-3.336482,-3.2964818,-4.956482,-5.136482,-5.4264817,-6.326482,-6.9464817,-7.206482,-7.256482,-7.4064817,-7.626482,-7.886482,-8.206482,-8.376482,-8.036482,-7.726482,-7.396482,-7.506482,-7.186482,-7.136482,-6.856482,-6.936482,-7.186482,-7.206482,-7.006482,-6.766482,-6.646482,-7.076482,-6.226482,-5.616482,-5.526482,-5.476482,-5.1764817,-4.706482,-4.096482,-2.7664819,-2.7864819,-2.386482,-2.446482,-2.726482,-2.186482,-2.5164819,-1.666482,-1.156482,-0.86648196,-0.20648193,0.7635181,2.363518,2.7335181,4.0535183,2.043518,0.9535181,1.6335181,3.783518,0.9635181,-2.496482,-3.426482,-2.586482
-2.666482,-3.146482,-3.256482,-5.036482,-5.4264817,-6.1764817,-6.986482,-7.006482,-7.286482,-7.976482,-7.9464817,-8.056482,-8.336482,-8.6464815,-8.826482,-8.376482,-7.9264817,-7.646482,-7.796482,-7.626482,-7.526482,-7.076482,-7.376482,-7.556482,-7.576482,-7.396482,-7.146482,-6.936482,-6.996482,-6.6964817,-5.836482,-5.6564817,-5.296482,-4.556482,-4.206482,-3.846482,-3.2764819,-2.916482,-2.906482,-2.916482,-2.5264819,-2.8064818,-2.886482,-2.5264819,-1.8764819,-1.3464819,-0.37648192,0.9535181,2.283518,3.493518,4.393518,3.763518,3.533518,1.9935181,1.853518,0.82351804,-2.946482,-3.216482,-3.086482
-1.5064819,-2.606482,-4.326482,-4.066482,-4.996482,-5.916482,-6.356482,-6.626482,-7.896482,-8.336482,-7.986482,-8.026482,-8.466482,-8.906482,-9.676482,-9.246482,-8.356482,-8.066482,-7.996482,-8.156482,-8.056482,-7.536482,-7.026482,-7.036482,-7.216482,-7.666482,-7.466482,-7.286482,-6.986482,-7.076482,-6.276482,-5.6564817,-5.166482,-4.736482,-4.136482,-3.936482,-3.696482,-3.716482,-3.106482,-3.226482,-3.086482,-3.106482,-3.0364819,-2.676482,-2.176482,-1.556482,-0.5364819,0.75351804,2.373518,3.243518,3.823518,4.463518,2.313518,3.523518,1.1735181,-3.0664818,-3.736482,-3.666482,-3.366482
-3.466482,-2.336482,-2.706482,-5.616482,-5.1764817,-5.626482,-5.966482,-6.616482,-7.4064817,-8.706482,-8.546482,-8.206482,-8.1464815,-8.606482,-8.466482,-8.796482,-8.616482,-8.236482,-7.726482,-7.536482,-7.666482,-7.736482,-7.836482,-7.766482,-7.966482,-7.976482,-7.856482,-7.756482,-7.266482,-6.816482,-6.376482,-5.976482,-5.716482,-5.126482,-4.736482,-4.1564817,-3.7864819,-3.726482,-3.246482,-3.606482,-3.396482,-3.196482,-3.2864819,-2.886482,-2.396482,-1.7164819,-0.80648196,0.42351806,2.073518,2.623518,2.9535182,3.1935182,2.383518,2.2135181,1.053518,-3.616482,-4.206482,-1.536482,-3.196482
-4.186482,-4.136482,-3.3264818,-4.646482,-5.306482,-5.9064817,-6.116482,-6.456482,-7.166482,-8.656482,-9.116482,-8.756482,-8.706482,-8.566482,-8.666482,-9.016482,-8.816482,-8.086482,-8.256482,-8.296482,-8.156482,-8.016482,-7.986482,-7.916482,-7.576482,-7.476482,-7.4264817,-7.216482,-7.116482,-6.846482,-6.776482,-6.326482,-5.746482,-5.886482,-5.1764817,-4.756482,-4.136482,-3.436482,-3.196482,-2.5164819,-4.006482,-3.656482,-3.5764818,-2.926482,-2.466482,-1.8664819,-0.89648193,0.29351807,1.9235181,2.263518,3.023518,2.9735181,2.263518,3.4535182,0.32351807,-2.206482,-3.7864819,-5.396482,-6.776482
-5.796482,-5.286482,-4.606482,-4.436482,-5.126482,-6.256482,-6.566482,-7.186482,-7.496482,-8.156482,-8.736482,-8.796482,-8.706482,-8.756482,-8.466482,-8.486482,-8.886482,-8.886482,-8.596482,-8.436481,-8.226482,-8.106482,-7.956482,-7.666482,-7.516482,-7.496482,-7.4064817,-7.246482,-7.066482,-6.646482,-6.486482,-5.936482,-5.726482,-5.9464817,-5.4264817,-5.116482,-4.876482,-4.276482,-3.5364819,-3.126482,-4.476482,-2.336482,-3.466482,-2.756482,-2.416482,-1.676482,-0.6664819,0.10351807,1.1135181,2.133518,2.763518,1.833518,3.103518,2.6835182,0.06351807,-1.2364819,-3.846482,-6.1764817,-3.726482
-6.726482,-6.336482,-6.1964817,-6.556482,-4.9064817,-6.1564817,-6.686482,-7.606482,-7.476482,-7.826482,-8.206482,-8.456482,-8.586482,-8.986482,-9.206482,-8.8964815,-8.406482,-8.936481,-9.106482,-8.516482,-8.306482,-8.256482,-7.6964817,-7.756482,-7.716482,-7.606482,-7.516482,-7.396482,-7.216482,-6.886482,-6.526482,-6.1764817,-5.966482,-5.6564817,-5.1564817,-5.086482,-4.896482,-4.226482,-3.5764818,-3.706482,-2.906482,-3.486482,-3.736482,-2.686482,-2.0764818,-1.2364819,-0.5964819,0.39351806,2.053518,2.2035182,2.543518,1.6535181,1.463518,0.6635181,0.98351806,-0.5364819,-1.436482,1.963518,-0.43648192
-7.996482,-8.236482,-7.376482,-6.856482,-6.4264817,-6.386482,-6.536482,-7.616482,-7.666482,-7.966482,-8.196482,-8.106482,-8.316482,-8.656482,-9.206482,-9.186481,-8.566482,-8.6464815,-9.116482,-8.796482,-8.446482,-8.336482,-8.046482,-7.986482,-8.076482,-7.666482,-7.596482,-7.116482,-7.066482,-6.986482,-6.536482,-5.9264817,-5.776482,-5.616482,-5.466482,-4.776482,-4.306482,-3.626482,-4.126482,-3.5564818,-3.176482,-4.206482,-3.436482,-2.496482,-1.666482,-0.9164819,-0.32648194,1.203518,2.7135181,2.353518,2.143518,1.443518,0.40351808,0.14351806,0.22351807,-1.936482,0.16351807,0.5235181,-0.026481934
