data/wind/wind-json-20190401.json
{"header": { "discipline":0, "disciplineName":"Meteorological products", "gribEdition":2, "gribLength":74137, "center":7, "centerName":"US National Weather Service - NCEP(WMC)", "subcenter":0, "refTime":"2019-04-01T00:00:00.000Z", "significanceOfRT":1, "significanceOfRTName":"Start of forecast", "productStatus":0, "productStatusName":"Operational products", "productType":1, "productTypeName":"Forecast products", "productDefinitionTemplate":0, "productDefinitionTemplateName":"Analysis/forecast at horizontal level/layer at a point in time", "parameterCategory":2, "parameterCategoryName":"Momentum", "parameterNumber":2, "parameterNumberName":"U-component_of_wind", "parameterUnit":"m.s-1", "genProcessType":2, "genProcessTypeName":"Forecast", "forecastTime":0, "surface1Type":103, "surface1TypeName":"Specified height level above ground", "surface1Value":10.0, "surface2Type":255, "surface2TypeName":"Missing", "surface2Value":0.0, "gridDefinitionTemplate":0, "gridDefinitionTemplateName":"Latitude_Longitude", "numberPoints":65160, "shape":6, "shapeName":"Earth spherical with radius of 6,371,229.0 m", "gridUnits":"degrees", "resolution":48, "winds":"true", "scanMode":0, "nx":360, "ny":181, "basicAngle":0, "lo1":0.0, "la1":90.0, "lo2":359.0, "la2":-90.0, "dx":1.0, "dy":1.0 }, "data":
[rows 100 to 124 of 181, columns 228 to 284 of 360]
-5.0187354,-3.5987353,-3.6287353,-4.048735,-4.1787353,-4.528735,-4.9987354,-5.318735,-5.4787354,-5.7487354,-5.9187355,-5.8987355,-6.798735,-8.328735,-8.348736,-7.6187353,-7.6387353,-7.2687354,-7.0887356,-7.1587353,-7.3787355,-7.6387353,-7.6087356,-7.468735,-7.1587353,-7.4987354,-7.508735,-7.6287355,-7.2687354,-7.0987353,-7.2287354,-7.3387356,-6.8487353,-6.048735,-5.7887354,-5.4387355,-5.468735,-5.1287355,-5.8687353,-5.8487353,-5.6487355,-5.7087355,-5.948735,-5.738735,-5.5787354,-6.048735,-5.8487353,-5.9287353,-6.0387354,-5.8787355,-5.778735,-5.6187353,-5.3587356,-3.5787354,0.46126464,-1.5487354,-0.5487354
-4.738735,-4.4587355,-3.5887353,-3.3687353,-4.0787354,-4.4287353,-4.3987355,-4.5987353,-5.1687355,-5.068735,-5.3687353,-4.9787354,-6.9287353,-7.9787354,-7.8487353,-7.3487353,-7.028735,-7.1087356,-7.1787353,-7.278735,-7.3487353,-7.278735,-7.1287355,-6.8687353,-6.9987354,-6.9587355,-6.9087353,-6.8787355,-6.9287353,-6.6287355,-6.4187355,-6.528735,-6.1887355,-6.068735,-6.2087355,-5.4787354,-4.968735,-4.8087354,-5.1787353,-5.488735,-6.028735,-6.068735,-6.0587354,-5.968735,-5.6287355,-6.1687355,-6.068735,-6.1187353,-6.1487355,-6.0987353,-5.9087353,-6.048735,-5.8087354,-4.8587356,-2.3587353,2.0312645,-1.5687354
-4.6687355,-4.3587356,-4.1287355,-4.3687353,-3.9887354,-3.8787353,-3.7387354,-3.7287354,-4.0987353,-4.528735,-4.2287354,-5.1187353,-5.9087353,-7.238735,-7.2687354,-6.7687354,-6.6287355,-6.488735,-6.698735,-7.1387353,-7.1087356,-7.1187353,-6.9787354,-6.8087354,-6.6687355,-6.7487354,-6.778735,-6.7687354,-6.6287355,-6.318735,-6.3287354,-6.218735,-6.3387356,-6.468735,-5.738735,-4.9787354,-4.6487355,-4.698735,-5.3287354,-5.8087354,-6.4087353,-6.1887355,-6.6087356,-6.4587355,-5.8387356,-6.0187354,-5.9387355,-5.988735,-6.008735,-5.8887353,-5.798735,-5.7887354,-5.7287354,-5.068735,-2.6687353,-0.038735352,1.7512647
-3.3787353,-4.218735,-3.4987354,-3.5587354,-3.2887354,-3.4987354,-3.6987352,-3.4087353,-3.1787353,-3.6087353,-3.6987352,-3.8487353,-4.6087356,-6.028735,-6.2487354,-6.0987353,-6.298735,-6.468735,-6.7087355,-6.948735,-7.0187354,-6.8987355,-6.8287354,-6.778735,-6.6187353,-6.5387354,-6.5887356,-6.6487355,-6.7487354,-6.5387354,-6.5587354,-6.6587353,-6.6487355,-6.5187354,-5.8987355,-5.3587356,-5.0987353,-5.2087355,-6.0987353,-6.8287354,-6.448735,-6.048735,-6.758735,-6.9087353,-6.298735,-5.8387356,-5.8087354,-5.9187355,-5.8487353,-5.8287354,-5.6187353,-5.5387354,-5.508735,-5.1887355,-3.5487354,-2.6387353,0.73126465
-2.9887354,-3.1287353,-3.6387353,-3.4087353,-3.5287354,-3.6387353,-3.5787354,-3.3987353,-3.0387354,-2.9787354,-3.2287354,-3.0087354,-3.5487354,-4.818735,-5.9787354,-5.6287355,-6.1287355,-6.3287354,-6.5387354,-6.6687355,-6.738735,-6.8887353,-6.758735,-6.3887353,-6.198735,-6.318735,-6.4787354,-6.7287354,-7.0187354,-6.698735,-6.5987353,-7.0987353,-7.3787355,-7.1787353,-6.7087355,-6.4387355,-5.9287353,-5.968735,-6.6087356,-6.9587355,-6.718735,-6.068735,-6.6087356,-6.948735,-6.5387354,-5.8287354,-5.7887354,-5.8287354,-5.6587353,-5.548735,-5.3487353,-5.2887354,-5.258735,-5.3587356,-5.3087354,-4.298735,-0.82873535
-1.6087353,-2.6087353,-3.0187354,-2.9687355,-3.1287353,-3.4987354,-3.4887354,-2.9787354,-2.5387354,-3.1687353,-3.2487354,-3.1187353,-3.1887352,-4.6887355,-5.758735,-5.4787354,-5.7887354,-6.1187353,-6.198735,-6.068735,-6.2287354,-6.5887356,-6.4187355,-6.1387353,-6.278735,-5.9287353,-6.3787355,-6.9787354,-6.9087353,-7.2287354,-8.078735,-7.948735,-7.508735,-7.2887354,-7.948735,-7.6687355,-7.818735,-7.9787354,-7.3287354,-6.9987354,-6.318735,-6.568735,-6.8587356,-6.4987354,-6.5787354,-5.8787355,-5.6787353,-5.5887356,-5.4187355,-5.0887356,-4.9787354,-4.948735,-4.988735,-5.2487354,-5.5587354,-5.3987355,-5.8587356
-0.51873535,-1.0687354,-1.4087354,-1.8287354,-1.8587353,-2.0787354,-2.9287353,-3.2187355,-2.9087353,-1.9287354,-3.1487353,-3.5087354,-3.4187353,-4.6587353,-5.5987353,-5.6287355,-5.8287354,-5.778735,-5.6187353,-5.3787355,-6.0387354,-6.6887355,-6.7487354,-6.238735,-6.008735,-6.4587355,-6.7687354,-7.1687355,-7.3987355,-8.188735,-8.298736,-7.6687355,-7.5887356,-7.5887356,-7.6287355,-7.238735,-7.0887356,-7.008735,-7.0587354,-7.008735,-6.6087356,-6.4587355,-6.5887356,-6.048735,-6.4387355,-6.218735,-5.698735,-5.1887355,-4.8987355,-4.9287353,-4.8787355,-4.8887353,-4.8287354,-4.9987354,-5.468735,-5.6187353,-5.9387355
2.0212646,0.56126463,-0.04873535,-0.32873535,-0.8587353,-1.7187353,-2.1387353,-2.1887352,-3.0387354,-4.0587354,-3.1287353,-3.2087355,-3.1487353,-4.3887353,-5.988735,-6.028735,-5.758735,-5.3987355,-4.9287353,-5.698735,-6.8587356,-7.2287354,-6.548735,-6.7087355,-6.258735,-6.6587353,-6.7287354,-7.5387354,-7.968735,-8.048736,-7.6887355,-7.0187354,-7.0987353,-7.068735,-7.2687354,-6.9087353,-6.528735,-6.3987355,-6.3287354,-6.3787355,-6.488735,-6.5887356,-6.7487354,-6.448735,-6.2887354,-6.258735,-5.698735,-5.278735,-4.6687355,-4.7887354,-5.0187354,-5.1087356,-5.048735,-5.048735,-4.948735,-5.3587356,-5.3787355
4.1712646,3.1712646,1.4712646,0.90126467,0.84126467,-0.52873534,-1.3487353,-1.5387354,-1.4387354,-1.6987354,-1.7987354,-2.0287354,-3.2387354,-4.798735,-5.318735,-5.4987354,-5.2687354,-5.3487353,-4.818735,-6.278735,-7.1587353,-7.7487354,-6.9087353,-7.718735,-7.738735,-7.468735,-6.488735,-7.548735,-8.258736,-7.738735,-7.2887354,-6.738735,-7.1587353,-7.0987353,-6.9787354,-6.8287354,-6.448735,-6.3387356,-6.3287354,-6.5587354,-6.8987355,-6.718735,-6.2687354,-6.2087355,-6.3387356,-6.1387353,-5.3887353,-5.3687353,-4.948735,-4.8487353,-5.0587354,-4.8687353,-4.9787354,-4.9987354,-4.8287354,-4.6887355,-4.6487355
4.8812647,4.6012645,3.7512646,2.9712646,1.9312646,1.1912646,0.23126465,0.09126465,0.021264648,-1.0587354,-1.6787354,-2.2987354,-2.5487354,-4.3587356,-4.198735,-4.4187355,-5.028735,-4.7087355,-4.488735,-5.948735,-6.548735,-7.1387353,-6.528735,-7.218735,-6.778735,-6.8887353,-7.4387355,-7.8687353,-7.5787354,-7.0887356,-6.7087355,-6.258735,-6.258735,-6.6287355,-6.7487354,-6.6087356,-6.4087353,-6.5187354,-6.488735,-6.468735,-6.3087354,-6.258735,-6.1687355,-6.0787354,-5.7687354,-5.5987353,-5.1087356,-4.8987355,-4.8787355,-4.7287354,-4.7487354,-4.5887356,-4.468735,-4.4387355,-4.2087355,-4.2087355,-3.9387352
5.221265,4.7912645,4.5612645,4.9412646,4.0212646,3.2512646,2.1612647,1.1712646,1.0512646,0.31126463,-0.33873534,-1.4887353,-2.1587353,-3.9787354,-3.7787354,-3.7887354,-4.568735,-4.448735,-3.5987353,-3.9987354,-4.738735,-5.4287353,-5.3487353,-5.9587355,-6.008735,-6.2687354,-6.6787353,-7.198735,-7.0787354,-6.468735,-6.4287353,-6.1387353,-6.1787353,-6.4787354,-6.5887356,-6.2487354,-6.0887356,-6.1687355,-6.218735,-6.1587353,-6.1887355,-6.2287354,-5.988735,-5.778735,-5.758735,-5.4087353,-5.0887356,-4.738735,-4.5887356,-4.3287354,-4.0387354,-3.9187353,-3.8487353,-3.6587353,-3.5587354,-3.1587353,-3.4487352
3.0112646,4.6412644,4.951265,3.9312646,4.491265,4.8912644,4.031265,2.9312646,1.8512646,1.5512646,0.81126463,-0.28873536,-1.3387353,-2.4587355,-2.8687353,-2.8787353,-3.5787354,-4.2687354,-3.1787353,-3.3887353,-4.0587354,-4.7087355,-4.3287354,-4.778735,-4.448735,-5.548735,-6.1387353,-5.8287354,-5.9087353,-6.1787353,-5.8687353,-5.5787354,-5.8687353,-6.258735,-6.4187355,-6.4087353,-6.3687353,-6.318735,-6.1287355,-5.9787354,-5.948735,-5.7287354,-5.5187354,-5.6387353,-5.5587354,-5.198735,-4.7487354,-4.2487354,-3.7587354,-3.7587354,-3.6187353,-3.3587353,-3.3187354,-3.1387353,-2.6787353,-2.5187354,-2.3487353
-5.4987354,-5.3687353,-4.9087353,-0.94873536,3.1512647,4.221265,4.991265,4.9412646,3.6312647,2.7212646,2.2412646,1.6212647,0.8812646,0.06126465,-2.2287354,-2.1287353,-3.0087354,-3.6687353,-3.0687354,-2.9387352,-2.6887352,-3.5287354,-3.0387354,-3.1287353,-3.8187354,-5.1687355,-5.3487353,-4.488735,-5.5587354,-5.3587356,-4.8687353,-5.1287355,-5.3287354,-5.6787353,-5.988735,-6.1887355,-6.1387353,-5.9087353,-5.5787354,-5.5787354,-5.508735,-5.258735,-5.0387354,-4.758735,-4.698735,-4.4187355,-4.0787354,-3.7287354,-3.5287354,-3.4487352,-3.3187354,-2.9187353,-2.9187353,-2.7687354,-2.4087353,-1.9787353,-1.6287353
-5.698735,-6.298735,-5.5887356,-5.238735,-5.0387354,-1.5887353,2.9812646,4.2312646,4.7312646,4.781265,3.4512646,2.7112646,1.7812647,-0.37873536,-1.0587354,-1.3387353,-1.2987354,-1.2787354,-1.3187354,-1.0487354,-1.4887353,-1.5287354,-1.8687353,-1.8687353,-4.218735,-5.5387354,-5.1887355,-3.8687353,-4.8387356,-4.818735,-4.5987353,-4.948735,-5.238735,-5.3987355,-5.7087355,-5.5787354,-5.568735,-5.3087354,-5.3287354,-5.2287354,-5.028735,-4.758735,-4.6087356,-4.3887353,-4.778735,-4.318735,-3.8587353,-3.4887354,-3.2587354,-3.0287354,-2.7287354,-2.2687354,-2.1587353,-2.1587353,-2.0987353,-1.8187354,-1.1087353
-4.8687353,-5.0187354,-4.758735,-4.488735,-3.9687355,-3.6987352,-3.6887352,-1.3387353,4.1212645,5.4212646,5.681265,3.9612646,2.7412646,2.1712646,1.2012646,0.15126465,0.021264648,0.5712646,1.0312647,0.36126465,0.87126464,0.5112646,0.031264648,-1.6687354,-4.1787353,-5.1287355,-4.568735,-3.8887353,-4.488735,-3.9087353,-3.6987352,-4.1287355,-4.3287354,-4.8887353,-5.2287354,-5.3987355,-5.4587355,-5.2687354,-5.0587354,-5.068735,-5.1187353,-4.9287353,-4.6687355,-4.298735,-4.3887353,-3.7687354,-3.5487354,-3.1087353,-2.6587353,-2.6687353,-2.4787354,-2.2087355,-1.9587353,-1.4287354,-1.2387353,-1.4087354,-0.89873534
-3.8287354,-3.7387354,-3.2487354,-3.0287354,-3.3087354,-2.5687354,-2.5387354,-2.1687353,-2.1687353,1.3612647,5.8112645,5.951265,4.2712646,3.6512647,2.9912646,2.2812645,1.6412647,1.5312647,1.3812647,0.92126465,1.3112646,1.0312647,1.6212647,-1.4087354,-2.9387352,-3.5087354,-3.2687354,-2.1587353,-2.6987352,-2.4287353,-2.7887354,-3.3787353,-3.4987354,-3.7587354,-4.278735,-4.4987354,-5.1587353,-4.9987354,-4.7687354,-4.8587356,-5.1687355,-4.8287354,-4.0187354,-3.7787354,-3.7187355,-3.5987353,-3.3487353,-3.0487354,-2.6687353,-2.3187354,-2.3887353,-2.0687354,-1.4087354,-1.2687354,-0.8687354,-0.36873534,-0.39873534
-3.4987354,-3.3087354,-3.2587354,-2.7387354,-3.1487353,-3.8187354,-3.7387354,-2.3187354,-0.06873535,0.84126467,-0.96873534,5.5912647,6.4112644,5.9212646,4.011265,3.3112648,3.1312647,2.9312646,2.8512647,2.4712646,1.8412646,1.2212646,0.56126463,1.2212646,-0.7287353,-2.0487354,-1.8687353,-1.0687354,-1.7087353,-1.7287353,-1.8687353,-1.8087354,-2.3287354,-1.9887353,-2.9487352,-3.5487354,-3.7587354,-4.2487354,-4.2087355,-4.1687355,-4.3087354,-4.218735,-3.6187353,-3.0987353,-3.1287353,-2.8887353,-2.9987354,-3.3787353,-3.0187354,-2.6487353,-2.0287354,-1.7487353,-2.0287354,-1.6087353,-1.0187354,-0.12873535,-0.02873535
-2.9087353,-2.8587353,-3.1787353,-4.1887355,-4.3587356,-4.2487354,-4.2287354,-4.4987354,-3.6487353,-3.1387353,-2.9887354,-5.758735,-2.5587354,6.0912647,6.241265,5.8112645,4.2312646,4.6312647,4.4112644,4.0212646,3.6012647,3.3312647,3.1512647,2.9212646,1.7112646,-0.21873535,-0.36873534,-0.04873535,0.47126466,-0.25873536,-0.26873535,-0.82873535,-0.65873533,-1.2187353,-1.2887354,-2.0787354,-2.4187353,-2.6887352,-3.5787354,-3.3887353,-3.0787354,-3.0087354,-2.8187354,-2.1787353,-1.8487353,-1.4287354,-1.1187353,-1.1387353,-1.0287354,-0.52873534,-0.59873533,-1.3587353,-2.2287354,-1.9987353,-1.6087353,-0.88873535,-0.17873535
-4.028735,-4.4187355,-3.2987354,-4.9087353,-4.6587353,-4.468735,-4.2487354,-4.718735,-4.9287353,-5.778735,-5.8087354,-5.2287354,-4.0787354,-4.2687354,-1.5987353,8.141265,5.971265,6.261265,5.5012646,5.1012645,4.7712646,4.9012647,4.6512647,4.1712646,3.4112647,2.1912646,1.7312646,1.6812646,2.4012647,1.7212646,1.5612646,1.0012647,1.0812646,0.74126464,0.62126464,0.21126465,-0.83873534,-2.2587354,-2.4487352,-2.4087353,-2.5487354,-2.3887353,-2.2087355,-1.7087353,-0.89873534,-0.28873536,0.80126464,0.92126465,0.49126464,0.78126466,1.9612646,1.0212647,-0.53873533,-1.4287354,-1.4987353,-1.7787354,-0.93873537
-4.1687355,-3.5187354,-4.2887354,-4.5187354,-3.8287354,-3.4187353,-3.3387353,-2.8687353,-2.6787353,-2.6887352,-3.0487354,-3.1087353,-2.5487354,-2.4087353,-3.2587354,-3.5787354,-1.7887354,9.651264,7.0012646,6.2312646,5.9012647,5.931265,5.741265,5.3312645,4.741265,3.9912646,3.5912647,4.011265,3.2112646,3.6212647,3.2912645,2.9312646,2.3712647,2.3112648,2.2412646,1.8412646,0.33126464,0.44126466,-0.43873537,0.7612646,1.8412646,1.6612647,1.0312647,-0.19873536,-0.19873536,0.44126466,1.6212647,2.2412646,1.8312646,0.92126465,0.91126466,1.7812647,1.4512646,-0.008735351,-1.5387354,-1.9187354,-1.7887354
-3.3187354,-3.0087354,-3.2287354,-2.8087354,-2.5887353,-2.4187353,-1.9387354,-1.4087354,-0.95873535,-0.6687353,-1.1087353,-0.82873535,-1.0487354,-1.4987353,-1.9087354,-2.4487352,-3.2287354,-1.9887353,-1.0787354,8.741264,6.3312645,6.781265,6.471265,6.3312645,5.5712647,4.8612647,5.3112645,5.221265,4.5812645,4.1312647,3.9712646,4.531265,3.5612648,3.6212647,3.1812646,2.6212647,1.7512647,2.5012646,2.4212646,2.9812646,2.5312645,2.2612646,2.4312646,2.3312647,2.2512646,2.2112646,2.6212647,3.0812647,3.1712646,2.3012648,1.9812646,2.1412647,2.4912646,1.7812647,-0.16873536,-1.6287353,-2.0587354
-0.89873534,-0.6687353,-0.34873536,-1.1087353,-0.9787353,-0.62873536,-0.89873534,-0.7987354,-0.8687354,-0.71873534,-0.78873533,0.031264648,0.09126465,-0.34873536,-1.6087353,-1.8987354,-1.1687354,-1.3687353,-2.3887353,-2.0987353,0.22126465,9.061265,6.2512646,6.7912645,6.3412647,6.0912647,5.9812646,5.8712645,5.801265,5.1912646,5.0412645,5.181265,5.4412646,5.3112645,4.7512646,3.9712646,3.9912646,4.3912644,4.3912644,3.3012648,0.84126467,-0.36873534,0.9512646,1.6512647,2.5412645,3.8812647,4.8612647,4.4812646,4.1712646,3.1412647,2.6812646,3.0412645,2.8112648,2.4412646,1.6112647,-0.6687353,-2.2587354
1.1712646,1.1912646,1.3812647,1.6612647,1.6412647,1.7112646,1.8512646,1.8112646,1.1712646,0.97126466,0.7012646,-0.47873536,-2.0387354,-1.7287353,-1.5987353,-1.3387353,-1.3587353,-1.9787353,-2.2287354,-3.3887353,-2.9387352,-3.9487352,1.1112647,8.111264,6.741265,7.301265,7.3612647,7.3312645,6.0712647,6.3112645,6.701265,6.551265,6.5012646,6.7912645,6.551265,5.8312645,5.9112644,6.3412647,6.241265,5.7312646,4.4112644,3.8012648,3.5412645,3.6012647,3.2612646,3.8212647,3.9312646,4.2112646,3.9312646,3.2712646,2.7912645,2.8412647,2.5812647,1.9912647,1.4512646,0.06126465,-2.1587353
3.8412647,3.6712646,3.7412646,4.011265,4.1912646,3.5612648,3.8212647,3.6412647,3.4012647,3.1412647,2.8112648,2.2712646,1.1812646,0.021264648,-0.6087353,-0.70873535,-1.1887354,-1.4287354,-1.2487353,-1.2687354,-1.4187354,-2.7087355,-2.5487354,-3.9987354,0.06126465,9.961265,8.131265,8.101265,7.3512645,7.1112647,8.231265,8.701264,8.461265,8.411264,8.391265,8.001265,7.8612647,7.721265,7.301265,6.971265,5.471265,4.8312645,4.6212645,4.511265,3.9812646,3.3912647,3.3612647,3.4812646,3.2612646,4.0012646,3.9612646,3.2312646,2.7912645,1.6812646,1.3812647,0.67126465,-1.5787354
6.4012647,6.3612647,6.2112646,6.431265,6.471265,6.2312646,5.741265,5.6112647,5.261265,4.6212645,4.4612646,3.9012647,3.2612646,2.6012647,2.3112648,2.2112646,1.9912647,1.6112647,0.78126466,0.04126465,-0.14873534,-0.31873536,-0.19873536,-1.3887353,-1.6087353,-1.7087353,-1.4387354,9.521265,8.141265,8.521265,8.801265,8.951264,9.811265,9.801265,8.791265,9.291265,9.291265,7.951265,8.281264,7.301265,6.181265,5.8312645,5.1612644,4.5812645,4.3312645,3.7412646,2.9512646,2.5912647,3.0812647,3.7712646,4.6412644,3.7712646,2.7112646,1.3412646,1.1512647,1.9412646,-0.16873536
