data/wind/wind-json-20190330.json
{"header": { "discipline":0, "disciplineName":"Meteorological products", "gribEdition":2, "gribLength":74371, "center":7, "centerName":"US National Weather Service - NCEP(WMC)", "subcenter":0, "refTime":"2019-03-30T00:00:00.000Z", "significanceOfRT":1, "significanceOfRTName":"Start of forecast", "productStatus":0, "productStatusName":"Operational products", "productType":1, "productTypeName":"Forecast products", "productDefinitionTemplate":0, "productDefinitionTemplateName":"Analysis/forecast at horizontal level/layer at a point in time", "parameterCategory":2, "parameterCategoryName":"Momentum", "parameterNumber":3, "parameterNumberName":"V-component_of_wind", "parameterUnit":"m.s-1", "genProcessType":2, "genProcessTypeName":"Forecast", "forecastTime":0, "surface1Type":103, "surface1TypeName":"Specified height level above ground", "surface1Value":10.0, "surface2Type":255, "surface2TypeName":"Missing", "surface2Value":0.0, "gridDefinitionTemplate":0, "gridDefinitionTemplateName":"Latitude_Longitude", "numberPoints":65160, "shape":6, "shapeName":"Earth spherical with radius of 6,371,229.0 m", "gridUnits":"degrees", "resolution":48, "winds":"true", "scanMode":0, "nx":360, "ny":181, "basicAngle":0, "lo1":0.0, "la1":90.0, "lo2":359.0, "la2":-90.0, "dx":1.0, "dy":1.0 }, "data":
[rows 0 to 25 of 181, columns 0 to 57 of 360]
-0.6098584,-0.6798584,-0.7498584,-0.8198584,-0.8798584,-0.9498584,-1.0198584,-1.0898584,-1.1498584,-1.2198584,-1.2798584,-1.3498584,-1.4098583,-1.4798584,-1.5398583,-1.6098584,-1.6698585,-1.7298584,-1.7898583,-1.8598584,-1.9198585,-1.9798584,-2.0398583,-2.0998583,-2.1498585,-2.2098584,-2.2698584,-2.3298583,-2.3798585,-2.4398584,-2.4898584,-2.5398583,-2.5998583,-2.6498585,-2.6998584,-2.7498584,-2.7998583,-2.8498583,-2.8998585,-2.9398584,-2.9898584,-3.0298584,-3.0798583,-3.1198585,-3.1598585,-3.2098584,-3.2498584,-3.2798584,-3.3198583,-3.3598585,-3.3998585,-3.4298584,-3.4698584,-3.4998584,-3.5298584,-3.5598583,-3.5898583,-3.6198585
-0.6798584,-0.75985837,-0.8298584,-0.9198584,-0.9998584,-1.0698584,-1.1598583,-1.2298584,-1.3098584,-1.3898584,-1.4698584,-1.5398583,-1.6298584,-1.6998584,-1.7798584,-1.8498584,-1.9298584,-1.9998584,-2.0798583,-2.1598585,-2.2298584,-2.2998583,-2.3698585,-2.4498584,-2.5198584,-2.5898583,-2.6598585,-2.7398584,-2.7998583,-2.8698585,-2.9298584,-2.9998584,-3.0598583,-3.1298585,-3.1898584,-3.2498584,-3.3198583,-3.3798585,-3.4398584,-3.4898584,-3.5498583,-3.5998583,-3.6598585,-3.7098584,-3.7698584,-3.8198583,-3.8698585,-3.9098585,-3.9598584,-3.9998584,-4.0498586,-4.0798583,-4.1198583,-4.159858,-4.1898584,-4.219858,-4.2498584,-4.2798586
-1.0298584,-1.1098584,-1.1898584,-1.2698584,-1.3398584,-1.4198585,-1.4898584,-1.5598584,-1.6298584,-1.6998584,-1.7698584,-1.8398584,-1.9098583,-1.9798584,-2.0498583,-2.1198585,-2.1998584,-2.2698584,-2.3398583,-2.4098585,-2.4898584,-2.5598583,-2.6398585,-2.7198584,-2.7898583,-2.8698585,-2.9398584,-3.0098584,-3.0898583,-3.1498585,-3.2298584,-3.2998583,-3.3698585,-3.4498584,-3.5098584,-3.5798583,-3.6398585,-3.6998584,-3.7598584,-3.8198583,-3.8898585,-3.9498584,-3.9998584,-4.0598583,-4.1098585,-4.159858,-4.2098584,-4.2498584,-4.2898583,-4.3298583,-4.3598585,-4.3898582,-4.4198585,-4.449858,-4.469858,-4.4798584,-4.4898586,-4.4998584
-1.1098584,-1.2198584,-1.3098584,-1.4098583,-1.4998584,-1.5998584,-1.6798584,-1.7698584,-1.8398584,-1.9198585,-1.9898584,-2.0698583,-2.1298585,-2.2098584,-2.2698584,-2.3498583,-2.4098585,-2.4898584,-2.5598583,-2.6398585,-2.7198584,-2.7998583,-2.8798585,-2.9698584,-3.0498583,-3.1398585,-3.2298584,-3.3198583,-3.3998585,-3.4898584,-3.5598583,-3.6398585,-3.7098584,-3.7698584,-3.8398583,-3.8998585,-3.9698584,-4.0198584,-4.0698586,-4.1098585,-4.159858,-4.1898584,-4.219858,-4.2598586,-4.2798586,-4.2998586,-4.3198586,-4.3398585,-4.3598585,-4.3698583,-4.3898582,-4.3998585,-4.409858,-4.409858,-4.4198585,-4.429858,-4.4398584,-4.4398584
-1.3098584,-1.4298584,-1.5598584,-1.6798584,-1.7898583,-1.9098583,-2.0198584,-2.1298585,-2.2398584,-2.3498583,-2.4598584,-2.5598583,-2.6698585,-2.7598584,-2.8598585,-2.9498584,-3.0398583,-3.1298585,-3.2098584,-3.2898583,-3.3698585,-3.4498584,-3.5198584,-3.5898583,-3.6598585,-3.7398584,-3.8098583,-3.8898585,-3.9498584,-4.0098586,-4.0798583,-4.1298585,-4.179858,-4.219858,-4.2398586,-4.2598586,-4.2898583,-4.2998586,-4.2998586,-4.3098583,-4.3098583,-4.3098583,-4.3098583,-4.3098583,-4.3098583,-4.3098583,-4.3098583,-4.3098583,-4.3098583,-4.3098583,-4.3098583,-4.2998586,-4.2998586,-4.2998586,-4.2998586,-4.2998586,-4.2898583,-4.2898583
-2.5598583,-2.6498585,-2.7398584,-2.8398583,-2.9398584,-3.0498583,-3.1498585,-3.2598584,-3.3898585,-3.4898584,-3.6098585,-3.7298584,-3.8098583,-3.9298584,-4.0098586,-4.0998583,-4.179858,-4.2598586,-4.3398585,-4.3998585,-4.469858,-4.5198584,-4.5598583,-4.5898585,-4.6198583,-4.6398582,-4.6498585,-4.6398582,-4.6498585,-4.6098585,-4.5798583,-4.5598583,-4.5398583,-4.5198584,-4.4998584,-4.469858,-4.4398584,-4.429858,-4.409858,-4.3898582,-4.3698583,-4.3398585,-4.3198586,-4.2898583,-4.2698584,-4.2598586,-4.2398586,-4.199858,-4.199858,-4.1698585,-4.159858,-4.1298585,-4.1098585,-4.0898585,-4.0698586,-4.0498586,-4.0398583,-4.0198584
-4.3298583,-4.5498586,-4.7498584,-4.8398585,-4.9598584,-5.0498586,-5.1498585,-5.219858,-5.2998586,-5.3698583,-5.3898582,-5.3698583,-5.3698583,-5.3698583,-5.2898583,-5.3398585,-5.2698584,-5.2798586,-5.2798586,-5.2998586,-5.2498584,-5.2598586,-5.219858,-5.179858,-5.1698585,-5.0898585,-5.0398583,-4.949858,-4.8898582,-4.8398585,-4.8398585,-4.7398586,-4.7098584,-4.6398582,-4.5798583,-4.5298586,-4.4798584,-4.4198585,-4.3798585,-4.3398585,-4.2998586,-4.2498584,-4.219858,-4.179858,-4.1398582,-4.0998583,-4.0598583,-4.0198584,-3.9798584,-3.9198585,-3.8798585,-3.8398583,-3.7898583,-3.7398584,-3.6998584,-3.6498585,-3.6098585,-3.5598583
-6.5998583,-6.7898583,-6.9398584,-7.1198583,-7.2598586,-7.3498583,-7.3998585,-7.409858,-7.3898582,-7.3898582,-7.409858,-7.4998584,-7.5298586,-7.5098586,-7.429858,-7.3198586,-7.2398586,-7.0798583,-6.949858,-6.8398585,-6.719858,-6.6298585,-6.4998584,-6.3698583,-6.2398586,-6.1398582,-6.0798583,-6.0298586,-5.909858,-5.8098583,-5.7298584,-5.6298585,-5.5198584,-5.4398584,-5.3498583,-5.2698584,-5.199858,-5.1198583,-5.0498586,-4.9398584,-4.8298583,-4.719858,-4.6698585,-4.5998583,-4.5898585,-4.4798584,-4.3398585,-4.2498584,-4.1298585,-4.0398583,-3.9298584,-3.8198583,-3.6898584,-3.5898583,-3.4298584,-3.3198583,-3.1798584,-3.0398583
-9.1098585,-9.289859,-9.429858,-9.559858,-9.589858,-9.689858,-9.689858,-9.789859,-9.799858,-9.739859,-9.619859,-9.419858,-9.269858,-9.1098585,-8.909859,-8.709858,-8.529859,-8.339858,-8.239859,-8.079859,-7.8898582,-7.6298585,-7.5498586,-7.3898582,-7.2098584,-6.9598584,-6.8398585,-6.699858,-6.5898585,-6.429858,-6.2998586,-6.199858,-6.0698586,-5.9798584,-5.8698583,-5.7798586,-5.6698585,-5.5798583,-5.4898586,-5.3898582,-5.3198586,-5.2498584,-5.1898584,-5.0798583,-4.9998584,-4.929858,-4.8398585,-4.7798586,-4.6898584,-4.5798583,-4.449858,-4.2998586,-4.1198583,-3.9498584,-3.7598584,-3.5198584,-3.2198584,-2.8898585
-11.289859,-11.449859,-11.549858,-11.589858,-11.649858,-11.639858,-11.589858,-11.429858,-11.239859,-10.969858,-10.719858,-10.439858,-10.189858,-9.919858,-9.659859,-9.3598585,-9.149858,-8.979858,-8.769858,-8.619859,-8.439858,-8.219858,-7.9998584,-7.7698584,-7.469858,-7.2498584,-7.0498586,-6.8498583,-6.659858,-6.4898586,-6.3498583,-6.2298584,-6.159858,-6.1098585,-6.0498586,-5.9798584,-5.909858,-5.8598585,-5.8198586,-5.7598586,-5.699858,-5.6498585,-5.5798583,-5.4798584,-5.3098583,-5.0798583,-4.909858,-4.8698583,-4.7598586,-4.4798584,-4.1698585,-4.0998583,-3.9998584,-3.5098584,-2.6798584,-1.7798584,-2.1598585,-3.0598583
-14.069859,-16.149858,-16.489859,-16.469858,-16.229858,-15.959858,-15.279859,-15.3598585,-14.889858,-14.1098585,-13.159859,-11.369859,-9.679858,-8.919858,-8.849858,-8.649858,-7.7798586,-7.219858,-6.8898582,-6.159858,-6.8298583,-7.699858,-7.409858,-6.0098586,-4.5698586,-4.469858,-5.4598584,-6.469858,-6.7598586,-6.4798584,-6.3198586,-6.2598586,-6.219858,-6.159858,-6.0398583,-5.8498583,-5.6498585,-5.4598584,-5.2898583,-5.1198583,-4.9198585,-4.6898584,-4.4198585,-4.1098585,-3.8398583,-3.6898584,-3.7998583,-4.0898585,-4.3398585,-4.3398585,-4.0898585,-3.5598583,-3.7198584,-3.5398583,-3.2198584,-2.9898584,-3.2098584,-3.6298585
-17.909859,-17.799858,-17.469858,-17.199858,-17.139858,-17.329859,-17.50986,-17.249859,-16.039858,-13.309858,-8.899858,-4.949858,-3.8798585,-5.4598584,-8.499859,-9.079859,-6.7098584,-5.4798584,-7.3698583,-8.659859,-6.6298585,-4.199858,-3.7398584,-5.0298586,-6.3998585,-6.9198585,-6.7398586,-6.3198586,-6.1098585,-6.0598583,-5.9898586,-5.8198586,-5.659858,-5.5798583,-5.5598583,-5.5398583,-5.5198584,-5.4598584,-5.409858,-5.3698583,-5.3198586,-5.3198586,-5.3398585,-5.3898582,-5.4198585,-5.409858,-5.3698583,-5.2798586,-5.1298585,-4.929858,-4.699858,-4.449858,-4.1698585,-3.8898585,-3.5798583,-3.2398584,-2.9098585,-2.5598583
-18.289858,-18.17986,-18.089859,-18.299858,-18.589859,-18.409859,-17.09986,-14.719858,-12.159859,-10.1098585,-8.519858,-7.409858,-7.0798583,-7.1198583,-5.3298583,-4.0598583,-4.1498585,-5.1898584,-7.7698584,-8.579859,-6.6898584,-5.6898584,-5.4598584,-5.4998584,-5.179858,-5.1498585,-5.3898582,-5.5598583,-5.6698585,-5.7898583,-5.929858,-6.0498586,-6.1198583,-6.1498585,-6.1398582,-6.1398582,-6.1398582,-6.1698585,-6.179858,-6.179858,-6.199858,-6.2298584,-6.2598586,-6.3098583,-6.3398585,-6.3198586,-6.2498584,-6.0998583,-5.8398585,-5.5098586,-5.0898585,-4.4798584,-3.7498584,-3.0098584,-2.2498584,-1.4298584,-0.5698584,0.2401416
-18.289858,-17.789858,-17.699858,-17.829859,-17.42986,-15.729858,-12.799858,-10.249859,-9.099858,-8.649858,-8.339858,-8.299858,-8.309858,-7.7098584,-6.3398585,-4.8598585,-6.4998584,-8.089858,-9.309858,-7.7298584,-5.969858,-5.3998585,-5.3698583,-5.4198585,-5.429858,-5.3798585,-5.3698583,-5.449858,-5.5298586,-5.6698585,-5.7598586,-5.7798586,-5.8598585,-5.909858,-5.9898586,-6.0498586,-6.1198583,-6.1298585,-6.1298585,-6.1298585,-6.0698586,-5.9598584,-5.6698585,-5.3398585,-5.0598583,-4.8598585,-4.3098583,-3.7698584,-3.1598585,-2.5398583,-1.8998584,-1.2698584,-0.75985837,-0.2198584,0.2101416,0.7001416,1.3701416,2.1301415
-17.34986,-17.059858,-17.299858,-17.59986,-16.949858,-14.659859,-11.679858,-9.979858,-9.059858,-7.7098584,-6.6298585,-6.8698583,-7.659858,-7.8898582,-7.8298583,-8.069859,-9.029859,-9.579859,-9.499859,-9.119859,-8.589858,-7.659858,-7.7598586,-7.0798583,-6.9598584,-6.8198586,-7.3598585,-7.3398585,-7.3298583,-7.2298584,-6.969858,-6.5798583,-6.179858,-5.8998585,-5.8198586,-5.8398585,-5.949858,-6.0898585,-5.909858,-6.0798583,-6.9198585,-6.9998584,-6.8698583,-6.5898585,-6.1298585,-5.409858,-4.5198584,-3.4698584,-2.2898583,-1.0998584,-0.0498584,0.6701416,0.8301416,0.38014162,-0.8398584,-2.0398583,-1.5998584,1.4701416
-17.389858,-17.239859,-17.319859,-17.299858,-16.129858,-13.369859,-10.8598585,-9.979858,-9.569859,-8.929858,-8.939858,-9.559858,-9.709858,-9.259858,-9.219858,-9.829859,-10.339858,-10.019858,-9.689858,-8.889858,-8.249859,-7.9598584,-7.909858,-8.009858,-8.979858,-8.979858,-8.089858,-6.8398585,-5.5598583,-4.8398585,-4.5798583,-4.3698583,-4.1298585,-3.9998584,-4.1898584,-4.6898584,-5.3298583,-5.909858,-6.4398584,-6.9798584,-7.449858,-7.6398582,-7.3398585,-6.449858,-4.9598584,-2.9898584,-0.7798584,1.2601416,3.0701416,4.7301416,6.2501416,7.6501417,8.650142,8.870142,9.210141,9.810142,10.750141,10.660142
-16.699858,-17.039858,-17.189857,-16.439857,-14.319859,-11.619859,-10.549858,-10.809858,-10.839858,-10.619859,-10.919858,-11.019858,-9.6098585,-7.7098584,-7.2098584,-7.719858,-8.079859,-8.279859,-8.399858,-8.649858,-9.119859,-9.419858,-9.239859,-8.539859,-7.6298585,-6.8698583,-6.3698583,-5.8798585,-5.2098584,-4.4998584,-3.9398584,-3.6098585,-3.4898584,-3.5098584,-3.4698584,-3.3798585,-3.3898585,-3.6198585,-4.2598586,-5.3298583,-6.5898585,-7.719858,-8.249859,-7.5498586,-5.8298583,-4.1698585,-2.4198585,-0.0498584,2.7601416,5.6301417,8.480142,11.420141,12.530142,10.060142,7.5001416,5.3501415,2.8001416,4.2301416
-15.829859,-16.189857,-16.109858,-14.8598585,-12.699859,-10.839858,-10.259858,-10.3598585,-10.149858,-10.009858,-10.319859,-10.149858,-8.819859,-7.2398586,-6.4198585,-6.2398586,-6.6198583,-7.429858,-8.489859,-9.689858,-10.749859,-11.049858,-10.369859,-9.229858,-7.949858,-6.409858,-5.0598583,-4.0798583,-3.1298585,-2.0098584,-0.9298584,-0.1098584,0.3501416,0.3601416,0.030141601,-0.36985838,-0.6898584,-1.1398584,-1.7398584,-2.3798585,-2.9598584,-3.3098583,-3.5198584,-3.6598585,-3.4198585,-2.4798584,-0.7498584,1.6601416,4.4701414,7.3701415,10.030142,12.180141,14.310142,14.070142,10.370142,10.550141,10.990142,9.420141
-14.059858,-14.669858,-14.489859,-12.449859,-10.139858,-9.099858,-8.999859,-8.839858,-8.039859,-6.8298583,-5.7998586,-5.199858,-5.0798583,-5.159858,-5.1898584,-5.2498584,-5.449858,-5.8298583,-6.179858,-6.3898582,-6.429858,-6.2398586,-5.6198583,-4.7298584,-4.0298586,-3.7698584,-3.4698584,-2.9298584,-2.1798584,-1.2798584,-0.3198584,0.2901416,0.6101416,0.9501416,1.4201416,1.8201416,2.1501417,2.4501417,2.4301417,2.0801415,1.6301416,1.3401417,1.1201416,1.0301416,1.2401416,1.6101416,2.2901416,3.3301415,4.5801415,5.9801416,7.6001415,9.250141,9.570142,10.480142,12.290142,11.220141,10.100142,8.920141
-11.3598585,-10.449859,-9.339858,-7.8998585,-6.2798586,-4.8298583,-3.8598585,-3.2198584,-2.8698585,-2.6598585,-2.5598583,-2.4798584,-2.3898585,-2.2398584,-2.1098585,-1.8898584,-1.6698585,-1.5198584,-1.4598584,-1.4498584,-1.4598584,-1.6698585,-1.9298584,-2.1598585,-2.0398583,-2.3898585,-2.4898584,-2.2198584,-1.6398584,-1.3698584,-0.9998584,-1.0898584,-1.2098584,-0.8998584,-0.1298584,1.0701416,2.1601417,2.9301417,3.4201417,3.4301417,3.1401415,2.7801416,2.5401416,2.5701416,2.8501415,3.3901415,3.9501417,4.3701415,5.1701417,6.4901414,7.8901415,9.1401415,9.500141,8.210141,7.1501417,6.7901416,6.1001415,6.1601415
-9.409859,-8.749859,-7.969858,-7.179858,-6.4198585,-5.8098583,-5.3798585,-5.1098585,-4.7398586,-4.179858,-3.2598584,-2.1998584,-1.1298584,-0.2998584,0.2101416,0.4301416,0.5101416,0.6101416,1.4101416,1.8801416,1.8801416,2.1201415,1.7401416,0.6301416,0.17014161,-0.2098584,-0.8398584,-0.3998584,-0.1998584,-0.8198584,-0.8598584,-0.4098584,-0.1598584,-0.5298584,-0.7898584,-0.1098584,1.0301416,1.7801416,2.1001415,1.9601417,1.6501416,1.7201416,1.8601416,1.7501416,2.1301415,3.4501417,5.2101417,6.4201417,7.030142,7.4601417,6.7401414,5.030142,4.320142,4.6401415,4.5001416,3.9601417,3.9901416,5.4301414
-7.3898582,-7.2098584,-6.929858,-6.5898585,-5.949858,-5.0398583,-3.8098583,-2.4598584,-1.4698584,-0.9698584,-0.8198584,-0.9698584,-1.3798584,-2.0398583,-2.6598585,-1.8098584,-1.3098584,-0.5498584,1.4901416,1.9601417,2.1001415,2.3401415,2.1101415,3.1501417,3.3801415,2.5401416,1.9901416,1.2001415,2.4401417,1.2401416,0.8701416,0.5001416,0.8601416,1.2601416,1.6701416,1.0701416,0.7201416,-0.6098584,-1.7198584,-1.6098584,-1.1498584,-0.8898584,0.9001416,3.0701416,4.0801415,4.1001415,3.5701416,2.2401416,1.0401416,0.5501416,1.4301416,2.1101415,1.8701416,0.7601416,0.9701416,3.3901415,6.2701416,8.000141
-3.7398584,-3.3698585,-2.9598584,-2.4998584,-2.1598585,-1.9898584,-1.9498584,-2.0398583,-2.3098583,-2.8998585,-3.5398583,-3.8398583,-3.8498583,-3.4998584,-3.0698583,-2.0798583,-1.4598584,-1.3598584,0.010141602,1.5001416,3.3501415,3.5301416,3.4701416,2.6601417,2.0201416,1.8501416,1.5801415,1.3401417,1.7201416,0.7301416,0.4501416,0.4501416,0.17014161,0.3101416,-0.2198584,-0.7698584,-0.4298584,-0.6598584,-0.6598584,-0.9198584,-3.0998583,-2.5198584,-1.5098584,-1.6998584,-2.0098584,-2.5498583,-2.3998585,-3.1598585,-1.9498584,-0.7998584,-0.6998584,-1.4498584,-1.0098584,2.1601417,4.7701416,6.090142,7.7301416,7.820142
-3.4598584,-3.2698584,-3.1498585,-3.2198584,-3.3198583,-3.4898584,-3.7698584,-4.1398582,-4.5098586,-4.6098585,-4.3798585,-3.9498584,-3.2898583,-1.8098584,0.2501416,0.0601416,0.6401416,1.2601416,2.8601415,3.9801416,3.4601417,3.1601417,2.6701417,2.4601417,2.1401415,1.6701416,1.3101416,1.3201416,1.5301416,1.5101416,0.5301416,-0.2698584,-0.1698584,-0.18985839,-0.3298584,-0.8898584,-1.9198585,-1.9098583,-2.3098583,-3.5898583,-3.5798583,-5.2698584,-7.219858,-5.8198586,-4.0698586,-4.1898584,-5.9398584,-3.8098583,0.3301416,1.5401416,1.1001416,1.7201416,3.4301417,7.050142,7.1201415,7.3501415,8.960141,8.840141
-3.2398584,-3.2698584,-3.2898583,-3.2898583,-3.4698584,-3.7198584,-3.9498584,-3.9798584,-3.6398585,-3.0498583,-2.5798583,-1.6198584,-0.4198584,0.38014162,1.1401416,0.5901416,1.1101416,1.3601416,1.5001416,1.7901416,2.4601417,2.4101417,2.2501416,2.2801416,1.8501416,1.4001416,1.1501416,1.0701416,0.8701416,0.7201416,0.2401416,-0.2598584,-0.8198584,-0.7698584,-0.8498584,-2.0898583,-3.3998585,-3.3298583,-2.1398585,-3.9898584,-6.5498586,-9.589858,-10.179858,-9.839858,0.5001416,3.2601416,2.6701417,2.0401416,1.9801416,2.5301416,2.6501417,3.3601415,4.0401416,4.5201416,4.590142,5.4701414,5.9001417,8.430141
-1.6898584,-1.3698584,-1.1498584,-0.9198584,-0.7298584,-0.6398584,-0.5198584,-0.2698584,1.4160156E-4,0.3701416,0.4301416,0.2901416,0.1801416,-0.2598584,-0.3798584,-0.5298584,-0.0798584,0.5401416,1.2601416,2.0401416,2.0801415,2.0301416,3.4701416,2.6801417,1.4201416,1.0701416,0.020141602,-0.0798584,-0.4498584,-0.8898584,-1.0598584,-1.1698585,-1.3898584,-1.1698585,-0.8898584,-1.6498584,-2.3598585,-2.2398584,-4.0298586,-8.759858,-12.939858,-7.5598583,-2.0298584,2.7401416,3.4901416,2.7501416,2.3301415,2.2301416,3.1201415,4.5601416,5.0001416,4.9701414,4.9901414,4.9801416,5.7401414,5.8801417,5.7501416,5.8901415
