data/wind/wind-json-20190326.json
{"header": { "discipline":0, "disciplineName":"Meteorological products", "gribEdition":2, "gribLength":74380, "center":7, "centerName":"US National Weather Service - NCEP(WMC)", "subcenter":0, "refTime":"2019-03-26T00:00:00.000Z", "significanceOfRT":1, "significanceOfRTName":"Start of forecast", "productStatus":0, "productStatusName":"Operational products", "productType":1, "productTypeName":"Forecast products", "productDefinitionTemplate":0, "productDefinitionTemplateName":"Analysis/forecast at horizontal level/layer at a point in time", "parameterCategory":2, "parameterCategoryName":"Momentum", "parameterNumber":2, "parameterNumberName":"U-component_of_wind", "parameterUnit":"m.s-1", "genProcessType":2, "genProcessTypeName":"Forecast", "forecastTime":0, "surface1Type":103, "surface1TypeName":"Specified height level above ground", "surface1Value":10.0, "surface2Type":255, "surface2TypeName":"Missing", "surface2Value":0.0, "gridDefinitionTemplate":0, "gridDefinitionTemplateName":"Latitude_Longitude", "numberPoints":65160, "shape":6, "shapeName":"Earth spherical with radius of 6,371,229.0 m", "gridUnits":"degrees", "resolution":48, "winds":"true", "scanMode":0, "nx":360, "ny":181, "basicAngle":0, "lo1":0.0, "la1":90.0, "lo2":359.0, "la2":-90.0, "dx":1.0, "dy":1.0 }, "data":
[rows 75 to 99 of 181, columns 228 to 284 of 360]
-6.8068113,-7.5168114,-7.5168114,-7.5568113,-7.2768116,-6.7968116,-6.9968114,-6.2768116,-6.1068115,-6.0268116,-5.8668118,-5.8068113,-5.8968115,-5.6468115,-5.3268113,-5.1768117,-5.0168114,-4.8268113,-4.5268116,-4.0568113,-3.4368114,-2.8268116,-2.1468115,-1.6468115,-1.4968115,-1.3468115,-0.7968115,-0.12681152,0.67318845,1.5631884,2.0231886,1.9531884,2.0631886,1.6031885,1.0531884,1.4431884,-4.4568114,-0.83681154,3.8231885,2.9031885,1.1631885,-1.0968115,-1.1568115,-0.096811526,-0.28681153,-0.2768115,-0.5668115,-0.64681154,-1.5568116,-3.9268115,-3.5268116,-3.5768116,-4.1268115,-4.7468114,-5.1768117,-6.0568113,-6.6968117
-7.3368115,-7.3168116,-7.5068116,-7.4868116,-7.5668116,-7.3968115,-7.2368116,-6.4368114,-6.4468117,-6.5268116,-6.4768114,-6.5268116,-6.6468115,-6.3068113,-5.9768114,-5.6968117,-5.4368114,-4.9668117,-4.5068116,-4.0668116,-3.5268116,-3.1268115,-2.9868116,-2.9968116,-3.0668116,-2.8968115,-2.4468114,-2.0168116,-1.4168115,-0.7368115,-0.14681153,-0.13681152,-0.44681153,-0.95681155,-3.1968114,-5.9468117,-6.0668116,-3.2468116,0.28318846,2.2831886,2.3331885,1.1531885,1.3231884,0.67318845,-1.9868115,-2.6568115,-2.5268116,-1.3368115,-1.6068115,-4.4268117,-4.1268115,-4.0968113,-4.8168116,-5.4368114,-6.1668115,-6.9168115,-7.4668117
-7.5768113,-7.8968115,-7.7268114,-7.7368116,-7.7468114,-7.4968114,-7.2568116,-6.8068113,-6.7068114,-6.9168115,-7.0568113,-7.2068114,-7.1568117,-7.0668116,-6.6368117,-6.5068116,-6.0968113,-5.7468114,-5.3068113,-4.7368116,-4.3468113,-4.0768113,-4.0968113,-4.1568117,-4.2868114,-4.0468116,-3.9068115,-3.5368116,-3.1168115,-2.6268115,-2.3468115,-2.3268116,-3.1568115,-3.9268115,-5.5368114,-5.8168116,-5.1968117,-3.3568115,-2.1968114,-1.4068115,-0.64681154,-0.20681152,-0.8168115,0.073188476,1.5431885,-0.8568115,-3.2168114,-3.4568114,-1.8968115,-4.7668114,-4.2968116,-4.5468116,-5.2968116,-5.8768115,-6.5668116,-7.5368114,-8.226811
-7.4868116,-7.5868115,-7.7668114,-7.7768116,-7.8868117,-7.6968117,-7.3768115,-7.0768113,-7.0168114,-7.4468117,-7.5768113,-7.6768117,-7.5268116,-7.5268116,-7.3568115,-7.1668115,-6.5968113,-6.6668115,-6.2868114,-5.8368115,-5.3468113,-5.1768117,-5.3268113,-5.2368116,-5.1068115,-4.9568114,-4.9968114,-4.6268115,-4.0968113,-3.6468115,-3.5268116,-4.1868114,-4.6968117,-5.2368116,-5.3168116,-4.6068115,-4.0068116,-3.4968116,-3.3168116,-3.2768116,-2.6468115,-3.4668114,-3.3368115,-0.71681154,1.2931885,1.4831885,-5.0068116,-4.4368114,-1.7068115,-4.9968114,-4.8068113,-5.0368114,-5.2968116,-5.9868116,-6.7368116,-7.3868117,-8.226811
-7.4568114,-7.7168117,-7.9268117,-8.016811,-7.6268115,-7.1668115,-7.2168117,-7.2268114,-7.3568115,-7.7668114,-7.9068117,-7.9068117,-7.9368114,-8.166812,-7.8468113,-7.9268117,-7.8168116,-7.5868115,-7.4168115,-6.7968116,-6.3568115,-6.2168117,-6.2168117,-5.8968115,-5.8468113,-5.8368115,-5.9168115,-5.3568115,-4.6568117,-4.3468113,-4.3268113,-4.7768116,-5.2768116,-5.8168116,-5.7568116,-4.8368115,-4.2968116,-4.3268113,-4.5568113,-4.5768113,-4.3368115,-4.4968114,-3.9068115,-2.9968116,-2.4368114,-11.346811,-8.846811,-3.8268116,-1.7568115,-5.5368114,-4.9168115,-5.0468116,-5.2168117,-5.6168118,-6.1368117,-6.7468114,-6.6568117
-7.5868115,-7.8268113,-8.236812,-7.6668115,-7.5168114,-7.4268117,-7.4768114,-7.5668116,-7.7468114,-7.9968114,-7.4968114,-7.7668114,-8.186811,-8.246812,-8.1468115,-8.186811,-8.266811,-8.226811,-8.066812,-7.5368114,-6.9068117,-6.9668117,-6.8768115,-6.5068116,-6.4268117,-6.6768117,-6.3968115,-5.9268117,-5.3268113,-5.0068116,-5.3068113,-5.3468113,-5.5368114,-5.4168115,-5.1968117,-5.2068114,-5.3468113,-5.5268116,-5.6568117,-5.9468117,-5.8468113,-6.0568113,-6.0368114,-4.2868114,-5.0568113,-4.5268116,0.6431885,-3.3668115,-2.3368115,-2.0868115,-4.4068117,-4.1768117,-4.1068115,-3.9068115,-3.0868115,-3.6068115,-2.6668115
-7.8268113,-8.126812,-8.1468115,-8.096811,-8.006811,-7.8368115,-7.2468114,-7.3568115,-7.4468117,-7.3868117,-7.5068116,-7.8068113,-7.7568116,-8.106812,-8.446812,-7.9768114,-8.046811,-8.536812,-8.526812,-7.8668118,-7.6168118,-7.4968114,-7.0868115,-6.5368114,-6.5668116,-6.9668117,-6.8768115,-6.2568116,-5.6568117,-5.7768116,-5.8768115,-5.5468116,-5.3168116,-5.2268114,-5.5468116,-6.0668116,-6.5068116,-6.7068114,-6.8268113,-7.0668116,-6.7668114,-6.8068113,-6.1368117,-5.2668114,-3.4868116,-0.9368115,2.6131885,2.4231884,2.4131885,-0.6968115,2.1431885,3.1431885,1.1731884,-1.6368115,0.35318848,2.0231886,2.0631886
-7.8568115,-8.206812,-8.216811,-8.126812,-7.5468116,-7.5468116,-7.6968117,-7.6468115,-7.4468117,-7.7768116,-8.006811,-7.9668117,-7.9768114,-8.096811,-8.306811,-8.056811,-8.296811,-8.806811,-8.516811,-8.366812,-8.216811,-7.8368115,-7.1368117,-6.7368116,-6.8768115,-7.0868115,-6.8768115,-6.6068115,-5.8468113,-5.8468113,-6.2468114,-5.9368114,-5.5868115,-5.6068115,-6.0468116,-6.5768113,-7.0868115,-7.3068113,-7.3668118,-7.0368114,-6.6068115,-6.0568113,-5.2868114,-4.0068116,-2.6968114,-1.0068115,0.5731885,2.2931886,3.4831884,4.3431883,4.8131886,0.6231885,1.3131884,1.8231884,-0.59681153,0.34318846,1.5731884
-7.4268117,-7.8168116,-8.046811,-7.9568114,-7.9068117,-7.7068114,-7.6668115,-7.4268117,-7.5068116,-8.1468115,-8.106812,-8.296811,-8.386811,-8.696812,-7.8768115,-8.126812,-8.606812,-8.666812,-8.486812,-8.376812,-8.276812,-7.9768114,-7.3268113,-7.2568116,-7.4368114,-7.5868115,-7.0368114,-6.4268117,-5.9968114,-7.0068116,-7.2868114,-6.7668114,-6.4968114,-6.3368115,-6.4068117,-6.5468116,-6.7068114,-6.7968116,-6.4768114,-5.9568114,-5.4768114,-4.3968115,-4.0668116,-3.9268115,-2.9368114,-1.2268115,0.113188475,-0.29681152,0.97318846,1.9731885,-0.0068115233,-1.5268115,-3.8068116,-0.28681153,1.9431884,1.4331884,0.54318845
-6.9168115,-7.1568117,-7.5468116,-7.8768115,-8.176811,-8.526812,-7.4268117,-7.2668114,-7.5568113,-8.076812,-8.156812,-8.456812,-8.036812,-7.6968117,-7.6368117,-8.326812,-8.196812,-8.426811,-8.506811,-8.196812,-8.096811,-7.8168116,-7.6368117,-7.6468115,-7.8668118,-7.9168115,-7.5368114,-7.2668114,-7.4968114,-7.6068115,-7.0868115,-6.8868117,-6.8168116,-6.4768114,-6.1468115,-5.9468117,-6.0168114,-5.8968115,-5.2968116,-4.1068115,-3.2868116,-3.2968116,-2.7868116,-2.0668116,-2.1568115,-2.6868114,-2.8468115,-2.4068115,-1.3368115,0.4431885,-1.1268115,-4.0868115,-2.9368114,-0.19681153,1.5431885,1.6531885,1.3931885
-6.8168116,-7.1468115,-7.3868117,-8.256811,-8.286812,-8.286812,-8.236812,-7.5468116,-7.1868114,-7.4868116,-8.136811,-7.9468117,-7.7068114,-7.5868115,-7.7468114,-7.6868114,-7.4568114,-8.126812,-8.376812,-7.8868117,-7.4868116,-7.5768113,-8.076812,-7.8968115,-8.036812,-8.236812,-7.9968114,-7.7268114,-7.4068117,-7.2068114,-6.5768113,-6.1768117,-5.9668117,-5.6368117,-5.4868116,-5.1768117,-4.9968114,-4.9668117,-4.2068114,-2.6968114,-2.3368115,-2.1968114,-1.2568115,-0.7268115,-3.4768114,-4.3368115,-3.9168115,-3.1968114,-2.2368116,-1.0068115,-2.4568114,-2.7868116,-1.4668115,0.59318846,2.5331886,1.4431884,1.2231885
-6.2568116,-6.6668115,-6.8868117,-8.006811,-8.436811,-8.026812,-7.6668115,-7.3368115,-7.4268117,-7.9868116,-8.316812,-7.8468113,-7.4368114,-7.5968113,-7.5968113,-7.4668117,-7.2568116,-7.5668116,-8.116812,-7.8468113,-7.4568114,-7.4468117,-7.4768114,-7.3668118,-8.176811,-8.1468115,-7.9968114,-7.5668116,-6.9468117,-6.5168114,-6.0068116,-5.5468116,-5.0468116,-4.4068117,-3.6168115,-3.2468116,-3.3868115,-3.5168116,-3.1568115,-2.8768115,-2.3568115,-3.1068115,-2.4468114,-3.6068115,-4.5268116,-4.6868114,-5.0768113,-4.8368115,-4.1168118,-3.9468114,-3.1168115,-1.7668115,-0.41681153,1.5831885,3.1531885,0.28318846,-0.65681154
-5.7668114,-6.0668116,-6.3868117,-7.5968113,-7.7368116,-7.3268113,-7.1268115,-7.2268114,-7.1468115,-7.5668116,-7.5468116,-7.2768116,-7.3268113,-7.5368114,-7.4568114,-6.8168116,-7.4268117,-7.9368114,-8.086811,-7.8068113,-7.6568117,-7.1068115,-6.6568117,-5.7068114,-6.4168115,-6.5068116,-6.8068113,-6.6468115,-6.2668114,-5.4868116,-5.3568115,-5.0368114,-4.9468117,-4.7968116,-4.4468117,-4.1168118,-4.0868115,-4.3068113,-4.2568116,-4.0468116,-4.0268116,-4.1768117,-4.6468115,-4.6468115,-4.9868116,-5.4668117,-5.3168116,-5.1568117,-4.5968113,-4.1468115,-2.6268115,-1.4168115,0.37318847,2.5031884,4.1431885,1.0431885,-0.70681155
-5.5368114,-5.5168114,-5.9268117,-6.6468115,-6.6768117,-6.3668118,-6.0068116,-6.5668116,-6.5668116,-6.9768114,-6.5368114,-6.7368116,-7.1468115,-6.8868117,-6.3768115,-5.5268116,-5.6268115,-5.8068113,-6.1468115,-6.1468115,-6.3568115,-6.6468115,-6.1368117,-5.8968115,-5.9368114,-5.9768114,-6.2368116,-5.6168118,-4.5368114,-5.5968113,-5.7968116,-5.6768117,-5.5368114,-5.3368115,-5.2768116,-4.8568115,-4.9168115,-5.0368114,-5.0368114,-5.2668114,-5.1368117,-5.1468115,-5.3968115,-5.2368116,-5.1168118,-4.8168116,-4.5968113,-4.3068113,-3.7568116,-3.1168115,-1.7868115,-0.28681153,2.3731885,3.2631884,0.54318845,0.4131885,0.84318846
-4.6268115,-5.2668114,-5.3168116,-5.9468117,-6.1868114,-5.9068117,-5.6468115,-6.0468116,-6.1068115,-6.0368114,-6.2168117,-5.9768114,-6.2968116,-5.7468114,-5.2268114,-4.9268117,-5.0468116,-5.3368115,-5.5068116,-6.1868114,-6.2068114,-6.6068115,-7.0968113,-6.9968114,-6.2768116,-5.8668118,-5.8168116,-5.5668116,-5.5168114,-6.0168114,-5.8668118,-5.4668117,-5.5868115,-6.0768113,-5.9768114,-5.6568117,-5.7068114,-5.5568113,-5.5968113,-5.9268117,-6.2468114,-5.5768113,-5.2468114,-4.8968115,-4.7868114,-4.5868115,-4.2768116,-3.6168115,-3.0568116,-1.7568115,0.053188477,0.78318846,3.6431885,1.4231884,0.5031885,-0.7968115,-0.28681153
-5.4768114,-5.7468114,-5.7368116,-5.9668117,-6.1568117,-5.9768114,-5.9568114,-5.8468113,-6.3168116,-6.4668117,-6.1668115,-5.9668117,-5.6368117,-5.2268114,-5.1568117,-5.4368114,-5.2668114,-5.5768113,-5.8768115,-6.2768116,-6.3868117,-6.3868117,-6.6068115,-6.5368114,-5.9168115,-5.8968115,-5.3368115,-5.3068113,-5.1868114,-5.8468113,-5.5668116,-4.9568114,-4.9068117,-5.3468113,-5.2068114,-5.3268113,-5.1968117,-4.5468116,-3.4468114,-1.8968115,-1.7068115,-4.0368114,-4.6568117,-4.3368115,-4.0668116,-4.1568117,-3.9068115,-2.7768116,-1.5668116,-0.096811526,1.0831885,1.5331885,1.4231884,-0.29681152,-0.51681155,-1.2968116,-0.42681152
-5.6968117,-5.4868116,-5.3968115,-5.6768117,-5.7868114,-5.9368114,-5.7568116,-6.0768113,-6.2068114,-6.5668116,-6.1468115,-5.9168115,-5.5768113,-5.3668118,-5.3568115,-5.6268115,-5.6968117,-5.5068116,-5.9168115,-6.0968113,-5.9168115,-5.8268113,-6.2068114,-5.9068117,-5.3268113,-5.1868114,-4.6268115,-4.6668115,-4.4768114,-5.1868114,-4.5668116,-3.8268116,-4.3968115,-4.4868116,-4.1468115,-3.9868116,-3.5068116,-3.3468115,-3.4768114,-2.4168115,-3.6468115,-5.3168116,-3.8168116,-4.0368114,-3.7468116,-3.5368116,-3.0968115,-2.0168116,-0.9968115,0.35318848,1.3831885,2.1031885,0.65318847,-0.6668115,0.85318846,-0.96681154,-0.22681153
-5.9268117,-5.5268116,-5.4468117,-5.4368114,-6.0768113,-6.3368115,-6.3568115,-6.4068117,-6.5368114,-6.3568115,-6.2768116,-5.7968116,-5.2968116,-5.1368117,-5.4768114,-5.6768117,-5.8768115,-5.6768117,-5.6768117,-5.7168117,-5.6368117,-5.4168115,-5.6868114,-5.6268115,-4.8868117,-4.3668118,-4.0668116,-3.9768114,-4.3668118,-4.4768114,-4.0268116,-3.7668116,-4.2268114,-3.9968116,-3.9968116,-4.0468116,-3.6568115,-3.8168116,-4.5568113,-5.3468113,-5.7668114,-5.0168114,-4.2068114,-4.0968113,-4.1168118,-3.7168114,-2.7368116,-1.4968115,-0.6068115,0.45318848,1.8631885,2.5831885,1.0731884,0.023188477,0.49318847,-0.77681154,-0.45681152
-6.0468116,-5.6968117,-5.6668115,-5.7968116,-6.2268114,-6.8768115,-6.8868117,-6.5068116,-6.1868114,-6.4468117,-6.2868114,-6.0668116,-5.7568116,-5.8368115,-5.7968116,-5.7968116,-5.3968115,-5.0468116,-5.0868115,-4.9968114,-5.1968117,-5.0468116,-4.6968117,-5.2368116,-4.5968113,-4.2468114,-3.9168115,-3.5168116,-3.2268114,-2.9368114,-3.7368116,-3.7868116,-3.9068115,-4.1968117,-4.0868115,-3.6668115,-4.9568114,-5.2668114,-5.2168117,-5.4568114,-5.0768113,-4.4568114,-4.1368117,-4.0068116,-3.8568115,-3.4768114,-2.1968114,-1.3068116,-0.08681152,0.8831885,2.4731884,4.1031885,2.5431886,-1.6268115,-0.43681154,-1.0268115,-0.17681152
-6.4168115,-6.1868114,-6.1468115,-6.3168116,-7.1668115,-7.5468116,-7.5668116,-7.4968114,-7.0768113,-6.6968117,-6.5168114,-6.3968115,-6.1568117,-5.9268117,-6.0268116,-5.8068113,-5.4468117,-4.6468115,-4.7468114,-4.7368116,-5.1068115,-4.6368117,-4.3968115,-5.0468116,-5.3868117,-5.4168115,-4.9168115,-5.1968117,-5.6168118,-6.3368115,-6.5768113,-5.6368117,-5.4468117,-5.6368117,-5.8868117,-5.9068117,-5.5968113,-5.4968114,-5.5668116,-5.3468113,-4.5368114,-4.3068113,-3.7868116,-3.5968115,-3.4768114,-3.4168115,-2.5468116,-2.1368115,-0.90681154,0.2531885,2.1531885,4.6631885,0.8331885,-1.1468115,-0.036811523,-0.57681155,-0.096811526
-6.6068115,-6.6468115,-6.8068113,-7.0068116,-7.4168115,-7.5368114,-7.8068113,-7.6368117,-7.3568115,-7.0968113,-6.8968115,-6.7468114,-6.5368114,-6.2768116,-5.9768114,-5.6168118,-4.8768115,-4.6068115,-4.1768117,-4.5368114,-5.0868115,-4.4768114,-5.5368114,-6.2468114,-7.0568113,-6.2768116,-6.3568115,-6.8968115,-6.9368114,-7.4668117,-7.5368114,-7.0268116,-6.4668117,-6.0968113,-6.4368114,-6.6468115,-6.8268113,-7.0168114,-6.5968113,-6.1768117,-5.8368115,-4.8368115,-3.8468115,-3.5668116,-3.5168116,-3.6168115,-3.8068116,-3.0768116,-2.3468115,-1.1168115,0.18318848,3.0331886,1.3431885,-0.036811523,-0.52681154,-0.9768115,0.023188477
-6.4568114,-6.6068115,-6.9768114,-7.4068117,-7.7068114,-8.106812,-8.006811,-7.3368115,-7.3568115,-7.0268116,-7.0468116,-6.8868117,-6.8868117,-6.9168115,-6.3968115,-6.3068113,-5.7968116,-5.2168117,-3.9068115,-3.6668115,-4.6268115,-5.8268113,-6.4968114,-6.9868116,-6.9968114,-7.5668116,-7.5368114,-7.0868115,-7.2768116,-7.2268114,-7.4768114,-7.0668116,-6.6368117,-6.6668115,-6.7668114,-6.3668118,-6.3768115,-6.7568116,-6.4368114,-5.9568114,-5.2368116,-5.1068115,-5.2968116,-4.7968116,-4.3368115,-4.2268114,-4.0668116,-3.1068115,-2.4568114,-1.9168115,-1.5368115,-1.0368115,0.79318845,-1.9168115,-0.37681153,0.48318848,-0.47681153
-7.2068114,-7.6568117,-7.7468114,-7.9968114,-7.8068113,-7.9568114,-7.7768116,-7.5768113,-7.3768115,-6.8768115,-6.4468117,-6.9068117,-7.1168118,-7.4168115,-7.8768115,-7.6368117,-7.7368116,-7.3168116,-7.1968117,-6.8668118,-6.7168117,-7.2968116,-7.1568117,-7.7268114,-8.586811,-8.026812,-7.2368116,-7.0968113,-7.2468114,-7.3468113,-7.7268114,-7.3468113,-6.6368117,-6.1368117,-6.1168118,-6.2968116,-6.3768115,-6.0968113,-5.9568114,-5.7268114,-5.2368116,-4.7368116,-5.1768117,-5.0368114,-4.4168115,-3.8368115,-3.6668115,-3.1868114,-2.7568116,-2.5868115,-2.2268114,-2.1768115,-1.5168115,0.65318847,-1.0368115,-0.48681152,-0.5568115
-7.7468114,-7.9868116,-7.9568114,-7.9668117,-8.126812,-8.056811,-7.9168115,-7.5668116,-7.3668118,-7.1168118,-6.5368114,-6.6568117,-7.0168114,-7.4368114,-7.8268113,-8.096811,-8.216811,-8.336811,-7.9068117,-8.1468115,-8.506811,-8.306811,-8.326812,-8.596811,-7.9868116,-7.6068115,-6.8368115,-6.8768115,-6.9668117,-7.1368117,-7.4968114,-7.3268113,-6.9968114,-6.1468115,-5.6568117,-5.6368117,-5.5968113,-5.4068117,-5.1568117,-5.1268115,-4.8468113,-5.0068116,-5.1268115,-5.1468115,-4.7168117,-4.1068115,-3.4068115,-3.2368116,-2.9868116,-2.2968116,-2.4668114,-2.7568116,-2.8668115,0.13318847,0.22318847,0.22318847,-0.46681154
-7.8968115,-8.026812,-7.9068117,-8.126812,-8.006811,-8.026812,-7.9868116,-7.8568115,-7.6368117,-7.5568113,-7.2468114,-6.6768117,-6.8668118,-7.4068117,-7.6468115,-7.9668117,-8.356812,-8.676811,-8.626812,-8.506811,-8.386811,-8.326812,-8.166812,-7.9868116,-7.8168116,-7.4068117,-6.6968117,-6.7468114,-6.9068117,-6.9068117,-7.2568116,-7.2268114,-6.9068117,-6.1268115,-5.3368115,-4.9868116,-4.7168117,-5.2768116,-5.2268114,-4.9968114,-4.4368114,-4.9968114,-5.5068116,-5.4968114,-4.6668115,-3.9968116,-3.6568115,-3.3868115,-2.6468115,-2.4568114,-2.1668115,-2.4268115,-2.9668114,-1.8068116,0.98318845,-1.4968115,0.28318846
