data/wind/wind-json-20190401.json
{"header": { "discipline":0, "disciplineName":"Meteorological products", "gribEdition":2, "gribLength":74193, "center":7, "centerName":"US National Weather Service - NCEP(WMC)", "subcenter":0, "refTime":"2019-04-01T00:00:00.000Z", "significanceOfRT":1, "significanceOfRTName":"Start of forecast", "productStatus":0, "productStatusName":"Operational products", "productType":1, "productTypeName":"Forecast products", "productDefinitionTemplate":0, "productDefinitionTemplateName":"Analysis/forecast at horizontal level/layer at a point in time", "parameterCategory":2, "parameterCategoryName":"Momentum", "parameterNumber":3, "parameterNumberName":"V-component_of_wind", "parameterUnit":"m.s-1", "genProcessType":2, "genProcessTypeName":"Forecast", "forecastTime":0, "surface1Type":103, "surface1TypeName":"Specified height level above ground", "surface1Value":10.0, "surface2Type":255, "surface2TypeName":"Missing", "surface2Value":0.0, "gridDefinitionTemplate":0, "gridDefinitionTemplateName":"Latitude_Longitude", "numberPoints":65160, "shape":6, "shapeName":"Earth spherical with radius of 6,371,229.0 m", "gridUnits":"degrees", "resolution":48, "winds":"true", "scanMode":0, "nx":360, "ny":181, "basicAngle":0, "lo1":0.0, "la1":90.0, "lo2":359.0, "la2":-90.0, "dx":1.0, "dy":1.0 }, "data":
[rows 130 to 155 of 181, columns 228 to 284 of 360]
1.6839795,1.3039795,1.2539794,0.9639795,0.083979495,-1.0460205,-2.2560205,-2.8160205,-2.9960206,-3.3560205,-3.6060205,-3.8960204,-4.1460204,-4.1160207,-3.9960206,-4.1360207,-4.0860205,-3.6660204,-3.1860206,-2.5760205,-1.8060205,-1.2160205,-0.6760205,-0.1760205,0.3639795,1.0039794,1.4739795,1.9239795,2.4039795,2.4139795,2.0939796,1.3839794,0.4739795,-0.1760205,-1.6460205,0.8439795,-6.1860204,-12.69602,-12.48602,-12.316021,-10.57602,-9.40602,-8.936021,-8.756021,-8.636021,-8.36602,-7.5260205,-6.7260203,-5.9660206,-4.9960203,-3.5360205,-5.0560207,-4.9960203,-4.5360203,-3.3460205,-1.8560205,-0.9260205
1.3339795,1.6039795,1.6939795,1.2139795,0.11397949,-1.2260205,-2.3660204,-3.0360205,-3.2860205,-3.4960206,-3.8960204,-4.1460204,-4.4260206,-4.8560205,-5.2160206,-5.3260207,-5.1560206,-4.8660207,-4.7160206,-4.1760206,-3.5560205,-2.7160206,-1.8860205,-1.1960205,-0.40602052,0.4539795,1.2639794,1.9439795,2.2539794,2.2939794,2.2439795,1.2839795,0.3839795,-0.64602053,-1.7260205,-3.8160205,-2.1860206,-5.1360207,-10.44602,-11.41602,-9.94602,-8.40602,-7.7660203,-7.4860206,-7.5160203,-8.12602,-8.87602,-8.23602,-7.3160205,-6.7260203,-5.5760207,-6.6760206,-6.4160204,-6.2060204,-5.3960204,-3.7060206,-1.1560205
5.4039793,5.5239797,5.8239794,5.7739797,5.5639796,5.0539794,4.2039795,3.0839796,1.4839795,-1.0460205,-3.7760205,-5.1560206,-5.3960204,-5.6560206,-5.9860206,-5.8360205,-5.6360207,-5.7560205,-5.9160204,-5.8960204,-5.5160203,-4.8760204,-3.5760205,-2.5960205,-1.5060205,-0.4560205,0.5239795,1.4739795,2.3439796,2.6539795,2.5939796,1.4239795,-0.3360205,-1.8260205,-3.2260206,-5.3660207,-6.6460204,-7.1460204,-8.136021,-9.11602,-8.716021,-8.57602,-8.106021,-7.6160207,-7.2460203,-7.0660205,-8.266021,-9.02602,-8.53602,-8.016021,-7.3860207,-7.5760207,-7.5060205,-7.0860205,-6.5060205,-5.4260206,-2.5660205
5.5339794,5.9639797,6.0739794,5.9939795,5.7239795,5.2139797,4.4939795,3.7539794,3.0539794,2.0239794,0.9639795,0.3939795,-0.8460205,-4.3060207,-6.9760203,-7.2060204,-6.7360206,-6.4460206,-6.4360204,-6.6960206,-6.6160207,-6.3760204,-5.8360205,-4.4760203,-3.0160205,-1.5560205,-0.2360205,1.0739795,2.4639795,3.6739795,3.6939795,2.0439794,-0.4660205,-3.7260206,-5.8460207,-7.2060204,-8.186021,-8.476021,-8.82602,-9.096021,-8.86602,-8.58602,-8.186021,-7.5160203,-6.8360205,-6.4260206,-6.5660205,-7.5260205,-8.356021,-8.436021,-8.516021,-8.48602,-8.466021,-8.12602,-7.5260205,-6.9260206,-4.4160204
6.0239797,5.9839797,6.2839794,6.4939795,6.3039794,5.8039794,5.2239795,4.6539793,3.9239795,3.1139796,2.0339794,0.6739795,-0.7860205,-2.1360204,-2.9960206,-4.4960203,-6.7660203,-7.9160204,-8.02602,-8.23602,-8.146021,-7.7160206,-6.9560204,-5.9560204,-4.7060204,-3.0560205,-1.3660206,0.22397949,2.1339796,4.0439796,4.1439795,2.1339796,-0.5560205,-3.3260205,-8.716021,-9.86602,-9.23602,-8.976021,-8.7960205,-8.73602,-9.096021,-8.62602,-8.12602,-7.7560205,-7.2360206,-6.7960205,-6.3460207,-5.9260206,-5.9860206,-6.9260206,-8.65602,-9.65602,-9.58602,-9.356021,-8.766021,-8.33602,-6.2160206
5.0739794,5.9439793,6.3839793,6.5639796,6.5039797,6.1039796,5.6239796,5.1039796,4.4639797,3.6739795,2.8239794,2.0339794,1.5839795,1.3139795,0.79397947,-0.2660205,-2.1460204,-4.6760206,-7.8460207,-9.436021,-9.266021,-8.77602,-7.7760205,-6.9060206,-6.1060205,-4.9160204,-3.0160205,-0.9060205,1.3439795,3.5939796,4.1139793,2.1339796,-1.9960206,-2.1060205,-5.9560204,-12.5460205,-10.646021,-9.056021,-9.11602,-9.08602,-8.61602,-8.58602,-8.78602,-7.9060206,-7.1860204,-6.5260205,-6.0160203,-5.6060205,-5.7460203,-5.9260206,-6.7260203,-8.436021,-10.356021,-10.61602,-10.02602,-9.676021,-8.686021
5.2639794,5.1839795,5.6639795,5.8039794,5.7939796,5.3739796,4.9039793,4.2139797,3.4939795,2.7839794,2.0239794,1.5439795,1.1539795,0.7239795,0.3139795,-0.25602052,-1.0560205,-0.7160205,-0.4260205,-5.5960207,-9.566021,-9.386021,-8.57602,-7.5660205,-6.9260206,-6.3260207,-4.7760205,-2.2460206,0.27397949,2.6439795,3.7839794,1.7939795,-3.6360204,-4.1360207,-1.9960206,-8.90602,-10.556021,-9.646021,-9.186021,-9.856021,-10.476021,-9.62602,-9.056021,-8.07602,-6.8160205,-5.6260204,-4.7660203,-5.0060205,-5.4460206,-5.6560206,-6.3360205,-7.3660207,-9.596021,-10.77602,-11.12602,-10.99602,-10.136021
5.6839795,5.7139797,6.3539796,6.6839795,6.5739794,5.7239795,4.6439795,3.5139794,2.4539795,1.5739795,1.2039795,0.9139795,0.6639795,0.5539795,0.4239795,-0.096020505,-0.8060205,-1.7160205,-3.4860206,-3.4360206,-3.6360204,-10.2960205,-9.70602,-8.23602,-7.6560206,-7.4260206,-6.3460207,-3.8760204,-1.2160205,1.4639795,2.5839796,1.0439795,-4.9860206,-7.6460204,-6.3660207,-4.1160207,-3.3860204,-5.8660207,-5.7260203,-4.7160206,-3.0860205,-3.7660205,-6.3260207,-5.5560207,-4.4360204,-3.8660204,-3.9060204,-3.9660206,-4.1260204,-5.0660205,-5.7160206,-6.9860206,-8.86602,-10.91602,-11.726021,-12.66602,-13.82602
6.8739796,7.0239797,7.6639795,8.063979,7.3939795,5.9139795,4.2339797,2.6639795,1.5339795,0.7739795,0.6739795,0.7639795,0.6439795,1.3039795,2.3239794,2.2539794,0.7839795,-1.5160205,-3.0560205,-4.3260207,-5.6660204,-5.6560206,-8.006021,-8.32602,-8.07602,-8.20602,-7.6560206,-5.6260204,-2.9760206,-0.21602051,1.0639795,-1.8360205,-4.8860207,-8.15602,-8.74602,-8.006021,-6.6660204,-6.0560207,-5.5260205,-5.4960203,-5.4860206,-5.8760204,-4.8360205,-4.1060205,-3.6560204,-3.3260205,-3.3060205,-3.8160205,-4.2260203,-4.6060205,-5.7360206,-6.6760206,-8.256021,-10.0460205,-11.70602,-13.386021,-14.27602
8.47398,9.01398,9.59398,9.233979,8.2039795,6.9539795,5.7139797,3.6139796,1.3639795,0.6439795,0.3039795,-0.5660205,-1.1660205,0.7439795,1.6539795,2.1939795,3.9239795,4.7439795,1.8039795,-2.3860204,-5.0660205,-6.7060204,-7.3460207,-7.4460206,-7.8560205,-8.726021,-8.436021,-6.9160204,-4.4360204,-2.1260204,-0.5860205,-4.1060205,-5.7660203,-8.436021,-9.40602,-8.506021,-7.9960203,-7.3560205,-6.5460205,-5.9560204,-5.7260203,-5.5560207,-4.8860207,-3.6160204,-2.1360204,-1.4960206,-2.1560204,-3.1560204,-3.9860206,-4.7660203,-5.5660205,-6.4060206,-7.6660204,-9.27602,-11.24602,-13.45602,-15.58602
10.073979,10.62398,10.50398,10.42398,9.66398,8.16398,6.1639795,3.4939795,1.8939795,0.43397948,0.2139795,0.1839795,-0.8260205,0.34397948,2.1739795,2.7239795,3.0239794,3.1239796,2.7739794,1.2939795,-2.9760206,-6.9760203,-7.9560204,-7.7460203,-8.32602,-9.48602,-9.07602,-7.8160205,-5.5260205,-3.6860206,-2.2860205,-5.4160204,-9.03602,-8.636021,-8.95602,-9.52602,-8.66602,-8.03602,-7.4260206,-6.5160203,-5.6760206,-5.1960206,-4.5860205,-3.0460205,-0.9460205,0.7439795,0.3139795,-2.7960205,-4.2960205,-4.5260205,-5.4260206,-6.4260206,-7.2760205,-8.346021,-9.716021,-12.346021,-17.80602
11.643979,11.353979,11.12398,11.80398,10.84398,9.903979,6.7039795,4.2139797,3.7339795,2.9339795,2.4539795,1.7939795,1.2839795,2.4139795,2.9739795,2.7239795,2.9739795,3.1239796,2.5339794,3.1739795,-4.6460204,-8.506021,-9.02602,-8.846021,-9.40602,-10.23602,-9.52602,-8.306021,-6.5360203,-4.8960204,-4.1160207,-6.4160204,-10.886021,-11.11602,-9.806021,-9.27602,-9.08602,-8.466021,-8.11602,-7.3960204,-6.5160203,-5.6060205,-4.5860205,-3.4660206,-1.9160205,0.083979495,2.3539796,2.5239794,-0.5260205,-2.7860205,-3.3660204,-4.2860203,-5.6260204,-6.8860207,-7.9260206,-10.186021,-16.45602
12.62398,12.22398,11.50398,11.523979,9.433979,8.903979,7.8139796,6.6739793,6.2739797,6.2139797,5.8639793,5.4539795,5.4139795,5.0339794,4.4539795,3.6039796,2.9439795,3.1539795,3.6539795,5.1039796,-8.476021,-9.856021,-8.87602,-9.806021,-10.686021,-10.7960205,-9.976021,-8.65602,-7.4960203,-6.1060205,-5.9060206,-8.33602,-11.83602,-12.32602,-11.686021,-9.926021,-8.91602,-9.506021,-9.256021,-8.596021,-7.5760207,-6.4960203,-5.8960204,-4.5760207,-3.0860205,-1.4760205,0.19397949,1.6739795,2.8339796,3.3239794,3.1439795,1.9739795,-0.036020506,-2.0560205,-3.9460206,-6.5260205,-12.066021
13.46398,13.47398,12.12398,9.773979,7.9939795,8.113979,8.34398,7.7539797,7.8239794,8.363979,8.933979,9.22398,9.493979,8.51398,6.1939793,3.6439795,1.3039795,0.7139795,1.2939795,2.1939795,-0.37602052,-4.1760206,-4.9060206,-5.8460207,-7.5360203,-9.19602,-9.78602,-9.556021,-8.83602,-7.8360205,-7.9860206,-10.756021,-12.316021,-12.28602,-12.016021,-10.516021,-9.48602,-9.106021,-8.37602,-7.4760203,-6.6060205,-6.0960207,-6.3060207,-5.9160204,-5.0460205,-3.5360205,-1.4060205,0.3339795,1.6839795,2.6939795,3.3239794,3.5739794,3.5439794,3.3739796,3.1139796,2.3639796,1.9039795
13.653979,13.733979,12.79398,10.29398,7.5939794,7.4939795,8.33398,9.233979,10.13398,11.16398,12.04398,13.29398,14.12398,14.12398,9.76398,0.2939795,-5.1460204,-3.8160205,-3.2460206,-2.7660205,-4.9460206,-2.1460204,2.6039796,5.5739794,-3.3360205,-11.36602,-13.146021,-12.07602,-11.096021,-10.20602,-10.94602,-13.28602,-13.16602,-12.686021,-11.186021,-10.02602,-8.846021,-7.8460207,-7.3360205,-6.5660205,-6.3260207,-7.0460205,-7.6460204,-8.396021,-7.4060206,-5.3160205,-3.2060206,-1.2960205,0.4439795,1.6839795,2.4739795,2.9039795,3.2039795,3.5039794,3.8439796,4.2239795,4.4939795
12.393979,12.283979,11.363979,10.903979,10.21398,9.773979,10.04398,10.733979,11.59398,12.91398,14.37398,15.573979,17.333979,20.90398,5.0539794,-1.3660206,-5.0660205,-5.7860203,-5.0460205,-2.7160206,0.19397949,2.9939795,5.9139795,11.79398,8.483979,-12.346021,-15.02602,-13.87602,-12.506021,-12.756021,-14.106021,-14.36602,-13.87602,-12.006021,-10.28602,-8.95602,-8.11602,-7.5860205,-7.0860205,-6.0660205,-5.2160206,-5.8660207,-9.096021,-9.886021,-8.32602,-6.3560205,-4.5460205,-2.6260204,-0.8060205,0.5339795,1.4139795,2.1539795,2.7939794,3.3939795,3.9139795,4.2639794,4.3939795
10.983979,11.073979,10.50398,10.00398,9.88398,10.813979,11.283979,11.853979,12.38398,13.073979,14.41398,15.573979,17.14398,21.90398,6.2739797,-0.7360205,-2.7060206,-2.7560205,-1.7760205,-0.5260205,1.0539795,3.0239794,5.4839797,8.433979,10.9539795,8.523979,1.8139795,-4.0860205,-8.40602,-10.756021,-11.226021,-10.556021,-9.516021,-8.12602,-7.1660204,-6.8660207,-6.7060204,-6.4360204,-6.0960207,-5.9660206,-5.9460206,-6.2960205,-8.226021,-9.106021,-8.19602,-7.2060204,-5.6760206,-3.9360206,-2.1060205,-0.4960205,0.6139795,1.3039795,1.8139795,2.2439795,2.7039795,3.1839795,3.5939796
9.54398,9.92398,10.023979,10.26398,9.51398,9.813979,10.84398,11.37398,12.04398,12.433979,13.023979,13.773979,14.033979,14.823979,14.72398,11.76398,6.7739797,3.0339794,1.2139795,0.7239795,1.5639795,2.6239796,3.7439795,4.8039794,5.4739795,6.1939793,5.6839795,-0.6960205,-4.5060205,-6.1260204,-7.3360205,-8.106021,-8.41602,-8.15602,-7.4260206,-6.6560206,-6.1460204,-5.7560205,-5.1060205,-4.0360203,-3.4060204,-4.1160207,-6.9260206,-8.936021,-8.73602,-7.3560205,-5.5760207,-3.7960205,-2.1060205,-0.7360205,0.2639795,0.8339795,1.1039795,1.3239795,1.6039795,1.9439795,2.3539796
6.8839793,7.9139795,8.96398,9.55398,9.37398,9.693979,9.16398,9.84398,10.4539795,11.033979,11.353979,11.47398,11.683979,11.233979,10.493979,9.05398,7.6439795,6.2739797,5.1239796,3.9639795,2.9439795,2.5639794,2.7439795,3.0239794,3.3739796,3.5039794,3.4239795,3.9839795,0.16397949,-7.7860203,-8.58602,-8.646021,-7.9360204,-7.6660204,-7.5060205,-7.2260203,-6.9960203,-6.5260205,-5.7460203,-4.7760205,-3.9260206,-3.4360206,-3.8960204,-4.4260206,-4.7660203,-4.5160203,-3.7060206,-2.6560204,-1.7060205,-0.7760205,-0.026020508,0.5339795,0.8639795,0.98397946,1.0439795,1.2939795,1.9839795
7.8639793,6.5239797,7.3439794,7.8039794,7.7939796,8.193979,8.21398,8.243979,8.84398,9.30398,9.733979,9.533979,9.533979,9.393979,8.563979,7.0839796,6.8039794,6.4539795,5.9039793,5.1839795,4.1339793,2.9639795,2.2339795,2.0239794,2.1439795,2.2339795,2.3239794,2.3639796,3.4639795,3.2439795,-7.1160207,-10.266021,-9.596021,-8.816021,-8.176021,-7.7260203,-7.3660207,-6.9660206,-6.4660206,-5.8460207,-5.1760206,-4.6960206,-4.4760203,-4.2560205,-3.9060204,-3.4260206,-2.8060205,-2.0660205,-1.2960205,-0.6060205,-0.10602051,0.17397949,0.2939795,0.46397948,0.7039795,1.2239795,2.2939794
8.113979,7.9839797,7.8239794,7.4939795,6.8439794,6.5639796,6.8639793,7.6839795,8.26398,8.823979,9.113979,8.88398,7.6639795,7.0339794,7.0139794,6.9739795,6.4139795,5.2839794,4.6739793,4.3939795,3.9739795,3.4439795,2.7439795,2.2739794,1.8739794,1.7539794,1.9039795,2.1339796,2.5839796,2.5239794,5.1839795,-3.5160205,-13.106021,-11.686021,-9.78602,-8.57602,-7.6660204,-7.0560207,-6.5360203,-6.1760206,-5.8460207,-5.5160203,-4.8160205,-4.3060207,-3.7060206,-3.1260204,-2.4160204,-1.5960205,-0.95602053,-0.3860205,0.17397949,0.6339795,0.9139795,1.0639795,1.1539795,1.5839795,2.5439794
6.9339795,7.1239796,7.0339794,6.9439793,6.4439793,6.3539796,6.7439795,7.3239794,7.6639795,8.023979,8.87398,8.51398,7.1039796,5.3039794,4.1239796,4.3339796,4.5639796,4.6039796,4.3539796,3.7439795,3.2039795,2.7839794,2.6639795,2.3939795,2.2939794,2.2339795,1.8039795,1.3139795,1.1239794,2.1939795,1.8539795,0.6539795,-0.06602051,-3.4560206,-5.3160205,-5.6660204,-6.0960207,-6.3360205,-6.4160204,-6.2860203,-5.7660203,-5.2060204,-4.5560207,-4.1560206,-3.7560205,-3.1960206,-2.4360206,-1.8060205,-1.2460206,-0.7160205,-0.4260205,-0.24602051,-0.5860205,-0.4160205,0.4539795,1.1839795,1.8939795
5.5639796,5.7339797,5.8639793,5.9239793,6.1039796,6.3039794,6.6739793,7.2639794,7.5439796,6.5539794,5.9439793,7.0139794,8.34398,8.393979,6.0739794,3.1039796,1.9939795,2.4339795,2.8339796,2.8639796,2.6739795,2.4139795,2.1939795,2.0539794,1.8839794,1.7539794,1.6339794,1.3639795,0.98397946,0.37397948,-0.2660205,-0.3260205,-0.9060205,-1.9860206,-3.0660205,-4.0160203,-4.5060205,-4.8660207,-5.2960205,-5.2960205,-5.1060205,-4.7160206,-4.4560204,-4.2860203,-3.8660204,-2.6360204,-1.8260205,-1.3560205,-1.1360205,-1.2160205,-1.3760206,-1.6360205,-1.3760206,-0.5360205,0.03397949,0.2339795,0.07397949
4.1839795,4.1339793,4.5439796,5.1439795,5.4939795,5.8839793,6.6239796,6.5339794,7.8339796,5.2339797,3.1739795,5.3039794,5.5939794,6.5239797,7.3839793,7.5439796,6.9939795,5.9739795,4.4239793,3.0939796,2.4939795,2.2239795,2.0939796,2.3139794,2.8739796,3.2139795,2.9539795,1.8639795,0.19397949,-1.1860205,-1.6960205,-1.8760206,-2.3360205,-2.7260206,-2.2960205,-2.6660204,-2.9760206,-3.6260204,-4.1160207,-4.3860207,-4.4960203,-4.5260205,-4.4060206,-4.2360206,-3.9560206,-3.3460205,-2.5460205,-2.0360205,-1.7860205,-2.1660204,-3.0560205,-2.6260204,-1.3560205,-0.51602054,-0.4560205,-0.9060205,-0.21602051
2.2639794,2.6739795,3.5839796,4.3939795,4.7439795,4.9939795,5.7539797,5.6839795,6.4039793,5.1439795,-0.046020508,2.7139795,3.2839794,4.4939795,5.3139796,5.6839795,5.6339793,5.4339795,5.4839797,5.2539797,4.9939795,4.6739793,4.6139793,4.9439793,5.2939796,5.3439794,5.0039797,4.2539797,3.2939794,2.5539794,1.6439795,-0.5460205,-3.4860206,-4.8060207,-4.7260203,-4.4260206,-4.2860203,-4.2860203,-4.2560205,-4.3260207,-4.4360204,-4.3860207,-4.1560206,-3.8360205,-3.6060205,-3.2360206,-2.6660204,-2.5460205,-3.3960204,-3.8160205,-3.1660204,-2.2560205,-1.1960205,-0.1260205,0.5139795,0.9539795,1.4039795
0.5039795,1.3539795,2.4539795,3.6339796,4.3139796,4.4439793,5.0239797,5.1639795,5.6639795,6.8139796,1.0539795,-1.0360205,0.7439795,1.4239795,2.3739796,3.0939796,3.9439795,4.4439793,4.6039796,4.8139796,5.1939793,5.5239797,5.8639793,6.2339797,6.4139795,6.4739795,6.2839794,5.5539794,4.1439795,2.4039795,1.0539795,0.1339795,-0.3960205,-0.9960205,-2.8560205,-4.9060206,-5.5760207,-5.6360207,-5.3860207,-4.9960203,-4.6960206,-4.5460205,-4.4060206,-4.2660203,-3.9960206,-3.6560204,-3.5960205,-4.4860206,-4.8760204,-4.2860203,-3.7060206,-2.5960205,-0.8260205,0.6539795,1.4339795,1.5939795,1.3239795
