data/wind/wind-json-20190401.json
{"header": { "discipline":0, "disciplineName":"Meteorological products", "gribEdition":2, "gribLength":74193, "center":7, "centerName":"US National Weather Service - NCEP(WMC)", "subcenter":0, "refTime":"2019-04-01T00:00:00.000Z", "significanceOfRT":1, "significanceOfRTName":"Start of forecast", "productStatus":0, "productStatusName":"Operational products", "productType":1, "productTypeName":"Forecast products", "productDefinitionTemplate":0, "productDefinitionTemplateName":"Analysis/forecast at horizontal level/layer at a point in time", "parameterCategory":2, "parameterCategoryName":"Momentum", "parameterNumber":3, "parameterNumberName":"V-component_of_wind", "parameterUnit":"m.s-1", "genProcessType":2, "genProcessTypeName":"Forecast", "forecastTime":0, "surface1Type":103, "surface1TypeName":"Specified height level above ground", "surface1Value":10.0, "surface2Type":255, "surface2TypeName":"Missing", "surface2Value":0.0, "gridDefinitionTemplate":0, "gridDefinitionTemplateName":"Latitude_Longitude", "numberPoints":65160, "shape":6, "shapeName":"Earth spherical with radius of 6,371,229.0 m", "gridUnits":"degrees", "resolution":48, "winds":"true", "scanMode":0, "nx":360, "ny":181, "basicAngle":0, "lo1":0.0, "la1":90.0, "lo2":359.0, "la2":-90.0, "dx":1.0, "dy":1.0 }, "data":
[rows 52 to 77 of 181, columns 0 to 56 of 360]
-5.2160206,-3.3460205,-1.5560205,-0.026020508,-0.016020508,-1.5060205,-2.3560205,-0.8660205,1.0539795,2.6939795,3.1939795,2.6239796,3.3339796,1.4439795,2.4339795,1.6039795,-2.2660205,-0.9160205,-0.08602051,-2.7460206,-3.9460206,-1.4260205,-0.4960205,-1.7160205,-6.6160207,-13.356021,-8.516021,-3.5560205,-1.9160205,-0.9860205,0.22397949,-0.07602051,-0.4560205,-0.21602051,-0.6060205,-0.3660205,-0.3360205,-0.5260205,-1.2460206,-2.5060205,0.3539795,-0.05602051,-0.5460205,1.6339794,1.4339795,-0.8060205,-2.0660205,-1.5060205,-1.4560205,-0.2660205,-3.0260205,-2.2460206,-2.5860205,-4.4560204,-5.0560207,-4.6760206,-1.1860205
-6.5560207,-4.7860203,6.6739793,3.9439795,4.0739794,2.0739794,6.6239796,4.0339794,5.3839793,2.3539796,1.5139794,3.9839795,3.8639796,2.3039794,-0.6560205,-0.5060205,1.1239794,0.4839795,-1.8560205,-3.6660204,-4.6260204,-3.9860206,-2.0860205,-4.2760205,-11.886021,-11.136021,-8.606021,-5.2560205,-0.3560205,-1.0160205,0.22397949,-2.5460205,-1.1360205,-1.5660205,0.07397949,-1.3560205,-0.3060205,-1.7860205,-2.7560205,-1.6960205,-1.1560205,-1.6660205,-1.0260205,-1.0360205,-1.8360205,-0.026020508,0.03397949,0.6539795,0.3939795,-1.0560205,1.1439795,-3.1160204,0.6539795,3.3339796,-2.9360206,-0.016020508,0.37397948
-3.3760204,2.0139794,1.9339795,2.7439795,2.6739795,3.0839796,2.4639795,2.3539796,0.4739795,1.9139795,2.2439795,6.3639793,4.6739793,3.4139795,2.5239794,2.1539795,1.5639795,0.2839795,-1.6060205,-3.9560206,-5.0660205,-5.0560207,-2.2760205,-2.4360206,-10.70602,-11.44602,-7.0460205,-5.2760205,-0.3060205,2.2739794,-2.0560205,-2.7460206,-1.8760206,-1.8760206,-2.1560204,-1.7560205,1.4439795,-0.8460205,1.8639795,1.5439795,0.6639795,-0.1460205,-1.0060205,-0.34602052,1.4339795,0.2139795,0.3139795,0.7139795,-1.0960205,-0.7360205,-7.6660204,2.1739795,4.5939794,2.7839794,0.8739795,-2.4860206,-3.2660205
-1.4760205,-1.7260205,-0.5560205,3.8439796,2.0239794,-1.9260205,-1.6560205,-0.1460205,1.8239795,1.3539795,1.8539795,2.7939794,3.9039795,4.0039797,3.9239795,3.1739795,2.1039796,0.7439795,-1.4160205,-4.0060205,-5.6460204,-4.9560204,-4.6060205,-5.6860204,-6.1060205,-4.6260204,-3.5660205,-6.1160207,-4.3960204,-2.2660205,0.8239795,2.0339794,2.0339794,0.5339795,-0.64602053,-0.7860205,4.6739793,1.6539795,0.083979495,-2.2660205,2.1839795,-0.4260205,0.9939795,1.0539795,2.4839795,-0.21602051,0.06397949,1.3139795,1.0139794,-4.8660207,-1.1060205,0.8739795,0.79397947,-2.4560206,-1.6960205,-4.7860203,-4.0060205
-2.8960204,-5.7460203,1.4839795,0.4239795,-4.8060207,-6.6260204,-5.2360206,0.5139795,1.4639795,0.8239795,4.3639793,4.5239797,2.7639794,3.8839796,4.5539794,4.0739794,3.0139794,1.2039795,-0.6960205,-3.0760205,-5.5260205,-5.7160206,-4.4760203,-5.3160205,-6.7460203,-6.1660204,-4.7660203,-2.3160205,-5.1460204,-3.8360205,-1.2960205,0.5539795,0.7139795,0.043979492,1.3639795,6.6739793,2.3039794,1.9839795,2.2439795,2.9939795,1.3639795,-1.1660205,-2.7460206,0.5739795,0.5239795,-2.1460204,0.123979494,0.2139795,-0.8560205,-0.9160205,3.7339795,0.3639795,1.2939795,-0.016020508,-1.2760205,-1.4960206,1.2639794
-6.8860207,-0.4560205,-3.3260205,-3.6160204,-6.7460203,-9.02602,-4.7060204,2.1739795,2.5239794,2.3639796,1.0439795,-2.6060205,-0.6160205,1.0739795,5.7239795,5.0439796,3.2739794,1.3839794,-0.9460205,-2.6560204,-4.2760205,-4.4660206,-3.7060206,-5.0860205,-4.0960207,-8.106021,-5.0360203,-5.1160207,-2.9260206,-2.8860204,-2.6660204,-1.6960205,-1.0660205,-0.8060205,0.9539795,6.6439795,4.0039797,2.7739794,1.1639795,0.37397948,-1.7360206,-4.3060207,-2.6360204,0.6339795,-0.4960205,-1.0960205,1.4739795,2.3339796,3.9839795,3.8139794,4.3939795,4.7939796,6.0939794,4.5339794,-0.31602052,0.85397947,2.5339794
-0.6160205,-4.2360206,-3.7860205,-4.0960207,-7.0060205,-8.12602,6.3739796,3.5639794,1.6939795,0.4839795,2.1539795,1.5939795,4.5739794,5.4239793,3.9239795,3.6939795,3.6339796,1.5939795,-1.3560205,-2.7960205,-2.9260206,-3.1960206,-1.7460206,-0.9460205,-2.7760205,-4.8760204,-6.3560205,-4.1360207,-2.6060205,-1.0160205,-0.4660205,0.3839795,0.6739795,0.60397947,1.6239794,4.7939796,3.4839795,1.7339795,2.0139794,0.6639795,-3.1260204,-4.2660203,-3.6060205,-1.6260206,-1.6960205,1.3539795,2.5039794,4.6839795,4.1439795,0.8039795,2.9639795,4.6739793,3.8839796,11.783979,4.0339794,6.6639795,5.3439794
-1.3660206,-2.1860206,-3.0760205,-4.3860207,-3.6860206,0.8439795,3.3639796,-0.18602051,5.4739795,7.9439793,6.8139796,9.103979,6.9439793,3.9939795,2.9339795,3.2139795,2.9339795,1.9039795,-0.19602051,-2.9760206,-3.8860204,-2.3860204,-2.9260206,-3.6660204,-3.2260206,-2.2060206,-1.3660206,-1.1560205,-1.3260205,-0.9960205,1.1839795,2.2239795,2.1339796,2.6039796,2.5139794,2.3139794,0.54397947,1.2839795,-1.1860205,-2.2160206,-2.3960204,-3.2760205,-1.4060205,-0.6560205,1.7939795,3.9639795,0.8139795,5.9239793,5.6239796,3.8639796,1.8039795,5.8639793,5.6939793,5.8139796,2.3439796,0.1339795,0.2839795
-4.0060205,-3.4760206,-2.7460206,-1.9260205,-0.6060205,0.9039795,4.0739794,5.3839793,5.9839797,5.4239793,5.4039793,7.6239796,7.4439793,5.1639795,4.5939794,3.4939795,2.0039794,1.4539795,0.4139795,-1.3760206,-2.2960205,-2.9760206,-3.7060206,-3.7860205,-3.9760206,-3.0160205,-2.1260204,-1.3460205,-0.4960205,-0.25602052,0.1539795,0.5139795,1.1139795,3.1839795,4.1939793,3.4539795,1.1039795,2.2539794,-0.5460205,-2.2560205,-3.6960206,-1.3460205,-1.8660206,4.3139796,2.5839796,1.3339795,-0.7560205,7.2039795,6.6239796,6.2239795,-2.0860205,-3.4660206,0.6239795,-2.7660205,1.7239795,0.6939795,4.3139796
0.4439795,1.2939795,1.1139795,0.2139795,-0.3660205,0.8339795,4.7239795,5.7939796,4.6739793,4.2639794,5.3839793,5.8739796,7.8739796,6.6339793,5.7239795,2.6039796,2.8839796,1.3039795,-0.21602051,-1.7760205,-1.7760205,-2.9460206,-3.4260206,-3.8660204,-2.8660204,-1.4560205,-1.5460205,-1.5860205,-1.2560205,-1.1960205,-0.64602053,0.9539795,2.6939795,1.8039795,1.9139795,0.7639795,1.7539794,-0.7260205,-0.9360205,-2.0060205,-1.3960205,-1.7560205,-0.6260205,0.7139795,4.1639795,1.6139795,0.6739795,8.143979,11.643979,11.42398,2.0039794,0.8339795,-1.8960205,1.0039794,1.8839794,2.1139796,1.7339795
0.03397949,-1.0560205,-2.3660204,-3.2660205,-0.4460205,4.0139794,2.1439795,-0.026020508,1.3139795,5.9439793,5.4639797,6.2639794,8.113979,7.3939795,4.9239793,3.6439795,2.3439796,2.0539794,1.8539795,-0.4560205,-2.0760205,-3.2860205,-3.6660204,-3.5860205,-2.8760204,-1.2860205,-0.08602051,0.8739795,1.0039794,0.19397949,-0.4160205,0.3039795,0.4239795,0.1339795,-1.8760206,-4.6760206,2.0839796,-0.5860205,-2.3860204,-2.2960205,-1.3760206,-2.0060205,-2.1260204,-1.1760205,1.7939795,-0.4460205,0.43397948,10.13398,7.4739795,6.3239794,4.7539797,2.8339796,-0.51602054,-1.6260206,-1.1360205,-0.5760205,-0.22602051
-2.0060205,-3.8060205,-3.4560206,-1.7260205,2.7339795,1.7239795,-1.0760205,0.123979494,3.8939795,2.6539795,1.9239795,2.6939795,3.2839794,4.2739797,4.5839796,2.7639794,0.5739795,2.1539795,1.3039795,0.8039795,-0.6260205,-2.5160205,-2.7860205,-2.5460205,-1.7560205,-1.1760205,-0.6260205,-0.05602051,-0.22602051,-0.4160205,-0.8860205,-0.5360205,-1.0660205,-0.5960205,-3.1860206,-4.2860203,-1.1260206,1.0639795,0.3139795,-0.8260205,-0.8460205,-2.2860205,-1.4360205,-0.6760205,-1.1060205,-1.4560205,7.6539793,7.9839797,3.4639795,0.9439795,2.9039795,3.6839795,1.9939795,-2.5160205,-2.1160204,-1.1560205,-1.4860206
-1.3260205,-1.6660205,-2.2360206,1.2239795,1.6439795,-2.4460206,-0.06602051,2.1339796,4.7839794,2.8139794,0.8939795,5.3639793,6.5139794,4.2039795,2.7639794,1.9339795,2.3639796,1.9739795,0.49397948,1.2639794,1.2039795,-0.5360205,-0.9460205,-0.2760205,-0.5760205,-0.5360205,-0.5460205,-0.8360205,-0.7260205,-1.4060205,-1.5460205,-1.7760205,-0.24602051,-0.51602054,-0.016020508,-3.3960204,-3.7860205,-2.3360205,0.7239795,0.5839795,-0.64602053,-1.1760205,-1.2460206,-2.4760206,-2.4160204,-1.0660205,4.2439795,4.1139793,-0.8060205,-1.1660205,0.54397947,0.3339795,2.8039794,2.2439795,0.3839795,-0.9160205,0.7539795
-3.4960206,-3.4060204,-0.7860205,-0.1560205,-1.8960205,-2.0260205,-0.1560205,2.7839794,4.2839794,4.4339795,0.043979492,3.4639795,3.6439795,3.2039795,2.5839796,2.8139794,2.2939794,1.5339795,2.0739794,1.3439795,1.6239794,-0.2060205,-0.7460205,-0.6560205,-0.3060205,-0.3060205,-0.036020506,-0.6660205,-2.0460205,-2.0460205,-2.2060206,-1.3360205,-1.8860205,-1.3260205,-2.3160205,-4.7460203,-6.3560205,-5.9660206,-0.8260205,-3.6660204,-3.9560206,-2.7460206,-3.6960206,-2.6160204,-1.4860206,-2.5760205,0.6139795,0.3239795,-2.7960205,0.8939795,1.5439795,5.1039796,8.00398,7.6839795,7.9839797,6.1839795,0.49397948
-3.2560205,-0.31602052,-2.8860204,-3.5760205,-6.0160203,2.8939795,5.4039793,3.5439794,6.2839794,5.6439795,0.14397949,3.1239796,2.3739796,1.4039795,1.2139795,1.4239795,1.0439795,2.1039796,1.9139795,1.6739795,0.8139795,-0.5460205,-0.47602051,-1.9960206,-2.5260205,-2.0860205,-1.3560205,-2.6260204,-2.5760205,-3.1360204,-2.6260204,-2.5160205,-2.5860205,-2.1960206,-2.6460204,-0.37602052,-8.846021,-8.926021,-6.2860203,1.4939795,0.3039795,-2.2360206,-2.8260205,-1.8160205,-2.2260206,-2.5160205,0.1839795,-4.1660204,2.7439795,3.8039794,5.2139797,8.653979,9.193979,9.30398,9.00398,7.9339795,5.9939795
-1.3860205,-3.9460206,-6.5160203,-6.8660207,-1.8160205,1.9439795,3.5239794,2.5339794,5.4639797,2.6139796,2.3039794,-0.06602051,1.1639795,0.4839795,0.27397949,1.3139795,0.8739795,0.46397948,-1.5360205,0.27397949,-0.8560205,-1.1860205,-2.4460206,-3.2860205,-3.2460206,-2.9060204,-3.2160206,-3.8960204,-3.7460206,-4.1660204,-4.3760204,-3.2460206,-3.6860206,-4.5460205,-3.2160206,-2.4460206,-4.2760205,-6.2960205,-7.5660205,-3.7360206,-0.22602051,-4.5960207,-2.5260205,-3.0960205,-2.6060205,-1.8460205,-3.9160204,-2.0460205,5.4539795,12.05398,8.693979,9.05398,8.42398,8.55398,8.563979,6.7139797,5.0239797
-4.2760205,-6.5560207,-3.2060206,-0.9760205,-1.6960205,-2.2560205,2.0539794,2.0739794,0.8139795,1.5339795,0.6439795,0.3639795,-1.1560205,-0.47602051,-2.1360204,-1.6460205,-1.3760206,-0.9760205,-0.9260205,2.0439794,-3.1460204,-1.6060205,-2.8660204,-3.5360205,-3.2060206,-2.2160206,-3.1260204,-3.6060205,-3.3660204,-3.7760205,-4.1660204,-4.1360207,-3.2860205,-3.1060205,-2.5760205,-1.9860206,-3.5060205,-7.5560207,-7.0260205,-8.506021,-0.9160205,-1.4960206,-4.5160203,-4.4160204,-0.95602053,-1.4860206,-3.2360206,2.7139795,11.08398,9.75398,8.813979,9.073979,8.7039795,8.183979,5.9039793,4.8339796,4.2539797
-4.1660204,-3.4160204,-2.2660205,-2.7460206,-3.1460204,-2.0960205,2.5039794,-0.1760205,1.0939795,1.2939795,0.6339795,0.34397948,-1.1560205,-2.7960205,-2.7860205,-5.1360207,2.7739794,-0.08602051,-1.1360205,-0.096020505,-2.9960206,-3.0760205,-3.0960205,-3.5960205,-4.0960207,-2.7960205,-4.3560205,-4.1260204,-3.2760205,-3.5060205,-3.5760205,-2.4660206,-3.5360205,-2.8460205,-2.6460204,-2.8660204,-1.2660205,-3.7060206,-10.256021,-11.356021,-3.9760206,2.2439795,3.3839796,2.5039794,-1.3560205,-1.7160205,-1.1560205,5.0439796,8.853979,8.783979,8.84398,8.433979,7.9339795,5.2939796,4.6439795,5.5239797,5.0939794
-3.9860206,-3.9060204,-5.2460203,-6.7860203,-4.5260205,3.3139794,1.7239795,2.2839794,1.8239795,2.0639794,1.8739794,0.46397948,-1.1060205,-2.9460206,-5.2460203,-3.7560205,2.5739794,0.6339795,-0.6860205,-2.5760205,-3.9860206,-3.0360205,-2.5760205,-3.8760204,-4.3060207,-4.1260204,-4.1160207,-4.1960206,-3.4360206,-3.0360205,-3.5760205,-3.6960206,-3.7360206,-4.3660207,-5.0660205,-4.6360207,-2.2960205,-2.7160206,-10.146021,-11.266021,-9.676021,-1.1260206,4.8939795,2.8639796,2.2939794,-1.9360205,-0.3260205,5.9539795,7.2939796,7.2939796,9.233979,8.09398,7.2739797,4.1539793,4.5639796,4.1639795,4.3639793
-5.0560207,-6.3560205,-6.7560205,-2.4560206,4.6839795,4.0639796,4.1439795,3.8239794,3.8639796,1.6639795,1.6339794,-0.13602051,-1.6860205,-2.2760205,-3.8960204,0.3539795,1.5639795,1.2039795,-1.2960205,-5.9560204,-4.4160204,-3.6660204,-4.1560206,-3.1560204,-4.2060204,-4.7560205,-3.5160205,-3.0260205,-2.8260205,-3.1060205,-3.9060204,-4.3460207,-4.7560205,-5.3160205,-5.7160206,-6.2260203,-2.9160204,-1.2060205,-7.5060205,-9.78602,-7.9960203,-2.2160206,0.43397948,6.8839793,2.6239796,3.1439795,6.6939793,7.0239797,4.6839795,7.0339794,8.933979,6.7139797,5.7639794,3.1339796,4.2439795,4.0639796,4.2539797
-6.4860206,-6.4860206,1.3739794,4.6339793,4.5939794,4.8039794,4.9939795,4.9539795,1.6639795,1.5339795,-0.5660205,-0.8660205,-2.2760205,-3.6260204,-2.5460205,0.053979494,-0.13602051,-2.0660205,-3.7660205,-5.6460204,-5.4860206,-5.3960204,-4.4460206,-1.7260205,-3.5360205,-4.9660206,-3.2160206,-3.0260205,-3.4360206,-3.7960205,-4.7560205,-5.6860204,-6.0260205,-6.4260206,-6.7060204,-7.2460203,-2.8860204,-1.1560205,-2.1860206,-8.466021,-8.066021,-5.9960203,0.46397948,2.8939795,2.4039795,3.9639795,7.8139796,5.8539796,4.8239794,9.09398,10.26398,8.523979,8.41398,3.7039795,3.8539796,2.1739795,4.3139796
-4.3060207,0.7839795,3.3039794,2.7139795,3.8139794,4.0339794,4.1539793,3.7439795,1.7939795,-1.6760205,-0.6360205,-0.76602054,-1.7460206,-2.3460205,-1.2160205,-0.40602052,-1.5860205,-3.2060206,-5.1660204,-5.7160206,-5.6060205,-6.4660206,-3.8360205,-3.5360205,-4.4160204,-3.6060205,-2.6660204,-2.6760206,-4.1360207,-4.8860207,-5.6260204,-5.9360204,-7.1260204,-7.6060205,-8.176021,-5.4560204,-4.4160204,-1.8460205,-0.3060205,-7.8960204,-8.356021,-7.2760205,-1.0860205,-1.0060205,3.0039794,1.7039795,7.2339797,7.0939794,6.3539796,9.693979,10.38398,4.3639793,8.54398,8.073979,0.43397948,-0.11602051,4.1139793
1.2039795,2.6839795,3.4039795,2.2139795,2.6139796,3.2439795,3.0639794,2.3039794,1.1839795,-0.34602052,-1.2160205,-1.7760205,-2.2160206,-2.2960205,-1.3560205,-1.5660205,-2.9460206,-4.6060205,-5.6960206,-6.4560204,-6.8560205,-3.0460205,-1.1360205,-4.8160205,-3.4260206,-2.8260205,-3.0060205,-3.4960206,-4.6260204,-4.8760204,-6.0660205,-7.3460207,-6.6660204,-6.9160204,-6.9960203,-7.0560207,-6.2560205,-1.9260205,-1.1360205,-1.6260206,-8.016021,-6.7460203,-1.9960206,-1.7860205,0.8339795,-1.3560205,4.1939793,1.6139795,2.1939795,1.5239795,0.09397949,2.2839794,0.79397947,-0.9160205,0.6739795,1.7939795,2.0239794
3.8239794,2.7139795,1.0239795,2.0139794,2.0439794,0.8239795,1.0239795,-0.026020508,-0.2660205,-0.5460205,-0.7460205,-1.4460205,-2.0860205,-2.3160205,-2.9060204,-3.2860205,-4.4560204,-5.4660206,-5.7960205,-6.2160206,-6.4560204,-1.8760206,-1.7460206,-3.4660206,-5.3860207,-4.3460207,-3.3860204,-5.4060206,-5.5760207,-5.9960203,-5.9760203,-7.1260204,-7.2660203,-6.4260206,-7.0560207,-7.6960206,-7.2260203,-1.4160205,-0.5260205,0.34397948,-5.7260203,-6.8460207,7.9339795,0.053979494,0.5339795,2.8739796,4.2339797,4.0339794,8.353979,5.9939795,-1.6560205,-2.0460205,0.5639795,1.9539795,1.9039795,1.4639795,0.8939795
3.6439795,1.1739795,0.6339795,0.6539795,0.2839795,0.5339795,-1.3360205,-0.7860205,-1.0760205,-1.4660205,-2.3660204,-2.3760204,-2.5660205,-3.0260205,-3.8860204,-4.1860204,-5.0760207,-5.4560204,-6.0760207,-6.4260206,-6.0860205,-2.4860206,-4.4760203,-5.2460203,-3.2160206,-3.3360205,-5.6460204,-4.8360205,-5.2960205,-5.0260205,-4.8860207,-5.5460205,-6.6860204,-7.2360206,-6.8760204,-7.3960204,-5.2660203,-0.6360205,0.07397949,-0.6360205,0.3139795,-1.6260206,9.00398,11.96398,0.6739795,1.4639795,0.7439795,-0.1260205,-0.3560205,-5.0460205,-0.51602054,2.0339794,2.7039795,1.3339795,1.4439795,1.0339795,0.083979495
2.7039795,0.2639795,-0.026020508,-0.5860205,-0.37602052,-1.0960205,-0.8560205,-0.4860205,-1.2060205,-2.0360205,-1.8360205,-2.0760205,-2.1860206,-2.5960205,-5.1760206,-6.0660205,-6.1260204,-6.8860207,-6.0760207,-5.8260207,-5.4660206,-1.9260205,-4.0960207,-3.5260205,-0.1560205,-2.9760206,-5.2360206,-4.9660206,-6.4660206,-6.2960205,-5.8960204,-5.3060207,-6.3160205,-6.7560205,-5.6460204,-4.2260203,-4.3060207,0.16397949,-1.9960206,-0.036020506,-0.5660205,-1.7460206,3.3139794,13.103979,-0.5460205,0.083979495,-2.9060204,-4.2960205,-4.1660204,-2.0660205,2.4439795,4.8639793,3.7639794,-0.8760205,1.3439795,0.4139795,-0.34602052
