data/wind/wind-json-20190329.json
{"header": { "discipline":0, "disciplineName":"Meteorological products", "gribEdition":2, "gribLength":74756, "center":7, "centerName":"US National Weather Service - NCEP(WMC)", "subcenter":0, "refTime":"2019-03-29T00:00:00.000Z", "significanceOfRT":1, "significanceOfRTName":"Start of forecast", "productStatus":0, "productStatusName":"Operational products", "productType":1, "productTypeName":"Forecast products", "productDefinitionTemplate":0, "productDefinitionTemplateName":"Analysis/forecast at horizontal level/layer at a point in time", "parameterCategory":2, "parameterCategoryName":"Momentum", "parameterNumber":2, "parameterNumberName":"U-component_of_wind", "parameterUnit":"m.s-1", "genProcessType":2, "genProcessTypeName":"Forecast", "forecastTime":0, "surface1Type":103, "surface1TypeName":"Specified height level above ground", "surface1Value":10.0, "surface2Type":255, "surface2TypeName":"Missing", "surface2Value":0.0, "gridDefinitionTemplate":0, "gridDefinitionTemplateName":"Latitude_Longitude", "numberPoints":65160, "shape":6, "shapeName":"Earth spherical with radius of 6,371,229.0 m", "gridUnits":"degrees", "resolution":48, "winds":"true", "scanMode":0, "nx":360, "ny":181, "basicAngle":0, "lo1":0.0, "la1":90.0, "lo2":359.0, "la2":-90.0, "dx":1.0, "dy":1.0 }, "data":
[rows 78 to 103 of 181, columns 118 to 176 of 360]
-4.206482,-2.956482,-1.646482,-7.1564817,-6.706482,-6.866482,-4.6764817,-2.0564818,-5.116482,-5.4264817,-5.636482,-6.366482,-6.026482,-6.586482,-7.166482,-6.706482,-6.846482,-7.736482,-8.456482,-7.506482,-7.456482,-6.996482,-7.046482,-7.226482,-7.206482,-7.536482,-6.786482,-6.096482,-5.706482,-6.316482,-7.356482,-7.896482,-7.6964817,-7.326482,-7.296482,-7.336482,-7.606482,-7.666482,-7.6564817,-7.396482,-7.356482,-7.376482,-7.536482,-8.406482,-9.016482,-8.186481,-7.1564817,-6.996482,-7.736482,-7.756482,-7.956482,-7.886482,-8.186481,-8.596482,-8.876482,-8.566482,-8.136482,-7.606482,-7.626482
-5.806482,-6.616482,-6.396482,-4.9464817,-1.8264819,-4.786482,-2.846482,-2.716482,-4.256482,-4.976482,-5.826482,-6.116482,-5.856482,-7.216482,-6.836482,-6.506482,-7.116482,-8.476482,-8.226482,-7.456482,-7.726482,-6.586482,-6.776482,-7.076482,-7.976482,-8.166482,-7.316482,-7.206482,-7.256482,-7.556482,-7.976482,-7.996482,-7.556482,-7.246482,-7.256482,-7.466482,-7.546482,-7.456482,-7.516482,-7.766482,-7.9464817,-8.1464815,-8.316482,-8.876482,-8.976482,-8.066482,-7.1564817,-6.206482,-6.566482,-7.346482,-7.6764817,-7.816482,-8.316482,-8.746482,-8.736482,-8.876482,-8.656482,-8.186481,-7.886482
-2.006482,-1.4864819,-5.456482,-6.616482,-6.276482,-2.5564818,-3.7764819,-5.416482,-3.096482,-4.516482,-5.456482,-5.756482,-5.916482,-7.356482,-6.336482,-6.366482,-7.466482,-8.436481,-7.966482,-7.456482,-7.366482,-6.726482,-6.486482,-7.336482,-6.936482,-7.716482,-7.326482,-7.356482,-7.1964817,-7.826482,-8.236482,-7.646482,-7.286482,-7.286482,-7.356482,-7.376482,-7.456482,-7.596482,-7.466482,-7.536482,-7.566482,-8.036482,-8.306482,-8.666482,-8.636482,-8.136482,-7.016482,-5.746482,-6.026482,-6.936482,-7.356482,-7.516482,-8.046482,-8.386482,-8.736482,-9.3964815,-9.166482,-8.356482,-8.066482
-2.196482,-3.356482,-2.2964818,-4.646482,-3.7664819,-5.716482,-6.6764817,-2.846482,-0.8364819,-3.5164819,-4.976482,-5.436482,-6.226482,-7.496482,-5.916482,-5.726482,-6.766482,-8.106482,-7.786482,-7.346482,-7.046482,-7.056482,-6.876482,-6.596482,-6.356482,-6.586482,-6.966482,-6.756482,-7.1764817,-7.846482,-8.256482,-7.6964817,-7.436482,-7.546482,-7.4264817,-7.356482,-7.436482,-7.636482,-7.436482,-7.1564817,-7.1564817,-7.386482,-7.976482,-8.636482,-8.596482,-7.586482,-6.796482,-5.876482,-5.886482,-7.056482,-6.936482,-7.146482,-7.9064817,-8.126482,-8.016482,-9.206482,-9.386482,-8.476482,-8.716482
-4.126482,-3.246482,-2.096482,-5.286482,-6.846482,-0.80648196,-0.5264819,-1.3464819,-0.31648195,-1.7664819,-4.096482,-5.306482,-6.396482,-7.566482,-6.146482,-5.616482,-5.876482,-7.386482,-6.996482,-6.856482,-6.686482,-6.646482,-6.936482,-7.096482,-6.776482,-6.736482,-6.726482,-6.746482,-7.816482,-8.416482,-7.996482,-7.566482,-7.366482,-7.506482,-7.366482,-7.626482,-7.686482,-7.616482,-7.456482,-7.026482,-6.806482,-7.146482,-7.736482,-8.306482,-8.336482,-7.586482,-6.6764817,-6.166482,-6.246482,-6.566482,-6.306482,-6.746482,-7.326482,-7.456482,-7.4064817,-9.056482,-9.186481,-9.066482,-9.236482
-0.026481934,-3.3264818,-4.336482,-3.5464818,-0.23648193,-1.896482,-1.1164819,0.54351807,0.92351806,-1.066482,-3.866482,-5.296482,-6.786482,-7.206482,-6.126482,-6.1564817,-6.1964817,-6.186482,-5.916482,-6.126482,-6.166482,-6.536482,-6.746482,-7.126482,-6.866482,-7.286482,-6.776482,-7.126482,-7.856482,-8.126482,-8.066482,-7.456482,-7.056482,-7.216482,-7.576482,-7.806482,-7.6564817,-7.526482,-7.646482,-7.526482,-6.646482,-6.976482,-7.6964817,-7.996482,-8.406482,-8.156482,-7.376482,-6.326482,-6.1964817,-5.986482,-5.486482,-6.116482,-6.296482,-6.476482,-6.876482,-8.546482,-9.106482,-8.796482,-8.926482
2.263518,1.0435181,1.0035181,0.7235181,0.94351804,1.0335181,0.34351808,-0.9664819,0.7035181,-1.666482,-4.116482,-4.746482,-7.306482,-6.566482,-5.586482,-5.576482,-5.396482,-5.186482,-4.876482,-5.286482,-5.666482,-5.746482,-6.546482,-7.096482,-6.826482,-7.186482,-7.456482,-7.6764817,-7.766482,-8.266482,-7.9464817,-7.306482,-6.636482,-6.606482,-7.396482,-7.486482,-7.1564817,-8.086482,-8.106482,-6.356482,-6.686482,-7.546482,-7.936482,-8.596482,-8.706482,-8.6464815,-7.396482,-6.956482,-6.366482,-5.806482,-4.316482,-5.276482,-5.296482,-5.036482,-5.966482,-7.566482,-8.516482,-9.116482,-9.3964815
1.0035181,1.4035181,2.1735182,2.803518,1.953518,2.103518,1.853518,0.75351804,-2.996482,-1.7464819,-2.986482,-4.866482,-6.376482,-5.816482,-5.186482,-5.216482,-4.826482,-4.1564817,-3.8064818,-4.096482,-5.1564817,-5.316482,-6.186482,-6.486482,-6.686482,-7.496482,-7.776482,-7.6964817,-7.766482,-7.896482,-7.816482,-7.276482,-6.436482,-6.336482,-7.146482,-6.956482,-6.636482,-7.586482,-6.886482,-5.1964817,-6.816482,-8.386482,-8.116482,-8.746482,-7.966482,-8.696482,-8.026482,-6.566482,-6.126482,-5.6764817,-3.106482,-3.886482,-4.486482,-3.996482,-4.616482,-5.706482,-7.896482,-8.866482,-8.696482
3.553518,1.583518,1.853518,1.823518,1.6235181,0.99351805,-0.9864819,-5.016482,-3.756482,-2.336482,-3.466482,-4.376482,-5.826482,-5.476482,-4.816482,-4.326482,-3.876482,-3.366482,-3.156482,-3.336482,-3.396482,-4.076482,-5.006482,-5.916482,-7.386482,-7.486482,-7.106482,-6.746482,-7.486482,-6.956482,-6.766482,-7.266482,-6.286482,-5.876482,-6.376482,-5.626482,-5.346482,-6.096482,-5.716482,-4.686482,-4.496482,-8.666482,-7.216482,-8.016482,-7.9464817,-8.456482,-8.016482,-6.766482,-5.866482,-4.546482,-2.7864819,-1.9864819,-2.986482,-3.456482,-3.846482,-4.636482,-5.526482,-6.716482,-6.216482
0.19351807,-0.8364819,0.88351804,1.5135181,0.9535181,-0.7164819,-2.106482,-3.256482,-1.676482,-0.25648195,-1.6064819,-2.346482,-0.30648193,-2.856482,-3.8064818,-2.926482,-3.3064818,-2.146482,-2.366482,-2.0664818,-0.6064819,-2.346482,-2.096482,-3.206482,-5.646482,-5.556482,-4.1564817,-4.496482,-4.936482,-5.246482,-5.306482,-5.256482,-5.776482,-5.026482,-4.836482,-3.996482,-4.136482,-4.246482,-4.326482,-3.956482,-3.2864819,-11.226482,-7.776482,-7.066482,-6.556482,-7.386482,-7.096482,-6.646482,-4.866482,-3.486482,-1.5064819,-0.48648193,-1.2064819,-2.636482,-4.086482,-3.436482,-3.2964818,-4.316482,-5.486482
2.563518,-0.5364819,-0.20648193,0.35351807,0.7035181,-0.87648195,-0.94648194,1.183518,1.0335181,1.4135181,1.333518,0.79351807,1.0335181,0.48351806,0.85351807,-0.7964819,1.7535181,-0.27648193,-0.8564819,-0.92648196,1.5435181,2.643518,1.333518,2.773518,0.5135181,-0.42648193,-0.35648194,-1.276482,-1.7464819,-2.436482,-3.456482,-3.686482,-3.936482,-3.736482,-3.586482,-3.2964818,-3.0564818,-2.966482,-2.0764818,-1.7664819,-0.9064819,-0.55648196,-6.816482,-7.006482,-4.636482,-4.846482,-5.716482,-5.236482,-3.3264818,-2.756482,0.16351807,0.19351807,0.63351804,-1.0964819,-2.746482,-2.696482,-2.506482,-2.396482,-3.706482
1.3835181,-0.42648193,-1.8264819,1.433518,0.44351807,0.9135181,0.27351806,1.6635181,3.4735181,2.563518,0.6435181,0.41351807,0.5835181,2.7035182,4.033518,5.3435183,6.863518,7.133518,5.783518,5.533518,5.8435183,6.973518,7.333518,6.5735183,5.753518,5.183518,4.773518,3.2335181,2.7335181,-0.29648194,-1.396482,-1.686482,-1.406482,-2.2864819,-1.8664819,-1.546482,-1.6064819,-1.526482,-0.81648195,-0.18648194,0.48351806,-0.08648194,-4.186482,-5.986482,-5.496482,-2.736482,-2.486482,-2.896482,-0.9064819,-1.816482,1.1435181,1.333518,1.093518,0.083518066,-1.436482,-0.44648194,-0.06648193,-0.096481934,-0.74648196
1.223518,-1.7564819,1.463518,3.033518,0.54351807,3.323518,0.69351804,-0.40648192,2.4235182,4.893518,3.643518,1.723518,2.1735182,2.323518,2.9635181,7.603518,8.403518,8.183518,7.973518,7.993518,8.473518,9.023518,8.863518,8.083518,7.973518,7.113518,6.163518,4.263518,3.273518,2.4535182,0.61351806,-0.45648193,-0.34648192,-0.08648194,0.48351806,0.41351807,0.083518066,-0.11648193,0.79351807,1.203518,2.113518,2.1935182,1.2835181,-1.176482,-4.246482,-0.35648194,-1.1064819,-1.3364819,0.18351807,2.143518,1.213518,2.2235181,1.8935181,0.33351806,1.203518,2.393518,1.8935181,1.0435181,0.20351806
-0.15648194,-1.2264819,0.44351807,-1.3264819,0.20351806,0.56351805,3.543518,2.9735181,1.3735181,2.063518,3.033518,4.243518,4.663518,0.9535181,0.45351806,1.5135181,-0.39648193,4.133518,2.2135181,7.933518,9.193518,9.223518,8.403518,8.543518,8.323518,7.733518,7.293518,6.003518,4.863518,3.9635181,3.053518,2.393518,2.013518,2.283518,2.7135181,2.6935182,1.7435181,1.6235181,2.053518,3.2135181,4.0935183,5.133518,4.733518,4.253518,1.1435181,2.9235182,-1.4764819,1.1435181,1.9135181,3.093518,3.4435182,4.853518,4.5935183,1.8735181,2.873518,2.553518,1.6435181,-0.06648193,-0.7164819
-0.29648194,-1.8864819,0.81351805,0.9535181,3.543518,2.353518,0.49351805,0.42351806,1.823518,3.653518,4.773518,3.043518,3.1835182,2.813518,0.49351805,1.203518,2.6735182,7.783518,7.233518,5.713518,2.7335181,4.8035183,8.553518,8.623518,7.773518,7.933518,6.263518,6.083518,5.833518,2.413518,3.663518,3.013518,3.373518,3.613518,4.183518,3.853518,3.373518,2.893518,2.993518,4.433518,5.113518,5.973518,6.223518,6.5935183,6.813518,7.033518,4.353518,2.4435182,4.733518,5.223518,5.273518,5.8235183,6.503518,5.023518,3.503518,2.393518,0.5135181,-1.146482,-1.8864819
0.44351807,0.19351807,0.34351808,1.4135181,0.92351806,0.17351806,1.2435181,2.043518,2.893518,3.883518,4.213518,1.8835181,3.563518,5.3435183,3.273518,0.023518067,1.563518,0.5835181,0.7035181,1.9135181,1.183518,1.7735181,0.86351806,1.723518,2.9235182,6.0735183,7.363518,6.103518,4.8235183,3.9435182,3.403518,2.843518,3.2035182,3.4235182,4.713518,4.973518,5.313518,4.453518,4.653518,6.3035183,6.483518,7.203518,6.933518,6.963518,7.763518,7.283518,7.063518,4.653518,4.673518,7.423518,7.513518,6.663518,6.253518,5.8435183,5.113518,2.283518,0.06351807,-1.1264819,-1.5864819
1.333518,1.803518,2.313518,3.523518,0.9535181,2.593518,3.573518,3.093518,3.2135181,4.203518,3.913518,5.313518,5.523518,3.773518,2.4535182,2.303518,4.353518,0.57351804,-0.16648193,1.063518,1.0035181,-0.9864819,-0.51648194,-0.37648192,0.79351807,1.213518,0.7735181,2.653518,3.893518,4.123518,3.263518,2.613518,1.553518,2.313518,3.753518,2.1835182,5.953518,6.633518,6.733518,7.403518,7.453518,7.353518,7.443518,7.643518,7.333518,7.403518,6.903518,5.793518,5.283518,5.633518,6.973518,7.133518,6.733518,7.213518,6.633518,4.983518,1.693518,0.9635181,-0.6064819
2.143518,0.92351806,1.303518,1.563518,2.9835181,2.743518,4.713518,5.183518,4.653518,5.953518,5.653518,6.793518,7.333518,6.333518,6.733518,6.123518,6.443518,6.883518,8.863518,3.843518,0.88351804,0.17351806,0.73351806,0.083518066,-0.32648194,0.61351806,-0.24648194,-0.17648193,1.553518,3.883518,3.9435182,3.553518,-0.26648194,1.343518,1.703518,5.0735183,3.153518,4.563518,5.373518,6.163518,6.233518,6.433518,6.933518,6.993518,6.183518,5.993518,5.723518,4.313518,4.723518,5.363518,5.983518,5.223518,6.483518,7.883518,7.283518,6.273518,2.513518,1.6235181,0.60351807
3.033518,4.193518,4.813518,5.3235183,5.423518,5.213518,4.873518,5.173518,5.723518,6.0735183,5.453518,5.883518,6.223518,6.203518,6.923518,7.223518,7.483518,6.583518,8.373518,7.753518,5.963518,0.47351807,0.43351805,0.0035180664,0.22351807,1.093518,0.16351807,0.18351807,-1.026482,-0.25648195,2.103518,0.7135181,0.39351806,1.703518,1.2335181,3.493518,3.533518,1.193518,-1.046482,1.573518,2.6735182,3.793518,5.033518,4.833518,3.143518,3.523518,3.353518,3.583518,3.9235182,5.403518,4.673518,5.083518,6.463518,7.893518,7.223518,5.253518,2.293518,1.333518,0.30351806
4.0735183,4.413518,4.173518,5.5935183,5.933518,5.123518,3.9635181,4.393518,4.193518,3.4435182,3.403518,5.133518,5.703518,5.293518,5.863518,5.433518,6.203518,6.793518,7.203518,6.373518,4.893518,1.593518,1.083518,0.93351805,0.6535181,1.1535181,0.7835181,-0.61648196,0.67351806,-0.5964819,0.42351806,2.363518,2.413518,1.8635181,4.423518,0.38351807,-0.5964819,0.07351807,1.933518,0.033518065,1.2735181,1.553518,3.753518,2.993518,3.1835182,4.043518,3.583518,4.383518,4.393518,4.563518,4.493518,5.103518,6.413518,5.513518,5.753518,4.013518,2.363518,1.6735181,1.2435181
1.343518,-0.10648193,3.373518,1.9935181,0.7035181,0.38351807,2.793518,1.563518,1.9135181,2.853518,3.7035182,4.833518,4.0735183,3.9435182,5.413518,6.143518,6.013518,5.753518,5.723518,5.3035183,1.6535181,1.3635181,1.073518,1.3635181,1.4035181,1.703518,0.79351807,-1.8664819,-1.2464819,0.9735181,-2.5364819,1.463518,0.7035181,-0.55648196,-0.26648194,-2.886482,-3.0264819,-2.386482,-2.146482,-0.27648193,0.083518066,1.0235181,1.1235181,3.6935182,3.6935182,4.993518,4.103518,3.9735181,3.643518,4.133518,3.6835182,3.6935182,5.743518,2.813518,5.653518,3.863518,3.913518,2.873518,2.573518
3.9635181,4.923518,1.2535181,3.103518,4.393518,5.223518,4.183518,0.62351805,1.573518,6.0735183,4.833518,4.273518,4.503518,3.6835182,4.753518,4.943518,5.403518,5.563518,5.273518,4.783518,4.203518,3.593518,2.893518,1.583518,1.7835181,2.353518,4.983518,1.1135181,-1.4664819,1.0035181,-0.28648195,-1.176482,-2.2964818,-1.4764819,-2.596482,-2.8164818,-3.426482,-2.876482,-2.476482,-1.7364819,-1.1364819,-0.9764819,0.7035181,0.73351806,4.203518,4.233518,4.423518,4.013518,2.393518,1.803518,2.063518,2.843518,3.9435182,4.153518,4.363518,3.813518,3.613518,3.413518,3.653518
3.333518,2.4735181,0.9035181,2.243518,4.883518,3.913518,1.6535181,4.763518,6.713518,5.143518,4.453518,4.043518,4.403518,4.273518,4.213518,4.363518,4.133518,3.803518,2.503518,2.843518,2.833518,3.093518,2.573518,2.853518,3.2135181,4.063518,3.063518,-0.43648192,0.18351807,1.223518,3.123518,1.573518,-1.1164819,-0.49648193,-1.5064819,-2.486482,-3.386482,-3.116482,-2.596482,-2.0664818,-1.696482,-1.186482,-0.046481933,2.863518,2.283518,1.4035181,2.9435182,1.9935181,0.93351805,-0.39648193,1.063518,2.153518,3.063518,3.403518,3.4235182,3.333518,3.533518,3.2135181,2.4635181
1.1635181,1.693518,2.613518,3.623518,4.513518,4.333518,4.663518,5.423518,5.903518,5.143518,4.613518,4.563518,4.913518,2.913518,2.9735181,3.133518,2.993518,2.6735182,1.7835181,1.2335181,1.7535181,2.093518,3.143518,2.813518,3.273518,2.773518,3.493518,3.003518,2.633518,3.2335181,4.5935183,5.183518,5.463518,4.3035183,-0.92648196,-3.146482,-3.336482,-3.3264818,-2.976482,-2.476482,-2.206482,-1.7664819,-1.056482,-0.7364819,-0.56648195,-3.096482,-5.106482,-2.946482,-0.74648196,-2.226482,-0.13648194,1.353518,1.563518,1.183518,1.7635181,2.9235182,3.313518,3.013518,2.383518
1.433518,2.013518,2.653518,3.7335181,4.123518,4.0735183,4.253518,4.713518,5.453518,5.393518,4.273518,4.253518,3.7135181,2.2235181,0.63351804,1.473518,0.5235181,1.5035181,1.5335181,1.343518,1.703518,2.013518,2.123518,1.9835181,1.443518,0.9735181,2.373518,3.363518,3.873518,3.823518,4.463518,5.163518,6.133518,-0.87648195,-2.5264819,-3.436482,-3.5364819,-3.5264819,-3.236482,-3.0564818,-3.186482,-2.866482,-2.256482,-2.0364819,-4.466482,-6.076482,-6.976482,-6.376482,-4.846482,-4.036482,-2.2664819,-1.536482,-2.206482,-1.5064819,0.15351807,0.68351805,1.853518,3.523518,1.5035181
2.243518,2.9535182,3.093518,3.803518,3.783518,4.193518,4.113518,4.583518,5.033518,5.243518,4.233518,3.993518,3.553518,1.083518,0.61351806,1.193518,1.6335181,0.93351805,1.1335181,1.943518,1.0435181,1.0435181,0.30351806,0.8335181,0.17351806,1.183518,1.8835181,3.383518,4.243518,4.193518,3.523518,4.133518,-3.5764818,-4.556482,-3.476482,-3.506482,-3.746482,-4.016482,-3.416482,-3.846482,-3.676482,-4.166482,-3.156482,-4.356482,-5.386482,-7.4264817,-7.126482,-6.526482,-7.246482,-5.596482,-5.306482,-4.636482,-3.906482,-3.256482,-2.466482,-1.416482,-0.35648194,1.0035181,0.92351806
