data/wind/wind-json-20190405.json
{"header": { "discipline":0, "disciplineName":"Meteorological products", "gribEdition":2, "gribLength":74549, "center":7, "centerName":"US National Weather Service - NCEP(WMC)", "subcenter":0, "refTime":"2019-04-05T00:00:00.000Z", "significanceOfRT":1, "significanceOfRTName":"Start of forecast", "productStatus":0, "productStatusName":"Operational products", "productType":1, "productTypeName":"Forecast products", "productDefinitionTemplate":0, "productDefinitionTemplateName":"Analysis/forecast at horizontal level/layer at a point in time", "parameterCategory":2, "parameterCategoryName":"Momentum", "parameterNumber":3, "parameterNumberName":"V-component_of_wind", "parameterUnit":"m.s-1", "genProcessType":2, "genProcessTypeName":"Forecast", "forecastTime":0, "surface1Type":103, "surface1TypeName":"Specified height level above ground", "surface1Value":10.0, "surface2Type":255, "surface2TypeName":"Missing", "surface2Value":0.0, "gridDefinitionTemplate":0, "gridDefinitionTemplateName":"Latitude_Longitude", "numberPoints":65160, "shape":6, "shapeName":"Earth spherical with radius of 6,371,229.0 m", "gridUnits":"degrees", "resolution":48, "winds":"true", "scanMode":0, "nx":360, "ny":181, "basicAngle":0, "lo1":0.0, "la1":90.0, "lo2":359.0, "la2":-90.0, "dx":1.0, "dy":1.0 }, "data":
[rows 52 to 77 of 181, columns 228 to 284 of 360]
6.410701,5.1107006,3.9107008,4.0507007,4.3807006,2.9407008,6.9507008,6.3807006,8.590701,5.180701,1.6507007,1.1707007,1.5807006,3.3307006,4.6307006,9.280701,6.580701,7.7107005,7.3807006,3.9407008,4.4707007,5.6907005,4.0707006,4.370701,0.92070067,1.0207007,2.6007006,-0.33929932,0.22070068,3.4507008,5.790701,3.8907006,1.1607007,-0.8492993,-1.1192993,-0.119299315,-0.029299317,-1.0692993,-2.0192993,-0.33929932,0.6507007,0.6307007,2.4607008,3.9107008,1.9107007,0.7807007,1.3007007,1.5907006,1.1307007,-2.2092993,-1.5592993,1.0307007,0.8507007,0.67070067,0.3407007,1.4307007,4.350701
5.6507006,3.9307008,3.1907008,4.2207007,3.4607008,2.9807007,5.1107006,4.080701,8.280701,7.6907005,3.7307007,2.0407007,-0.12929931,2.1907008,4.0207005,6.5207005,6.040701,6.680701,4.7007008,4.0107007,-0.9192993,3.3207006,3.7107008,0.090700686,1.5407007,-0.36929932,4.0107007,1.5607007,9.630701,8.870701,5.8007007,3.7007008,0.3007007,-0.22929932,0.17070068,0.7107007,-0.56929934,-2.0792992,-2.6492994,-3.5392992,1.1107007,1.3607007,2.1007006,2.4107008,1.9707007,3.3907006,2.2807007,1.1407007,0.14070068,1.1707007,2.0507007,2.0707006,0.6607007,0.3007007,0.28070068,0.3007007,1.1907007
4.5707006,2.8607006,3.1707008,3.7407007,1.0707006,2.8607006,3.3607006,2.8307006,6.2507005,6.330701,5.830701,2.8007007,2.6707008,-2.0092993,2.9507008,4.4507008,4.2207007,6.4407005,5.5707006,5.180701,3.4407008,3.0207007,5.0107007,4.8007007,0.19070068,1.8707007,3.5907006,4.7207007,7.9207006,5.9707007,4.4807005,3.0907006,0.74070066,-0.029299317,-0.39929932,-1.0592993,-2.0892992,-2.4192994,-1.8392993,0.030700684,1.0307007,1.2507007,1.2307007,1.7307007,2.0807006,3.2907007,1.9707007,2.5607007,1.5507007,1.9707007,1.2707007,1.0807006,2.3207006,1.1207007,0.9607007,0.56070065,0.41070068
3.4607008,3.1807008,3.5607007,1.5307007,-1.5092993,2.4807007,3.2707007,1.8407006,5.4007006,6.2807007,5.0707006,3.2607007,1.6107007,-3.0092993,4.0107007,0.12070069,-1.2792993,5.660701,5.6107006,6.8807006,5.0307007,5.7707005,7.6707006,-0.23929931,2.2707007,4.2507005,1.5007007,2.1207006,6.5007005,4.100701,2.9407008,2.1107006,0.9107007,-0.45929933,-1.4092994,-1.2692993,-0.7992993,-1.0192993,-0.5892993,-0.20929931,1.0207007,1.6507007,3.1007006,5.0007005,3.1807008,1.2507007,1.2407007,2.1107006,1.8507007,0.9807007,1.6807007,1.6507007,1.9407007,3.6007006,3.0807006,1.3207006,0.56070065
4.0207005,3.2807007,1.6107007,-1.1092993,-3.0092993,1.6607007,1.9007007,1.9607006,4.7107005,4.910701,5.6107006,3.5007007,-0.26929933,0.7107007,3.3507006,0.9707007,4.7107005,5.3607006,3.9907007,3.0707006,1.5907006,3.3807006,6.2407007,7.6907005,5.1107006,6.600701,5.680701,1.0907006,3.7207007,2.5507007,1.2907007,1.0307007,-0.6592993,-1.3092993,-1.0292993,-0.82929933,-0.9792993,-1.1192993,-0.87929934,-0.7892993,1.1907007,1.7407007,3.2107008,2.4607008,1.3007007,0.45070067,0.6007007,0.5907007,1.0107007,0.7807007,0.9607007,1.7007006,1.5907006,1.4607006,0.8407007,1.7207007,1.6907007
3.4707007,1.4907007,-0.3892993,-2.7292993,-3.0692992,-0.15929931,-0.06929932,2.0907006,3.7207007,4.5207005,4.7707005,3.7807007,1.7607007,-0.09929932,0.020700684,0.6607007,2.1707008,0.5007007,5.180701,6.1107006,2.0207007,1.6207007,0.92070067,3.1407006,2.3507006,6.310701,1.9107007,4.620701,2.6507006,1.8407006,1.5807006,-0.43929932,-2.0092993,-2.1492994,-2.7192993,-2.5792992,-3.0492992,-2.4192994,-2.2192993,-0.5492993,1.3307006,1.1107007,2.5607007,1.0707006,0.86070067,1.4307007,1.3407006,0.8307007,0.9807007,0.68070066,2.0307007,1.2407007,0.07070068,0.6407007,2.2007008,2.1107006,1.4207007
1.3107007,-0.3492993,-1.8792993,-3.3692994,-2.7792993,-2.5792992,-4.439299,-2.2892992,1.3707007,3.6007006,3.0107007,1.7507007,2.5407007,2.4207008,1.0307007,-0.019299317,1.8707007,2.9407008,7.120701,9.460701,7.330701,6.2607007,4.5307007,3.4807007,1.2907007,1.5607007,1.1407007,0.99070066,2.9507008,1.5207007,0.32070068,-0.7792993,-2.8292992,-3.4592993,-3.1992993,-2.9992993,-3.1092994,-3.3292992,-2.4692993,0.11070068,3.9607008,1.4707007,2.8507006,2.1607008,2.1707008,2.2007008,2.5107007,-0.06929932,0.55070066,2.2807007,1.4007007,-1.1492993,-0.119299315,2.2407007,2.3607006,1.7407007,0.81070065
-1.0692993,-2.1792994,-2.9092994,-2.9292994,-3.2792993,-4.569299,-6.6992993,-3.4792993,3.4007006,5.8207006,5.0707006,3.8707006,1.7507007,0.2707007,0.060700685,-0.7892993,0.7107007,-0.12929931,7.5307007,6.6507006,5.890701,7.790701,5.9707007,5.3207006,1.4407007,-1.2692993,0.5307007,0.41070068,0.24070068,-0.23929931,0.24070068,-1.8292993,-3.0392992,-2.9692993,-3.3992994,-3.0092993,-0.26929933,0.16070068,0.18070069,2.6607008,4.0707006,1.7207007,1.5707006,2.8307006,2.3807006,3.9007006,-0.6092993,-0.21929932,1.5007007,0.92070067,-0.079299316,0.8507007,1.7707007,2.0107007,1.8207006,0.99070066,0.08070068
-3.0792992,-3.1592994,-2.5492992,-2.6792994,-3.9292994,-5.0792994,-5.4792995,-2.0892992,2.1407006,3.6507006,6.3207006,5.310701,2.4407008,1.3807007,0.3307007,-1.4692993,-1.7192993,1.1807007,4.3207006,4.4707007,7.2207007,7.350701,5.8207006,3.8007007,3.7207007,-2.0892992,2.8207006,1.2407007,1.8107007,1.8107007,-0.4792993,-1.5592993,-2.5092993,-2.8092992,0.44070068,5.3207006,1.0107007,1.9807007,3.0207007,4.4907007,4.5007005,3.0907006,4.0707006,3.9907007,-0.46929932,-2.5592992,-1.7992994,0.8307007,1.2407007,0.010700684,0.15070069,1.1107007,2.6407006,2.3207006,1.6507007,1.0507007,-0.3592993
-4.2992992,-4.1392994,-2.4892993,-3.4792993,-4.2992992,-4.5792994,-3.6892993,-0.9792993,1.8307006,2.5807006,5.120701,4.0307007,3.1707008,2.4307008,0.23070069,-1.3992993,-1.7592993,0.7307007,2.9507008,-1.4192994,4.0907006,4.1107006,4.9407005,2.5207007,0.38070068,-0.5292993,3.9007006,1.7907007,0.7107007,1.2407007,0.100700684,-4.919299,-2.0592992,2.0807006,3.0007007,-0.36929932,2.3107007,4.0907006,4.600701,5.370701,2.5907006,0.6307007,1.7607007,-2.2592993,-9.0693,7.140701,6.2207007,1.5407007,1.0107007,-0.22929932,-1.1892993,-0.17929931,1.0607007,2.0207007,1.3007007,0.17070068,0.16070068
-4.9992995,-4.569299,-3.2092993,-3.5592992,-3.7092993,-3.2792993,-1.7192993,0.41070068,2.5907006,3.7707007,5.580701,5.2507005,4.1907005,2.3507006,-0.49929932,-1.7592993,-2.1792994,-1.8292993,-5.709299,1.7807007,1.7707007,2.6907008,4.3007007,2.2307007,2.3607006,4.2807007,2.7607007,2.1407006,1.8907007,1.7707007,-1.4392993,-1.3092993,-3.2992992,-2.4792993,-0.93929935,3.2407007,1.1807007,2.8907006,5.910701,5.560701,6.2007008,4.5507007,3.3607006,2.5307007,5.7307005,7.3007007,7.9607005,5.5907006,2.2407007,1.6907007,0.6407007,-0.23929931,0.6007007,1.4007007,1.3707007,0.38070068,0.14070068
-4.8692994,-4.129299,-3.3392992,-2.9592993,-2.6292994,-2.0092993,-0.62929934,1.1007007,2.7707007,3.8207006,3.8307006,3.2807007,2.4707007,0.92070067,-1.0692993,-2.0692992,-3.5892992,-5.6392994,-2.3492994,-1.3692993,-1.2792993,1.9307007,2.0507007,1.2807007,1.9707007,4.4607005,-1.3392993,1.9107007,3.4107008,-1.3792993,0.22070068,-1.0292993,-3.2292993,-3.1592994,-1.4492993,2.1707008,1.4007007,2.3907006,4.7107005,5.5507007,5.180701,3.9607008,3.9107008,4.5707006,6.180701,7.7107005,7.5507007,4.9707007,3.2507007,4.2407007,1.2707007,-0.4192993,-0.62929934,0.07070068,0.7907007,0.24070068,-0.5592993
-4.9092994,-4.129299,-3.4392993,-2.5492992,-1.5792993,-0.81929934,0.100700684,1.0807006,1.9507006,2.1107006,1.8207006,1.4307007,0.99070066,-0.3892993,-2.1692994,-3.6292994,-5.1592994,-6.0592995,-5.8092995,-3.8292992,-1.8292993,3.2507007,1.9007007,1.2107006,2.7407007,1.7007006,3.1007006,3.7207007,-1.1992993,1.3207006,2.5307007,-2.6392994,-2.4392993,-3.9592993,-2.4492993,2.7207007,1.5007007,2.8607006,5.0307007,4.7807007,4.180701,3.9307008,3.8807006,4.1507006,4.4407005,5.0307007,5.2607007,4.5707006,3.5507007,2.9007006,0.010700684,-0.3792993,-0.29929933,-0.3792993,0.5907007,0.48070067,-0.4792993
-4.9492993,-4.2892995,-2.5692992,-1.5392994,-0.5892993,0.07070068,0.040700685,0.060700685,0.29070067,-0.06929932,-0.059299316,-0.059299316,-0.46929932,-1.4092994,-2.8392992,-4.169299,-5.4092994,-6.0992994,-6.419299,-5.7692995,-4.7192993,-1.2392993,0.5807007,1.9307007,1.9107007,1.4107007,2.6807008,3.1107006,-2.0292993,-0.45929933,-0.42929932,-0.17929931,-0.9592993,-2.4292994,-0.32929933,3.1707008,2.8607006,3.6607008,4.7307005,3.8507006,2.9907007,3.4107008,4.0107007,4.180701,3.9807007,4.7007008,4.6907005,3.3907006,2.4507008,1.6607007,2.0707006,-0.6192993,-1.4092994,-0.3192993,0.42070067,0.48070067,-0.69929934
-4.209299,-2.9292994,-2.0992994,-1.6192993,-1.2192993,-1.1492993,-1.2592993,-1.3692993,-1.7292993,-1.8392993,-1.5292993,-1.3592993,-1.3492993,-1.7092993,-2.7392993,-4.0092993,-5.1192994,-6.089299,-6.419299,-6.149299,-5.6992993,-2.0192993,-0.12929931,2.8507006,1.9307007,1.0907006,1.1007007,4.2207007,4.3807006,1.6507007,-0.8092993,1.5407007,0.090700686,-3.0492992,3.6507006,2.5107007,2.3207006,3.6107006,4.3607006,3.3107007,3.0407007,2.4107008,2.1007006,3.2907007,4.910701,4.7707005,3.2807007,0.67070067,0.07070068,0.3707007,7.0068357E-4,0.15070069,0.090700686,0.19070068,-0.5492993,-0.75929934,-1.6592994
-2.7792993,-2.7092993,-2.8692994,-2.5692992,-2.4392993,-2.5692992,-2.6492994,-2.8292992,-2.9292994,-2.6292994,-2.2492993,-2.2592993,-2.3392992,-2.5392992,-3.1992993,-3.9192994,-4.7892995,-5.319299,-5.319299,-5.0792994,-4.709299,-3.6892993,-2.0792992,1.9507006,2.4407008,0.28070068,0.07070068,1.0507007,2.8307006,4.390701,1.0207007,0.9807007,1.1807007,-2.8992994,0.5207007,1.0007007,2.1207006,4.0907006,4.910701,3.9707007,1.6007007,0.5707007,1.1907007,2.4207008,3.8707006,4.8807006,3.7907007,-0.7092993,-3.7092993,-1.9692993,-2.2992992,-1.5392994,-0.81929934,-1.1192993,-0.8092993,-1.0892993,-1.6192993
-2.9992993,-3.0892992,-3.1992993,-3.3792994,-3.6992993,-3.9192994,-3.8992994,-3.5992994,-3.2092993,-2.8492994,-2.8092992,-2.9992993,-3.1892993,-3.1692994,-3.3292992,-3.5792992,-3.8392992,-4.0092993,-4.1792994,-4.1192994,-4.189299,-3.9292994,-3.0392992,-0.6192993,0.8207007,-0.2592993,-2.1992993,0.13070068,0.8807007,1.2107006,2.3007007,0.74070066,-1.2392993,0.47070068,1.9307007,0.81070065,4.2407007,4.9707007,4.390701,2.8007007,0.100700684,-2.5192993,-2.2892992,-1.7092993,2.2407007,4.4507008,4.0907006,3.9907007,1.4707007,0.55070066,0.9107007,0.9007007,-1.9092994,-2.2292993,-0.5392993,-1.3192993,-2.0392992
-3.3592994,-3.7292993,-4.189299,-4.459299,-4.4692993,-4.2292995,-3.8792994,-3.5292993,-3.2992992,-3.1292994,-3.3392992,-3.5592992,-3.5492992,-3.4292994,-3.2292993,-3.0892992,-3.0392992,-3.3492994,-3.5492992,-3.6792994,-3.5592992,-3.1492994,-2.6492994,-1.6892993,-0.8092993,-1.0792993,-1.2692993,0.13070068,-1.4792993,0.3907007,-0.9592993,-0.39929932,-4.899299,-1.2192993,1.2307007,3.4307008,3.3007007,2.8107007,1.9107007,0.86070067,-1.9192994,-5.819299,-2.0392992,1.8007007,2.1007006,1.0307007,2.4207008,1.6307007,1.0107007,1.1307007,2.4307008,2.0307007,2.5907006,-0.6492993,-3.0192993,-2.1592994,-1.2292993
-4.649299,-4.7392993,-4.669299,-4.4992995,-4.3092995,-4.0392995,-3.8592994,-3.6492994,-3.4792993,-3.4392993,-3.5592992,-3.6392994,-3.5492992,-3.3592994,-2.9792993,-2.7692993,-2.8092992,-2.9992993,-3.2892992,-3.4492993,-3.1392994,-2.7592993,-2.5492992,-2.1792994,-1.7092993,-2.0192993,-3.0492992,1.4207007,5.0007005,3.4507008,0.31070068,2.6207006,-0.32929933,-4.859299,-0.32929933,-0.20929931,0.80070066,1.2007006,0.86070067,0.3007007,-1.1292993,-6.7692995,0.5807007,0.8507007,0.62070066,1.6807007,0.9707007,0.4007007,-0.32929933,-0.7992993,-0.22929932,-0.32929933,0.5907007,3.4907007,4.4707007,0.7007007,0.14070068
-4.4992995,-4.459299,-4.339299,-4.2392993,-4.129299,-4.0592995,-3.9292994,-3.7692993,-3.5192993,-3.4892993,-3.6692994,-3.6592994,-3.4692993,-3.1892993,-2.8592994,-2.6892993,-2.7992992,-3.1392994,-3.3292992,-3.3192992,-3.1392994,-3.2392993,-3.4092994,-3.0592992,-2.5492992,-2.6892993,-2.5992994,-2.4892993,1.1207007,-0.12929931,1.3607007,1.7907007,-0.6592993,1.9707007,1.5707006,0.16070068,-1.9792993,0.32070068,-0.8692993,-0.9692993,-1.7492993,-1.8292993,0.6507007,1.1507007,0.5107007,0.87070066,0.86070067,-0.09929932,-1.1992993,-1.3992993,-1.3992993,-0.8992993,-0.29929933,0.11070068,1.6407007,1.9807007,0.25070068
-4.319299,-4.2292995,-4.0792994,-4.0492992,-3.9992993,-3.8492994,-3.5192993,-3.3192992,-3.3892994,-3.6492994,-3.7692993,-3.6592994,-3.4292994,-3.1092994,-2.8292992,-2.9492993,-2.9992993,-3.4792993,-3.4592993,-3.5392992,-3.6592994,-4.149299,-4.129299,-3.7892992,-3.1592994,-3.1192994,-3.2092993,-2.8292992,-1.9292994,-0.6092993,1.5307007,1.3707007,0.4607007,3.4007006,2.8707006,-0.7692993,0.020700684,0.11070068,-1.0592993,0.68070066,-0.17929931,0.45070067,0.3407007,0.47070068,0.32070068,0.29070067,0.29070067,-0.17929931,-0.8092993,-1.2692993,-1.3592993,-1.2692993,-2.0992994,0.040700685,1.3407006,0.030700684,0.9607007
-4.339299,-3.9192994,-3.6792994,-3.6392994,-3.5492992,-3.4892993,-3.5092993,-3.6592994,-3.6692994,-3.6792994,-3.9692993,-3.8992994,-3.8492994,-3.6092994,-3.2292993,-2.7992992,-2.5292993,-2.4692993,-3.4392993,-4.0292993,-4.609299,-4.6192994,-4.4292994,-4.0292993,-3.4892993,-3.2492993,-3.6692994,-3.7392993,-3.2592993,-1.8392993,-0.6792993,-2.0392992,0.41070068,1.4207007,2.8407006,0.7307007,-0.9692993,1.7307007,-0.93929935,-1.3592993,0.13070068,0.93070066,-0.46929932,-0.13929932,-1.0392994,-0.4792993,-0.23929931,-0.8592993,-0.7092993,-1.2092993,-0.9792993,-1.6692994,-1.7092993,-0.7492993,-0.019299317,-1.0892993,-0.9792993
-3.9092994,-3.6992993,-3.6992993,-3.7392993,-3.7792993,-3.9492993,-4.109299,-4.109299,-4.1392994,-4.2492995,-4.319299,-4.459299,-4.2692995,-3.5592992,-3.0792992,-3.1392994,-2.8792994,-3.3792994,-3.8692994,-4.109299,-4.129299,-3.9992993,-3.9092994,-3.7692993,-3.2792993,-3.5992994,-4.089299,-4.2692995,-4.0292993,-3.1192994,-2.2392993,-1.4892993,-0.8492993,-0.3192993,0.3607007,1.7907007,2.4807007,6.180701,2.0407007,1.4807007,-1.4092994,1.1707007,1.0507007,-0.5292993,-2.4292994,-2.0392992,-1.0092993,-0.69929934,-0.9892993,-1.4692993,-1.7692993,-1.6192993,-2.1992993,-1.6592994,-2.0192993,-2.4192994,-2.3192992
-4.2292995,-4.2492995,-4.2492995,-4.2792993,-4.3092995,-4.4092994,-4.5192995,-4.3892994,-4.439299,-4.7892995,-4.939299,-4.7992992,-4.3292994,-3.5892992,-4.7592993,-4.459299,-3.5092993,-3.8392992,-3.6492994,-3.6192994,-3.4392993,-3.2292993,-3.1092994,-3.0892992,-3.1192994,-3.7492993,-3.9692993,-3.9792993,-3.8392992,-3.3792994,-2.8292992,-2.2692993,-1.5692993,-0.9092993,-0.10929932,1.1507007,1.7307007,2.8007007,1.9607006,-0.4092993,0.7207007,-1.6692994,-1.2092993,-1.5992993,-1.6692994,-1.2892994,-0.3792993,-0.16929932,-1.0192993,-2.0292993,-2.4892993,-2.5392992,-2.3792994,-2.4492993,-2.7792993,-3.2292993,-3.2392993
-4.859299,-4.609299,-4.5292993,-4.3892994,-4.4092994,-4.3692994,-4.3492994,-4.4492993,-4.8092995,-5.1392994,-5.3892994,-5.0592995,-4.1192994,-4.4792995,-4.3492994,-3.3492994,-3.8392992,-3.5692992,-3.4892993,-3.7092993,-3.4492993,-2.7392993,-2.5892992,-2.7792993,-2.9392993,-3.0892992,-3.2592993,-2.9492993,-2.8792994,-2.8292992,-2.7192993,-2.5392992,-2.2392993,-1.9992993,-1.4092994,-0.7692993,-0.14929932,-0.27929932,-0.27929932,-0.059299316,0.8407007,1.4607006,1.8007007,1.3907007,-0.43929932,-0.15929931,0.060700685,-0.42929932,0.12070069,-2.0692992,-2.4992993,-2.4392993,-2.8292992,-3.3192992,-3.6792994,-3.6092994,-3.3092992
-5.0992994,-4.9892993,-4.7392993,-4.7592993,-4.939299,-5.0592995,-5.2792993,-5.4092994,-5.339299,-5.4092994,-4.839299,-4.7992992,-5.1392994,-4.919299,-3.7392993,-3.6092994,-3.6192994,-3.4492993,-3.5992994,-3.7892992,-3.8692994,-3.1392994,-2.9292994,-3.0292993,-2.8192992,-2.5992994,-2.5792992,-2.9392993,-2.2892992,-2.0892992,-2.5292993,-2.2592993,-1.8092993,-1.8192993,-1.7492993,-1.6792994,-1.2692993,-1.5592993,-1.4592993,-0.5592993,0.6307007,2.2507007,2.0807006,-0.06929932,2.6707008,1.2207007,-1.1192993,-1.9992993,-0.46929932,-2.5292993,-2.8492994,-3.0292993,-4.2892995,-4.1992993,-4.129299,-4.2492995,-4.2392993
