data/wind/wind-json-20190328.json
{"header": { "discipline":0, "disciplineName":"Meteorological products", "gribEdition":2, "gribLength":75408, "center":7, "centerName":"US National Weather Service - NCEP(WMC)", "subcenter":0, "refTime":"2019-03-28T00:00:00.000Z", "significanceOfRT":1, "significanceOfRTName":"Start of forecast", "productStatus":0, "productStatusName":"Operational products", "productType":1, "productTypeName":"Forecast products", "productDefinitionTemplate":0, "productDefinitionTemplateName":"Analysis/forecast at horizontal level/layer at a point in time", "parameterCategory":2, "parameterCategoryName":"Momentum", "parameterNumber":3, "parameterNumberName":"V-component_of_wind", "parameterUnit":"m.s-1", "genProcessType":2, "genProcessTypeName":"Forecast", "forecastTime":0, "surface1Type":103, "surface1TypeName":"Specified height level above ground", "surface1Value":10.0, "surface2Type":255, "surface2TypeName":"Missing", "surface2Value":0.0, "gridDefinitionTemplate":0, "gridDefinitionTemplateName":"Latitude_Longitude", "numberPoints":65160, "shape":6, "shapeName":"Earth spherical with radius of 6,371,229.0 m", "gridUnits":"degrees", "resolution":48, "winds":"true", "scanMode":0, "nx":360, "ny":181, "basicAngle":0, "lo1":0.0, "la1":90.0, "lo2":359.0, "la2":-90.0, "dx":1.0, "dy":1.0 }, "data":
[rows 100 to 124 of 181, columns 0 to 56 of 360]
6.4137573,7.263757,7.653757,7.803757,7.6037574,7.5237575,7.4437575,7.2537575,5.9837575,5.9337573,6.573757,7.383757,7.4237576,7.073757,1.7337574,1.3337573,1.4337573,1.8137573,0.89375734,0.9437573,0.8037573,1.0637573,1.2937573,1.5037574,1.7037573,0.82375735,2.9237573,0.6837573,2.4137573,1.4437573,2.2237573,1.3237573,0.3337573,-0.026242675,2.0337572,-0.98624265,0.9237573,1.9237573,1.4437573,1.3637574,5.5437574,6.4237576,5.9337573,4.6437573,4.5237575,3.3937573,3.2037573,1.2237573,0.013757324,-0.78624266,-0.5562427,-0.9462427,-1.5662427,-1.3962426,-0.60624266,-0.43624267,-0.45624268
5.6937575,6.383757,6.763757,6.4137573,6.7537575,7.1737576,7.1737576,6.843757,6.553757,6.593757,6.763757,7.363757,7.5237575,7.2337575,2.8337574,1.3837574,1.3337573,1.9537573,1.1737573,0.83375734,1.4737573,1.0537573,0.6837573,1.0137573,1.2737573,1.7437574,1.0437573,1.4637573,1.0537573,1.7137573,3.2437572,1.1537573,2.5437574,1.3137573,0.093757324,0.053757325,0.14375733,0.43375733,0.8037573,0.5537573,1.4937574,7.803757,6.823757,5.5037575,5.263757,2.6137574,2.3937573,2.2937574,2.5437574,2.2637572,1.1737573,0.32375732,-0.18624267,-0.7762427,-0.9662427,-0.23624268,1.4037573
4.1037574,4.7737575,4.883757,5.343757,5.533757,5.8537574,6.0437574,6.3537574,6.9937572,7.533757,7.883757,7.7937574,7.763757,7.053757,0.8737573,0.38375732,0.8537573,1.0237573,1.0037574,0.7537573,0.96375734,1.7237573,1.0237573,0.40375733,0.6937573,-0.13624267,0.59375733,1.0337573,1.5837573,1.0837573,1.7137573,2.3837574,0.38375732,1.0337573,1.7437574,0.5637573,1.4837574,1.4437573,1.2137573,1.1537573,0.71375734,7.7037573,6.533757,4.6737576,4.9737573,4.9337573,4.863757,3.4737573,3.4437573,3.6337574,1.2937573,0.71375734,-0.49624267,1.4437573,3.7237573,2.3737574,2.5337572
3.9137573,4.1637573,4.8537574,5.3337574,5.7937574,6.1437573,6.343757,6.7437572,7.3137574,7.763757,7.593757,7.3937573,7.903757,1.6537573,1.0237573,0.29375732,0.11375733,0.25375733,0.45375732,0.48375732,0.6637573,1.0737573,-0.37624267,-0.8362427,-0.59624267,-0.66624266,0.26375732,0.093757324,0.11375733,1.1337574,1.9437573,1.7637573,0.9837573,1.7637573,1.5137573,0.6037573,1.1937573,0.70375735,1.0937573,1.6237574,1.3237573,7.2537575,5.763757,5.5437574,4.8537574,4.4737573,4.4637575,4.3537574,3.9437573,-0.11624268,2.8237574,1.1337574,-0.6262427,1.2237573,3.1037574,3.4537573,3.5137572
3.8337574,4.0037575,4.6237574,5.1237574,5.823757,6.1737576,6.633757,7.013757,7.3937573,7.283757,6.653757,6.0237575,5.8937573,1.0837573,0.40375733,-1.5862427,-0.7762427,-0.28624266,-0.4162427,-0.09624267,0.51375735,0.7837573,0.5337573,-0.37624267,-0.21624267,0.48375732,-0.39624268,-0.07624268,-0.17624268,0.21375732,0.38375732,-0.09624267,4.3937573,1.0437573,1.8637574,5.783757,2.6237574,0.033757325,0.6937573,0.88375735,1.3237573,6.4737573,6.4137573,5.6937575,4.9337573,4.553757,3.9337573,3.0337572,1.1937573,0.6737573,0.32375732,0.7337573,-0.29624268,1.6537573,3.0937574,3.8237574,4.153757
3.2337573,3.4537573,3.9937572,4.6637573,5.5637574,6.0837574,6.5837574,6.9937572,7.1837573,6.7937574,6.1737576,6.0837574,3.6837573,0.7937573,0.6737573,1.0437573,-0.11624268,0.25375733,-0.8062427,0.21375732,0.6737573,0.29375732,0.18375732,-0.43624267,0.45375732,-0.10624268,-0.036242675,-0.98624265,-0.29624268,0.6037573,0.6737573,1.2337574,1.4837574,1.6037574,1.7237573,2.2637572,2.3037574,1.5737573,2.6437573,2.1837573,1.0837573,5.8337574,6.053757,5.4337573,5.0837574,4.553757,4.1037574,1.0837573,0.20375733,-0.46624267,0.47375733,2.0637574,2.2437572,2.4637573,3.4037573,4.2037573,4.323757
2.9437573,3.0537574,3.2337573,4.1637573,5.033757,5.8937573,6.2437572,6.7137575,6.9237576,6.763757,6.613757,6.2937574,-0.07624268,0.18375732,-0.4162427,-1.2562426,-0.66624266,-0.10624268,-0.12624268,-0.30624267,1.0937573,0.88375735,0.6637573,-0.06624267,-1.0962427,-1.2562426,-0.21624267,-0.09624267,0.3337573,-0.92624265,0.9337573,0.44375733,0.83375734,0.77375734,2.0837574,2.2837572,1.7937573,1.6637573,2.0137572,0.7837573,0.70375735,5.7937574,5.613757,5.8737574,5.2237573,4.7437572,0.9237573,-0.36624268,0.5537573,0.8737573,2.6237574,1.1437573,2.4137573,3.0737574,4.133757,4.8537574,4.8937573
2.6437573,2.6337574,3.1437573,3.8737574,4.783757,5.6037574,6.2337575,6.6937575,6.9337573,6.8337574,6.9537573,7.9137573,-2.3662426,-0.10624268,-1.0962427,-0.3562427,-0.5662427,0.57375735,2.1537573,2.7337573,2.3937573,2.6137574,2.5337572,1.6237574,1.0237573,-0.26624268,0.26375732,-0.8062427,-2.6762426,0.11375733,-0.17624268,-0.20624268,-0.17624268,0.8537573,2.3937573,2.2837572,2.1937573,1.0437573,0.8737573,4.4437575,5.8337574,6.1737576,6.1637573,6.0637574,6.073757,1.6337574,1.8137573,0.5337573,0.49375734,0.14375733,5.283757,1.7137573,2.3437574,3.2937574,4.1837573,5.033757,5.7737575
2.7337573,3.1237574,3.0137572,3.9637573,4.883757,5.6437573,6.383757,6.6637573,6.7337575,6.593757,6.9937572,7.9737573,4.783757,-0.8062427,-0.19624268,-1.1762427,-0.5262427,0.9737573,2.0337572,2.8737574,0.9237573,2.5337572,1.1337574,1.4437573,1.7937573,2.6437573,0.96375734,1.6437573,0.51375735,1.9037573,1.1337574,1.1737573,1.6237574,1.4137573,1.0737573,1.6037574,1.7037573,6.0037575,8.493757,7.8337574,6.013757,5.613757,5.803757,5.803757,3.5837574,1.4237573,1.2937573,1.2037573,2.2637572,1.0637573,5.9337573,1.3437573,2.5237572,4.013757,3.6537573,5.1637573,6.3137574
3.1837573,3.1337574,3.4337573,4.153757,5.113757,5.863757,6.3537574,6.613757,6.4337573,5.8937573,6.1737576,7.0037575,6.9337573,0.70375735,-2.4862428,0.16375732,1.3037573,1.4037573,1.6037574,0.26375732,-0.21624267,-0.60624266,0.44375733,-0.3262427,0.023757324,1.2837573,0.8537573,0.043757323,-0.4162427,0.9337573,2.3737574,2.1637573,0.07375732,0.5337573,0.64375734,1.2437574,5.403757,7.633757,9.143757,8.953757,7.593757,6.133757,6.2537575,5.843757,4.323757,0.70375735,0.47375733,0.96375734,1.1637573,2.2737572,3.6237574,2.5737574,2.3337574,4.6037574,4.6637573,4.153757,5.533757
2.9237573,3.2537572,3.2837572,3.9737573,5.093757,5.9737573,6.323757,6.763757,6.533757,6.053757,5.9737573,6.283757,6.2937574,5.8337574,0.6737573,-0.7162427,0.043757323,1.1237574,-1.6962427,-0.07624268,-1.8462427,-2.4862428,-2.0862427,-2.2962427,0.43375733,0.47375733,-0.39624268,-0.5062427,0.70375735,0.4237573,-0.27624267,0.18375732,0.46375734,-0.20624268,1.0437573,5.2037573,6.5637574,7.5237575,8.413757,9.853757,9.403757,7.283757,7.033757,6.013757,4.0637574,-0.19624268,0.123757325,0.35375732,0.65375733,8.643757,4.573757,3.1637573,3.4237573,4.383757,5.823757,0.63375735,6.4437575
3.0637574,2.4837573,3.0637574,3.7937574,4.9637575,5.8537574,6.323757,6.8137574,6.653757,6.1937575,5.783757,5.8337574,5.9637575,6.383757,0.6737573,0.19375733,0.5437573,1.3437573,2.5737574,2.3837574,1.4337573,1.0637573,-2.1662426,-1.1962427,-1.4862427,0.6737573,0.89375734,1.4037573,-0.17624268,-0.36624268,0.28375733,0.71375734,0.43375733,-1.4362427,0.57375735,2.8637574,6.5837574,7.4837575,8.083757,9.593758,10.443757,7.9137573,7.9837575,6.8737574,0.9737573,0.77375734,0.7537573,0.5537573,0.033757325,6.7337575,5.3337574,4.0437574,3.8837574,4.133757,4.9437575,5.4237576,7.633757
3.5437574,3.5537574,3.3937573,3.7637572,4.633757,5.633757,6.1737576,6.6637573,6.6737576,6.3937573,5.8137574,5.5837574,5.6737576,5.5637574,4.073757,0.28375733,-2.0162427,-0.036242675,0.18375732,1.6637573,0.89375734,-0.97624266,0.11375733,-2.7862427,-3.5462427,-3.2662427,-2.3062427,-0.92624265,-0.28624266,-0.92624265,1.5137573,2.0937574,0.043757323,-0.9562427,0.6137573,1.5837573,5.8137574,6.7037573,7.573757,8.723758,10.483757,8.933758,8.313757,7.9237576,1.3837574,1.7337574,2.5737574,0.47375733,1.9437573,4.613757,5.9437575,5.153757,4.593757,4.6837573,4.553757,5.1937575,5.8737574
3.5137572,3.3237574,3.3437574,3.7837572,4.4937572,5.3737574,5.8137574,6.3537574,6.513757,6.4737573,6.263757,6.2337575,6.1937575,6.3137574,6.9437575,0.48375732,-0.66624266,-1.8362427,-1.0062426,-0.8762427,1.6037574,2.3437574,1.5837573,-4.5462427,-4.4362426,-2.4562426,-4.2262425,-4.886243,-2.2362428,0.7937573,0.46375734,1.1737573,0.9737573,0.17375733,0.23375732,1.1637573,4.783757,5.7237573,6.593757,7.4537573,8.953757,8.873757,7.3337574,8.2137575,1.1537573,0.3637573,-0.48624268,0.7237573,6.903757,5.6837573,5.9137573,6.6037574,5.5637574,4.0437574,5.1237574,5.113757,5.6237574
2.9037573,2.9937572,3.3237574,3.9837573,4.553757,5.3337574,5.653757,5.9637575,6.2037573,6.383757,6.4937572,6.4937572,6.2937574,6.7737575,6.653757,1.7237573,0.40375733,1.6237574,-0.12624268,-0.61624265,-1.0862427,1.4937574,4.093757,-4.2662425,-1.9462427,-0.7762427,-2.0562427,-3.1262426,-0.8262427,-1.5662427,-0.7462427,0.29375732,-0.09624267,-0.34624267,0.23375732,0.44375733,3.3937573,4.4137573,5.4937572,6.093757,6.903757,7.8137574,6.883757,6.4737573,3.2237573,4.2137575,1.5737573,0.6037573,6.1837573,7.0837574,7.013757,7.2337575,7.093757,6.8737574,5.1437573,5.7437572,5.1937575
1.7637573,2.4637573,3.0137572,3.8537574,4.5037575,4.9137573,5.4537573,5.653757,5.9537573,6.2737575,6.533757,6.593757,6.883757,7.3337574,7.8537574,1.3037573,0.6137573,0.23375732,-2.5262427,-0.14624268,0.65375733,0.6837573,-0.79624265,-4.616243,-5.0062428,-5.7262425,-1.2662426,-2.9262426,-1.6762427,-0.40624267,0.46375734,-0.29624268,-0.7762427,-0.9562427,-1.1862427,0.46375734,1.9837574,3.1637573,4.303757,4.9437575,5.5637574,6.0037575,7.1737576,6.9937572,4.5037575,2.3737574,2.9037573,1.3737574,7.2237573,7.9237576,8.773757,9.283757,8.953757,7.9637575,6.6437573,5.7437572,5.2937574
1.8237573,1.9837574,2.4737573,3.2637572,4.0437574,4.5637574,5.2137575,5.573757,5.9337573,6.323757,6.613757,6.8937573,7.403757,7.7037573,8.193757,3.4137573,-0.24624267,1.7337574,2.7637572,-0.086242676,5.5037575,3.9437573,-2.6962426,-5.486243,-4.7062426,-3.5262427,-7.6262426,-5.7262425,-3.0062428,-2.4562426,-1.3362427,-0.19624268,-1.1762427,-4.0662427,-2.4262426,-0.78624266,0.51375735,1.6437573,2.6537573,3.5137572,4.553757,5.2737575,5.573757,6.073757,6.553757,6.9137573,6.9237576,7.5237575,7.4137573,7.303757,8.023757,8.873757,10.133758,10.633758,9.193757,6.513757,5.4137573
0.9437573,1.4137573,1.8437573,2.4737573,3.1437573,3.9737573,4.5837574,5.2337575,5.6637573,6.113757,6.513757,6.823757,7.013757,7.2037573,8.103757,9.493757,0.3937573,0.52375734,2.6937573,2.0737574,4.4837575,4.073757,3.7037573,1.1937573,-6.8062425,-5.696243,-5.5562425,-3.2162428,-1.7462426,-1.1962427,-0.06624267,-1.0162426,-1.6762427,-5.346243,-3.9462426,-2.1962426,-1.1062427,0.06375732,0.6137573,1.4737573,1.9837574,2.6537573,3.5037572,4.2737575,5.0437574,5.9537573,6.9337573,7.9837575,8.703757,8.933758,9.383758,9.693757,9.9637575,11.003757,11.9637575,10.553758,7.4637575
-0.92624265,-0.49624267,0.18375732,1.0537573,1.6837573,2.4637573,3.2837572,3.9437573,4.5637574,5.093757,5.5637574,6.0837574,6.5237575,6.9137573,7.283757,6.633757,3.0137572,0.35375732,0.8137573,0.64375734,1.9537573,3.5637574,1.6037574,0.6837573,0.3037573,-2.8562427,-3.4662428,-3.8462427,-1.9962426,-1.5962427,-0.5262427,-1.5462427,-2.3662426,-8.086243,-5.7262425,-4.116243,-2.2362428,-0.43624267,-0.40624267,1.1737573,2.8237574,3.2637572,2.6337574,2.9637573,4.0637574,4.783757,5.7237573,6.7937574,7.7337575,8.253757,8.323757,9.083757,10.343758,10.983757,11.753757,12.733757,12.233757
0.3037573,-0.9362427,-1.9362427,-1.1262426,-0.19624268,0.41375732,1.2137573,2.1837573,2.9737573,3.6237574,4.2237573,4.653757,5.0437574,5.3137574,5.3937573,5.093757,4.9137573,1.2937573,1.3737574,1.7537574,4.7937574,3.2837572,1.7337574,-0.49624267,-0.30624267,0.43375733,-1.7462426,-1.0862427,-0.34624267,2.9337573,0.8037573,-0.59624267,-10.746243,-9.856243,-7.486243,-5.7762427,-3.9862428,-1.1162426,0.65375733,0.95375735,2.1237574,3.6337574,4.153757,4.2037573,4.6237574,5.4137573,6.0637574,6.4437575,7.2737575,8.023757,8.673758,9.153757,9.583757,10.253757,11.243757,12.153757,12.813757
-1.0862427,-0.4462427,-0.11624268,-2.3262427,-1.4662427,-1.1062427,-0.6862427,0.0037573243,0.8537573,1.6537573,2.4437573,3.2337573,3.7737572,4.1737576,4.3737574,4.2037573,3.9437573,4.3537574,0.64375734,2.2137573,2.6237574,2.3437574,0.9137573,1.5837573,1.5537573,-1.5562427,-2.0062428,-1.8362427,-2.0162427,-2.5462427,-0.7662427,-4.6062427,-12.446242,-10.516243,-8.756243,-7.5562425,-4.5162425,-2.6562426,-1.2562426,-0.24624267,0.41375732,1.2137573,1.9537573,2.4537573,3.0937574,4.1037574,5.133757,6.113757,7.093757,8.123757,8.913757,9.293757,9.803758,10.193757,11.133758,11.573757,12.023757
1.2237573,-1.1562427,-1.5662427,-0.54624265,-2.1262426,-1.8462427,-1.4162427,-1.0662427,-0.5662427,-0.0062426757,0.7237573,1.4737573,2.0737574,2.5137572,2.8937573,3.1937573,3.3837574,3.1237574,1.1137574,0.5637573,1.1237574,1.6037574,2.7537572,1.5137573,0.59375733,-1.5562427,-1.5662427,-1.4562427,-2.2962427,-1.9362427,-2.2862427,-12.986242,-11.766243,-10.556243,-9.296243,-7.196243,-4.8962426,-3.5762427,-2.4862428,-1.7162427,-0.42624268,0.083757326,0.34375733,0.9337573,2.0037572,3.3237574,4.2537575,5.1737576,6.1637573,7.263757,8.733757,9.643757,10.123757,10.083757,10.853757,11.373757,11.843758
1.4637573,2.2137573,2.0037572,-1.1362426,-2.0962427,-1.8862426,-2.8262427,-2.3762426,-1.8062427,-0.9362427,-0.0062426757,0.8137573,1.4237573,1.7837573,1.9737573,2.2437572,2.3537574,2.4737573,1.6837573,-1.0762427,-0.7062427,1.2037573,2.2737572,1.6137574,1.1337574,1.4537573,0.083757326,0.35375732,-0.7662427,-1.9562427,-11.506243,-12.2862425,-11.566242,-10.746243,-9.686243,-7.4962425,-5.946243,-4.1462426,-3.1462426,-2.0462427,-1.0962427,-0.60624266,0.14375733,1.4237573,2.5437574,3.8337574,5.013757,5.7937574,6.1637573,6.8537574,7.7337575,8.693757,9.523757,9.9637575,10.153757,10.873757,11.723758
0.71375734,1.5337573,2.3537574,2.9137573,3.0137572,0.7437573,-2.7462428,-3.4462426,-3.5462427,-2.8162427,-1.9062427,-0.8962427,-0.11624268,0.37375733,0.63375735,0.8037573,1.3337573,2.1137574,1.6337574,-0.46624267,-1.1662427,0.8537573,2.0337572,3.6437573,1.4837574,1.4637573,1.9837574,-1.2062427,-1.7362427,-9.676243,-13.046243,-12.826242,-11.956243,-11.116242,-8.896243,-7.7562428,-6.5062428,-5.1862426,-4.0662427,-2.0762427,-1.3162427,0.26375732,1.0837573,2.1537573,3.1737573,3.9037573,4.343757,5.1237574,5.9737573,6.7137575,7.363757,8.053758,8.703757,9.293757,9.023757,10.073757,10.9637575
0.7937573,1.7937573,2.1837573,2.4537573,2.6937573,2.5437574,1.7437574,-0.36624268,-2.6262426,-3.8062427,-3.7862427,-3.3162427,-2.4762428,-1.5862427,-1.0262427,-0.6962427,-0.5262427,0.24375732,1.1837573,-1.0262427,0.32375732,0.5337573,-0.13624267,-0.7562427,-0.5262427,0.83375734,2.1637573,0.6037573,-7.486243,-10.676243,-12.196242,-12.776242,-12.866242,-10.7862425,-9.496243,-8.236242,-6.5662427,-6.4762425,-4.596243,-3.4862428,-2.6162426,-1.1762427,-0.016242675,0.7237573,1.6737573,2.6737573,3.7837572,4.8537574,5.783757,6.6437573,7.5637574,7.9537573,8.483757,8.733757,8.223758,8.653757,9.853757
