data/wind/wind-json-20190331.json
{"header": { "discipline":0, "disciplineName":"Meteorological products", "gribEdition":2, "gribLength":74306, "center":7, "centerName":"US National Weather Service - NCEP(WMC)", "subcenter":0, "refTime":"2019-03-31T00:00:00.000Z", "significanceOfRT":1, "significanceOfRTName":"Start of forecast", "productStatus":0, "productStatusName":"Operational products", "productType":1, "productTypeName":"Forecast products", "productDefinitionTemplate":0, "productDefinitionTemplateName":"Analysis/forecast at horizontal level/layer at a point in time", "parameterCategory":2, "parameterCategoryName":"Momentum", "parameterNumber":2, "parameterNumberName":"U-component_of_wind", "parameterUnit":"m.s-1", "genProcessType":2, "genProcessTypeName":"Forecast", "forecastTime":0, "surface1Type":103, "surface1TypeName":"Specified height level above ground", "surface1Value":10.0, "surface2Type":255, "surface2TypeName":"Missing", "surface2Value":0.0, "gridDefinitionTemplate":0, "gridDefinitionTemplateName":"Latitude_Longitude", "numberPoints":65160, "shape":6, "shapeName":"Earth spherical with radius of 6,371,229.0 m", "gridUnits":"degrees", "resolution":48, "winds":"true", "scanMode":0, "nx":360, "ny":181, "basicAngle":0, "lo1":0.0, "la1":90.0, "lo2":359.0, "la2":-90.0, "dx":1.0, "dy":1.0 }, "data":
[rows 26 to 51 of 181, columns 120 to 179 of 360]
1.10958,1.1495801,1.6695801,1.21958,1.22958,1.7695801,3.10958,1.7095801,-0.65041995,-1.0804199,-0.8604199,-1.1704199,-1.01042,-1.62042,-1.2904199,-0.60041994,-0.65041995,-1.2004199,-1.8004199,-1.7304199,-0.46041992,-0.28041992,0.4295801,2.02958,0.52958006,0.5395801,0.10958008,-0.90041995,-0.18041992,1.37958,1.5195801,0.9795801,2.28958,1.37958,0.009580079,0.079580076,-0.31041992,-0.22041993,-1.6104199,-0.27041993,-0.46041992,-0.6804199,1.36958,-1.5604199,-0.8804199,-0.5104199,-0.9504199,-0.8604199,-1.41042,-1.50042,-1.52042,-0.8004199,0.14958008,0.9495801,0.26958007,1.4295801,1.2095801,-0.06041992,-1.03042,-1.8104199
1.9095801,2.11958,3.53958,2.7495801,2.37958,2.85958,2.14958,2.09958,1.4595801,0.6095801,-0.43041992,-1.0904199,-1.0604199,-1.1704199,-1.2404199,-1.0504199,-0.5104199,-1.3304199,-1.9204199,-2.32042,-1.2004199,-0.5004199,-0.16041993,1.48958,2.28958,1.3895801,1.87958,0.019580077,-0.78041995,-0.8304199,1.3895801,0.44958007,0.20958008,0.09958008,1.10958,-0.84041995,0.7495801,-1.02042,-1.0404199,-0.66041994,-1.64042,1.3095801,-0.9404199,-1.0604199,-1.9504199,-1.38042,-1.91042,-1.9804199,-1.7104199,-1.6704199,-1.4904199,-1.1804199,-1.2204199,-0.8804199,-1.1904199,-1.00042,0.3995801,0.4295801,1.4595801,-0.48041993
2.12958,2.12958,2.41958,2.4895802,2.79958,2.7395802,2.4495802,1.85958,1.2895801,0.64958006,0.26958007,-0.10041992,-0.42041993,-0.17041992,-0.17041992,-0.2504199,0.57958007,-0.72041994,-1.75042,-1.78042,-1.4804199,-3.09042,-0.8704199,-2.2504199,0.22958007,2.0195801,-1.3104199,1.24958,1.35958,-2.18042,-1.38042,1.86958,0.71958005,0.24958009,1.6795801,0.3395801,0.65958005,1.9395801,-1.5604199,-2.71042,-4.81042,-4.06042,-1.7204199,-0.60041994,-3.07042,-1.9704199,-2.9804199,-2.2404199,-1.9204199,-1.9404199,-1.63042,-1.6004199,-1.8004199,-1.7004199,-1.3504199,-1.66042,-2.22042,-2.4904199,-2.86042,-2.2304199
1.49958,1.1795801,1.6995801,1.62958,2.2095802,2.37958,2.2095802,2.4495802,1.3195801,0.3995801,0.51958007,-0.3504199,-0.29041994,0.22958007,0.12958008,0.3395801,0.029580079,-1.9404199,-1.16042,-0.8604199,-0.5804199,-1.6104199,-0.60041994,-2.3004198,-2.88042,-2.2804198,-2.45042,-3.09042,-2.33042,-1.15042,-2.65042,-2.5104198,-2.62042,0.16958007,-0.3804199,1.21958,0.89958006,-2.71042,-6.26042,-4.8804197,-3.08042,-3.65042,-6.1304197,-4.52042,-4.14042,-2.81042,-1.8404199,-3.7904198,-4.22042,-3.21042,-2.97042,-2.38042,-2.71042,-3.88042,-4.18042,-4.24042,-4.66042,-4.46042,-3.93042,-3.72042
1.1995801,1.1695801,1.47958,1.58958,1.8895801,2.03958,1.6795801,1.5695801,1.3195801,0.41958007,-0.20041992,-0.5504199,-0.18041992,-0.3504199,0.029580079,0.3695801,0.8795801,-0.9504199,-0.79041994,-1.64042,-1.13042,-0.3204199,-2.19042,-2.5304198,-3.2304199,-2.12042,-1.7904199,-3.57042,-3.2404199,-1.66042,-2.93042,-3.0304198,-2.68042,-1.3504199,-1.75042,-4.95042,-6.74042,-5.82042,-5.97042,-7.44042,-10.43042,-7.26042,-3.0304198,-0.73041993,-2.72042,-5.59042,-6.80042,-8.01042,-8.82042,-8.08042,-6.39042,-7.25042,-6.87042,-6.37042,-6.07042,-6.30042,-6.02042,-5.6704197,-5.33042,-5.14042
1.4595801,1.6495801,1.35958,2.0195801,2.12958,1.7695801,2.38958,2.07958,1.4495801,1.0395801,0.8595801,0.35958007,0.7395801,0.22958007,0.019580077,-0.18041992,0.28958008,-0.53041995,-0.39041993,-0.42041993,-0.6204199,0.46958008,-0.19041993,-2.16042,-2.5304198,-3.09042,-4.21042,-2.47042,-1.7304199,-2.68042,-2.96042,-3.62042,-0.07041992,-2.81042,-3.94042,-4.59042,-4.98042,-5.81042,-4.71042,-3.2704198,-2.08042,-2.7404199,-1.88042,-3.66042,-4.8604198,-8.8704195,-9.46042,-9.50042,-9.28042,-8.78042,-8.76042,-8.31042,-7.93042,-7.52042,-7.34042,-7.07042,-6.85042,-6.72042,-6.54042,-6.18042
2.07958,3.13958,2.32958,2.60958,1.4195801,2.4695802,2.68958,0.64958006,0.2795801,1.12958,0.7595801,0.71958005,0.40958008,0.09958008,0.6895801,0.20958008,0.15958008,0.3095801,0.70958006,0.43958008,0.82958007,-0.050419923,-2.57042,-1.8604199,-2.07042,-2.2604198,-1.9404199,-2.20042,-2.37042,-2.2404199,-1.63042,-1.8404199,-4.74042,-5.21042,-5.02042,-5.05042,-5.21042,-4.3604198,-2.2804198,-1.2404199,0.3095801,-2.93042,-2.94042,-4.46042,-8.23042,-9.71042,-10.53042,-10.61042,-10.34042,-9.89042,-9.15042,-8.64042,-8.15042,-7.41042,-7.27042,-7.21042,-7.54042,-7.68042,-7.62042,-7.32042
3.59958,1.2995801,1.6495801,2.31958,1.71958,1.9495801,1.5495801,1.9195801,-0.11041992,0.35958007,1.23958,0.9895801,0.8195801,0.5595801,0.71958005,0.82958007,0.35958007,0.4295801,0.8895801,-0.6104199,-1.5704199,-1.0404199,-1.2304199,-1.16042,-0.7004199,-0.9904199,-1.4804199,-1.62042,-1.39042,-1.2304199,-3.06042,-4.9204197,-4.9204197,-5.00042,-4.08042,-4.59042,-4.21042,-3.42042,-4.08042,-0.65041995,-3.37042,-2.92042,-0.65041995,-2.71042,-8.73042,-10.76042,-11.30042,-11.27042,-10.84042,-10.42042,-9.68042,-8.6204195,-7.68042,-6.91042,-6.49042,-7.70042,-8.65042,-8.74042,-8.81042,-8.58042
1.62958,0.90958005,1.4295801,1.1795801,-0.6804199,0.37958008,1.36958,0.6795801,-0.22041993,-1.12042,-1.00042,0.4295801,1.11958,0.6195801,0.9895801,-0.79041994,0.4995801,-0.04041992,-1.5604199,-1.4904199,-0.72041994,0.7995801,0.83958006,-0.020419922,-0.45041993,-0.49041992,-0.40041992,-0.3204199,-0.45041993,-1.5404199,-3.7404199,-4.33042,-4.18042,-3.91042,-3.83042,-3.89042,-1.64042,1.1795801,-1.6904199,-1.4204199,-0.10041992,2.10958,5.6395802,-0.08041992,-7.23042,-10.17042,-11.14042,-11.33042,-10.64042,-9.98042,-9.05042,-8.55042,-7.58042,-6.52042,-5.62042,-7.21042,-9.39042,-9.46042,-9.53042,-9.74042
0.90958005,1.0595801,1.10958,1.62958,2.37958,1.4095801,1.2695801,0.3395801,-1.1904199,-0.8704199,-1.7204199,-2.22042,-0.9604199,-0.30041993,0.59958005,0.6695801,0.64958006,1.0695801,0.41958007,0.96958005,0.37958008,0.22958007,0.32958007,0.04958008,-0.08041992,-0.59041995,-0.73041993,-0.27041993,-0.3504199,-0.7504199,-1.8604199,-2.5004199,-2.56042,-2.59042,-3.38042,-2.34042,0.10958008,0.9795801,-1.5504199,-0.11041992,1.4595801,0.26958007,3.81958,4.8895802,-2.59042,-6.50042,-7.01042,-8.03042,-7.57042,-7.34042,-7.46042,-7.37042,-6.96042,-6.08042,-5.20042,-5.12042,-9.42042,-10.50042,-10.54042,-11.06042
0.6795801,0.83958006,0.47958007,0.6095801,0.04958008,0.19958007,-0.9904199,-0.9604199,0.25958008,0.22958007,-0.85041994,-1.4804199,-0.8704199,-0.23041992,-0.6904199,-0.37041992,0.76958007,-0.04041992,1.1495801,1.3295801,0.6895801,1.21958,1.0595801,0.5095801,0.58958006,0.37958008,-0.45041993,-0.23041992,-0.40041992,-0.7104199,-1.03042,-0.85041994,-1.13042,-1.4504199,-2.2804198,-1.16042,1.12958,-0.13041992,-1.1104199,1.8195801,3.5095801,5.00958,5.99958,4.3295803,4.65958,3.9695802,0.90958005,-0.7404199,-2.96042,-4.1304197,-4.09042,-4.60042,-5.45042,-5.30042,-4.58042,-3.81042,-8.75042,-11.06042,-11.26042,-11.97042
1.0695801,1.1695801,1.9295801,2.32958,3.07958,2.4995801,1.3295801,0.32958007,-0.7104199,-0.7704199,-1.3204199,-1.3204199,-1.40042,-1.14042,-0.42041993,-1.7004199,0.13958007,-0.15041992,-0.15041992,0.16958007,0.21958008,0.12958008,0.57958007,0.37958008,0.6695801,0.37958008,0.35958007,0.41958007,0.46958008,0.58958006,0.32958007,1.1895801,0.83958006,0.37958008,-0.04041992,0.37958008,1.1895801,1.6495801,1.9595801,2.65958,1.34958,4.69958,5.5995803,6.67958,10.92958,9.47958,7.28958,4.01958,1.7695801,-0.5604199,-1.16042,-1.3604199,-2.57042,-2.39042,-2.8004198,-3.0104198,-5.85042,-10.910419,-12.23042,-12.24042
1.23958,1.1895801,1.5095801,1.85958,2.07958,2.35958,2.1995802,1.58958,0.8095801,-0.06041992,-0.7504199,-0.7604199,0.23958008,-0.84041995,-0.98041993,-1.3104199,-0.030419922,0.6395801,-0.65041995,-0.6204199,-0.45041993,-0.79041994,0.37958008,0.4295801,0.8695801,0.7495801,0.52958006,1.0495801,1.5595801,1.6995801,2.4995801,3.2195802,3.4895802,2.9695802,2.07958,1.60958,1.2895801,1.62958,2.32958,2.07958,2.91958,2.86958,4.6195803,5.50958,6.31958,7.41958,7.0995803,5.8295803,4.5795803,2.9595802,1.4395801,1.5795801,1.4595801,-0.07041992,-0.34041992,-1.1704199,-0.14041992,-10.65042,-11.07042,-11.53042
0.96958005,0.8095801,1.36958,1.9095801,1.35958,1.58958,1.86958,2.05958,2.03958,1.36958,0.29958007,-0.27041993,-0.6804199,0.51958007,-1.37042,-0.020419922,0.29958007,0.8795801,0.46958008,0.6895801,0.2795801,-2.07042,0.6295801,2.4795802,0.8195801,2.42958,2.08958,1.84958,2.92958,3.1995802,3.32958,4.45958,5.29958,5.78958,5.28958,4.26958,3.53958,3.9695802,1.1395801,1.8895801,2.30958,3.7595801,3.89958,4.60958,5.20958,6.3495803,6.6195803,6.33958,6.3495803,5.42958,3.85958,3.61958,3.78958,2.9695802,1.9495801,2.2695801,2.32958,-0.19041993,-10.52042,-11.75042
1.0395801,1.24958,0.9895801,1.7595801,1.2595801,0.48958007,0.7495801,1.21958,1.34958,1.0595801,0.41958007,0.09958008,0.21958008,0.47958007,-0.45041993,-0.91041994,-1.2204199,-0.92041993,0.64958006,1.0695801,1.0095801,1.2895801,2.36958,1.5395801,-1.0404199,1.83958,3.7295802,4.25958,3.7695801,4.55958,4.3895802,5.01958,5.52958,6.40958,6.8295803,5.98958,5.8895802,5.90958,6.67958,6.08958,5.43958,5.1195803,5.45958,6.12958,6.6195803,6.98958,7.00958,6.43958,5.67958,5.1195803,4.28958,4.3495803,4.58958,5.28958,4.01958,3.9495802,4.3295803,6.35958,-1.52042,-8.77042
1.5195801,2.10958,1.36958,1.08958,0.82958007,0.26958007,0.59958005,-0.36041993,0.6395801,1.4095801,1.46958,1.3095801,0.6295801,-0.8904199,-1.52042,-1.78042,-1.8604199,0.19958007,0.77958006,1.3895801,0.6195801,-0.19041993,0.57958007,-1.2304199,2.83958,1.46958,1.98958,2.27958,3.7695801,4.25958,4.5795803,5.06958,6.18958,6.15958,7.01958,7.98958,8.74958,8.50958,7.71958,7.20958,6.74958,6.24958,5.92958,5.85958,5.64958,4.80958,4.93958,4.80958,4.49958,5.03958,5.14958,5.02958,5.47958,5.78958,5.52958,4.90958,5.6395802,6.49958,9.25958,0.6795801
1.84958,2.65958,1.4595801,0.76958007,-0.40041992,-0.8704199,0.26958007,-0.19041993,-0.23041992,0.6095801,0.8195801,1.4595801,0.20958008,0.31958008,0.5695801,0.4995801,-0.49041992,-0.12041992,0.6895801,0.19958007,-2.17042,-2.65042,-3.93042,-2.2404199,1.0595801,2.52958,1.98958,1.2995801,1.98958,3.56958,4.22958,5.00958,5.90958,6.78958,7.22958,7.55958,8.49958,9.09958,9.52958,9.57958,8.95958,7.70958,6.53958,5.93958,5.99958,6.10958,5.10958,5.3295803,5.01958,4.26958,3.87958,3.4895802,5.03958,5.55958,6.02958,5.72958,5.8695803,6.79958,7.58958,10.13958
3.31958,2.1995802,2.5195801,1.22958,1.3195801,0.45958006,0.16958007,1.1595801,-0.4704199,0.26958007,1.2695801,2.14958,2.66958,1.8895801,0.6895801,-0.33041993,-0.06041992,1.0695801,0.34958008,-1.64042,-1.6804199,1.4095801,2.55958,0.90958005,-0.53041995,0.9195801,2.4695802,2.60958,2.1995802,3.38958,4.81958,5.1395802,5.69958,6.64958,7.70958,8.76958,9.45958,9.45958,9.27958,9.10958,8.96958,8.96958,8.48958,7.78958,6.93958,6.27958,5.5995803,5.12958,5.08958,4.58958,3.40958,2.82958,3.57958,4.93958,5.05958,6.37958,5.94958,6.47958,7.31958,8.22958
3.90958,3.08958,2.59958,1.7995801,1.83958,2.62958,1.8895801,0.9295801,1.2995801,-0.11041992,0.40958008,0.76958007,0.18958008,0.5395801,-0.30041993,0.38958007,1.46958,0.6895801,-2.36042,2.18958,4.39958,0.14958008,-0.73041993,-4.1992188E-4,-0.06041992,-0.31041992,0.9295801,1.7595801,1.6995801,1.8195801,1.9195801,3.54958,5.3495803,6.42958,7.17958,8.02958,9.02958,9.68958,9.839581,10.21958,10.71958,10.53958,9.94958,9.20958,8.76958,8.73958,7.8895802,7.1395802,6.3495803,5.25958,4.52958,3.15958,2.4495802,3.80958,4.83958,5.58958,6.60958,6.73958,7.3895802,8.18958
3.64958,2.9995801,3.2695801,2.02958,2.9695802,3.2095802,1.85958,0.45958006,0.4295801,2.41958,-0.39041993,-1.2204199,-1.15042,-1.3204199,0.32958007,0.32958007,0.32958007,-0.4104199,-0.3504199,-1.8504199,-3.0304198,-2.5504198,-1.76042,-2.12042,-2.08042,-1.3404199,-0.9904199,-0.5104199,0.25958008,0.3995801,2.29958,2.13958,1.62958,2.37958,3.9695802,6.02958,7.6395802,8.55958,9.09958,9.64958,10.20958,10.56958,10.44958,10.45958,10.35958,9.91958,9.10958,7.62958,6.8695803,7.03958,6.00958,5.06958,3.7495801,3.28958,4.40958,5.73958,6.3895802,6.99958,7.69958,8.51958
4.25958,3.67958,2.55958,2.5095801,2.65958,2.13958,0.9995801,1.60958,1.72958,1.0295801,2.0195801,0.47958007,1.0495801,1.1995801,0.6095801,-0.050419923,-2.0004199,-4.78042,-5.32042,-5.1104198,-4.46042,-2.37042,-0.97041994,-2.0104198,-0.49041992,-1.03042,-1.9804199,-1.7904199,-1.8004199,-1.87042,-2.10042,-1.6904199,-0.3204199,1.4195801,2.85958,4.03958,5.19958,6.55958,7.87958,9.09958,9.82958,10.11958,10.57958,10.54958,10.54958,10.65958,10.18958,9.09958,7.65958,8.06958,7.6195803,7.18958,5.87958,4.42958,4.51958,5.24958,6.23958,6.58958,7.6395802,8.48958
5.8495803,4.67958,3.9595802,3.06958,2.12958,1.9595801,1.3895801,1.48958,2.60958,3.0095801,2.04958,1.5595801,0.9295801,0.64958006,-1.1104199,-2.7304199,-4.78042,-5.74042,-6.00042,-4.53042,-2.17042,-1.4604199,-2.57042,-1.6904199,-2.13042,-3.06042,-5.03042,-5.20042,-5.72042,-5.60042,-5.16042,-5.10042,-4.6304197,-3.0004199,-0.9404199,1.2095801,3.30958,5.12958,6.33958,7.19958,8.19958,9.20958,9.67958,10.089581,10.28958,10.56958,10.6295805,10.21958,9.13958,8.64958,8.3795805,7.68958,6.68958,5.69958,5.67958,6.06958,6.14958,6.47958,6.80958,8.07958
4.52958,3.7595801,3.7195802,2.2095802,1.7695801,1.3995801,0.9895801,1.5195801,3.67958,2.0095801,-0.030419922,1.5695801,-0.67041993,-2.2404199,-3.8004198,-5.34042,-6.45042,-8.33042,-9.92042,-9.86042,-9.88042,-9.21042,-10.88042,-9.8704195,-7.87042,-8.24042,-8.76042,-8.95042,-9.1204195,-8.56042,-7.97042,-8.13042,-8.33042,-7.03042,-4.94042,-2.60042,-0.45041993,1.7095801,4.10958,6.02958,6.98958,7.6395802,8.17958,8.78958,9.53958,10.32958,10.69958,10.41958,10.09958,9.41958,8.89958,8.339581,6.91958,6.0795803,5.37958,6.10958,6.56958,6.49958,6.8495803,7.51958
4.33958,3.10958,2.88958,1.72958,1.5595801,0.7495801,0.8795801,1.98958,1.71958,0.26958007,-1.4204199,-2.67042,-3.2704198,-4.54042,-5.28042,-5.4004197,-8.59042,-8.25042,-8.660419,-9.78042,-10.65042,-8.47042,-13.31042,-13.30042,-12.64042,-12.90042,-13.02042,-13.43042,-13.40042,-12.75042,-13.78042,-13.25042,-13.63042,-11.99042,-9.660419,-6.41042,-2.86042,-0.26041993,1.7795801,3.82958,5.22958,6.40958,7.41958,8.21958,8.84958,9.11958,9.89958,10.54958,10.16958,9.60958,9.10958,8.77958,8.19958,7.90958,6.66958,5.45958,6.0795803,6.56958,6.8895802,6.98958
3.10958,4.14958,2.2295802,2.85958,2.55958,1.8095801,1.8195801,2.5195801,-1.78042,-4.24042,-3.7704198,-3.5104198,-4.75042,-6.4004197,-6.54042,-7.10042,-7.9004197,-6.39042,-3.60042,-5.95042,-6.64042,-1.63042,-10.50042,-11.50042,-12.22042,-12.59042,-12.52042,-13.77042,-15.03042,-18.09042,-17.10042,-17.34042,-15.95042,-14.07042,-12.65042,-9.70042,-6.83042,-4.16042,-0.9404199,2.31958,4.29958,5.69958,6.41958,7.33958,8.48958,9.00958,9.22958,9.339581,9.49958,9.43958,9.339581,8.86958,8.60958,8.1295805,8.53958,7.51958,6.41958,6.8895802,6.83958,6.26958
5.46958,4.46958,3.40958,5.58958,5.76958,6.48958,3.2295802,1.9595801,4.3695803,2.36958,-1.13042,0.65958005,-2.2804198,-3.47042,-0.7704199,2.7695801,5.75958,-0.46041992,-5.93042,-1.4804199,-2.89042,-0.5004199,-3.84042,-8.05042,-7.73042,-8.63042,-7.1504197,0.45958006,8.40958,8.6295805,8.19958,-0.17041992,-7.81042,-11.00042,-9.82042,-9.23042,-8.48042,-6.46042,-3.9904199,-1.01042,2.7295802,5.02958,6.52958,7.27958,7.60958,7.8495803,8.23958,8.91958,9.40958,8.94958,8.85958,8.86958,8.52958,8.47958,8.26958,8.59958,7.56958,6.64958,6.29958,6.06958
