data/wind/wind-json-20190326.json
{"header": { "discipline":0, "disciplineName":"Meteorological products", "gribEdition":2, "gribLength":74380, "center":7, "centerName":"US National Weather Service - NCEP(WMC)", "subcenter":0, "refTime":"2019-03-26T00:00:00.000Z", "significanceOfRT":1, "significanceOfRTName":"Start of forecast", "productStatus":0, "productStatusName":"Operational products", "productType":1, "productTypeName":"Forecast products", "productDefinitionTemplate":0, "productDefinitionTemplateName":"Analysis/forecast at horizontal level/layer at a point in time", "parameterCategory":2, "parameterCategoryName":"Momentum", "parameterNumber":2, "parameterNumberName":"U-component_of_wind", "parameterUnit":"m.s-1", "genProcessType":2, "genProcessTypeName":"Forecast", "forecastTime":0, "surface1Type":103, "surface1TypeName":"Specified height level above ground", "surface1Value":10.0, "surface2Type":255, "surface2TypeName":"Missing", "surface2Value":0.0, "gridDefinitionTemplate":0, "gridDefinitionTemplateName":"Latitude_Longitude", "numberPoints":65160, "shape":6, "shapeName":"Earth spherical with radius of 6,371,229.0 m", "gridUnits":"degrees", "resolution":48, "winds":"true", "scanMode":0, "nx":360, "ny":181, "basicAngle":0, "lo1":0.0, "la1":90.0, "lo2":359.0, "la2":-90.0, "dx":1.0, "dy":1.0 }, "data":
[rows 75 to 99 of 181, columns 57 to 113 of 360]
-2.3868115,-2.7168114,-2.7768116,-2.4868116,-2.1468115,-1.9768115,-1.6168115,-1.3868115,-1.3668115,-1.2668115,-0.9868115,-0.84681153,-0.3068115,0.73318845,0.30318847,-1.5468116,-1.1968116,-1.3268116,0.33318847,-0.90681154,0.8131885,-1.8568115,-0.6968115,-0.6668115,-2.2868116,-3.3368115,-2.7668116,-2.2768116,-2.0968115,-2.0768116,-1.9668115,-1.6468115,-1.3568115,-1.3068116,-1.3468115,-0.9468115,-0.21681152,0.24318847,0.49318847,0.54318845,-0.21681152,-0.9968115,-0.18681152,0.21318847,-0.46681154,-0.7268115,-1.1468115,-2.2968116,-1.7868115,-0.90681154,-0.5568115,-0.57681155,3.5731885,-4.1468115,-4.4268117,-4.8168116,-4.7868114
-2.8068116,-3.1468115,-3.1668115,-2.7068114,-2.3668115,-1.9168115,-1.4368116,-0.9368115,-0.6068115,-0.3368115,0.06318848,0.5231885,0.96318847,0.9431885,-0.20681152,-0.026811523,-0.9368115,-1.1668115,-0.43681154,0.073188476,0.19318847,-0.84681153,-0.83681154,-0.9768115,-2.9268115,-3.8568115,-3.3268116,-2.9168115,-2.8968115,-2.8368115,-2.8368115,-2.6268115,-2.3868115,-2.3668115,-2.0768116,-1.4868115,-0.9368115,-0.90681154,-0.44681153,-0.41681153,-0.8568115,-1.8868115,0.19318847,0.5731885,-1.2768115,-1.4268116,-2.2168114,-1.3968115,-2.1668115,-2.3968115,-1.0768116,-2.3568115,1.7831885,-4.6468115,-5.4568114,-5.9368114,-5.8868117
-2.9468114,-3.4168115,-3.5168116,-3.0168116,-2.4168115,-1.9568115,-1.3868115,-0.71681154,-0.026811523,0.60318846,1.1331885,1.8331885,2.0331886,1.5631884,1.4331884,1.1631885,0.5231885,-0.07681152,-1.4768115,0.29318848,-0.12681152,-0.8768115,-1.2568115,0.42318848,-3.8868115,-4.1068115,-3.7868116,-3.4868116,-3.1868114,-3.1868114,-3.3268116,-3.3068116,-3.2568116,-3.1968114,-2.5968115,-2.1468115,-1.0468116,-2.1468115,-2.1568115,-2.2268114,-1.6868116,-1.9768115,-1.0268115,2.0031884,-1.3668115,-0.95681155,-0.65681154,-3.8868115,-1.6268115,-2.8568115,-3.8368115,-3.2868116,-0.34681153,-4.7968116,-6.3968115,-7.2168117,-7.2068114
-3.0468116,-3.4768114,-3.6468115,-3.3068116,-2.7368116,-2.1168115,-1.3468115,-0.5568115,0.15318848,0.8831885,1.7231885,2.4331884,2.4931884,2.0731885,2.0831885,2.0931885,1.0531884,0.15318848,-1.0868115,-0.39681152,-0.7968115,-0.096811526,0.2531885,-2.4868116,-4.5068116,-4.3268113,-3.9868116,-3.6768115,-3.5568116,-3.6368115,-3.7768116,-3.7068114,-3.6068115,-3.3368115,-2.9768114,-2.4468114,-2.1668115,-3.3468115,-3.8068116,-3.8368115,-4.2768116,-4.2168117,-0.026811523,2.4131885,-2.9868116,-3.3068116,-0.8168115,-0.37681153,0.32318848,-0.6268115,-0.96681154,-0.7968115,0.23318848,-5.5668116,-6.8068113,-7.0168114,-6.7868114
-3.1568115,-3.5568116,-3.7568116,-3.5868115,-3.2568116,-2.6768115,-1.9068115,-1.0568116,-0.13681152,0.73318845,1.5631884,2.1831884,2.2531884,1.5431885,1.4931885,1.4631885,0.66318846,0.26318848,1.3031884,-1.0268115,0.4431885,-2.7268114,0.27318847,-4.5468116,-4.7568116,-4.2968116,-3.9368114,-3.9768114,-4.0568113,-4.2168117,-4.2168117,-4.1868114,-3.7968116,-3.2268114,-2.9968116,-3.2468116,-3.7968116,-4.1368117,-4.3368115,-5.3768115,-5.4468117,-5.2768116,-0.78681153,-3.5168116,-3.9168115,-5.1668115,-4.9168115,-1.4068115,-3.2468116,-5.1668115,-3.3368115,-3.6068115,-6.8368115,-7.0768113,-6.8468113,-6.8268113,-7.0868115
-3.4068115,-3.7468116,-3.9768114,-3.8968115,-3.5368116,-3.0768116,-2.4668114,-1.7368115,-0.96681154,-0.25681153,0.53318846,1.2431885,1.1231885,0.8931885,0.90318847,0.9931885,0.54318845,1.0331885,1.4831885,-1.3568115,-1.8968115,-0.24681152,-2.3868115,-5.1968117,-4.6968117,-4.2968116,-4.2168117,-4.3968115,-4.5668116,-4.7568116,-4.6668115,-4.4968114,-3.7868116,-3.4968116,-3.4668114,-3.7868116,-4.3468113,-4.2168117,-4.5068116,-5.7368116,-6.1268115,-5.6268115,-0.6868115,-4.8668118,-5.6068115,-7.1368117,-7.5668116,-7.9268117,-6.8868117,-6.4968114,-11.666812,-9.496812,-8.486812,-7.9868116,-7.9268117,-7.8768115,-7.2968116
-3.8568115,-3.9768114,-4.2968116,-4.2468114,-3.7968116,-3.2668116,-2.7768116,-2.1368115,-1.4868115,-0.9468115,-0.31681153,0.15318848,0.14318848,-0.066811524,0.18318848,0.3831885,0.6931885,1.6431885,0.053188477,-1.2768115,-1.8468115,-1.6368115,-7.3568115,-2.9168115,-3.3868115,-4.5168114,-4.6668115,-4.6368117,-4.9268117,-4.9668117,-4.7268114,-4.3368115,-4.0368114,-4.0768113,-4.1768117,-3.9468114,-3.9468114,-4.0868115,-4.1968117,-4.5668116,-4.6568117,-3.6868114,0.32318848,-1.8768115,-6.2768116,-7.3168116,-7.8368115,-8.276812,-4.7468114,-9.856812,-9.756811,-8.796811,-8.806811,-8.476811,-7.7968116,-7.3768115,-6.7868114
-4.1568117,-4.3468113,-4.5868115,-4.6068115,-4.1568117,-3.6368115,-3.0768116,-2.5668116,-2.0668116,-1.5368115,-1.2468115,-1.1168115,-1.0568116,-1.0568116,-0.7268115,-0.8868115,-1.4868115,-1.3168116,-1.7168115,-1.3268116,-1.8668115,-6.5968113,-8.006811,-3.4168115,0.73318845,-4.8668118,-4.8468113,-4.7168117,-5.0268116,-4.7168117,-4.4368114,-4.3168116,-4.3168116,-4.4868116,-4.3068113,-3.9568114,-3.6368115,-3.8968115,-4.0868115,-4.6668115,-4.7168117,-6.8468113,-2.1668115,-1.3468115,-5.9968114,-7.4968114,-7.6368117,-8.096811,-8.756811,-8.746812,-8.666812,-8.336811,-8.3968115,-8.316812,-7.9368114,-7.2268114,-6.6668115
-4.2868114,-4.4568114,-4.9268117,-4.9168115,-4.4968114,-4.0668116,-3.6268115,-3.1368115,-2.5368116,-2.1268115,-2.2368116,-2.5868115,-2.6368115,-2.7868116,-2.6868114,-2.5468116,-1.9368116,-2.7268114,-3.5768116,-3.6268115,-2.5968115,-0.37681153,1.2431885,-1.6768116,0.34318846,-2.7068114,-4.9968114,-5.0068116,-4.7868114,-4.4868116,-4.4968114,-4.4568114,-4.4468117,-4.4068117,-4.2268114,-3.7968116,-3.4368114,-3.0768116,-4.2668114,-4.1468115,-4.9568114,-6.3368115,-4.6368117,-1.2468115,-4.0768113,-5.8468113,-7.0168114,-7.3368115,-7.6868114,-7.6968117,-7.3968115,-7.2068114,-7.5568113,-7.5168114,-7.2068114,-6.7568116,-7.6568117
-4.7268114,-5.0568113,-5.2668114,-5.0768113,-4.6868114,-4.3168116,-3.9368114,-3.3668115,-2.6568115,-2.5968115,-3.1668115,-3.3668115,-3.3068116,-3.6668115,-3.1968114,-3.1268115,-3.4568114,-4.0668116,-4.1268115,-3.8668115,-4.4068117,-5.1168118,-6.0768113,-6.8268113,-3.0168116,-5.7268114,-5.3668118,-5.2968116,-4.8868117,-4.6468115,-4.7068114,-4.5268116,-4.3768115,-4.3368115,-3.9168115,-3.4168115,-3.2368116,-3.6268115,-4.9768114,-3.1568115,-2.4368114,-4.2368116,-4.1468115,-4.2268114,-0.77681154,0.6831885,-4.2368116,-6.6168118,-6.7468114,-7.0768113,-6.8568115,-6.6268115,-6.5068116,-6.5968113,-6.6368117,-7.0868115,-7.7268114
-5.3668118,-6.3268113,-5.6268115,-5.2768116,-4.9068117,-4.6168118,-4.4768114,-3.9068115,-3.5168116,-3.5768116,-3.8768115,-4.4768114,-4.2868114,-3.9668114,-3.7268114,-4.0068116,-3.6568115,-4.1468115,-4.5068116,-5.0168114,-5.9368114,-6.8568115,-8.426811,-7.2368116,-6.5468116,-5.8268113,-5.5068116,-5.1968117,-4.7768116,-4.4368114,-4.5868115,-4.5168114,-4.2168117,-3.8568115,-3.5168116,-3.0168116,-2.7368116,-2.5968115,-2.7468116,-0.39681152,0.053188477,1.5831885,-0.7968115,-1.0968115,-0.44681153,0.66318846,0.49318847,-5.9368114,-6.3268113,-6.5768113,-6.1768117,-5.7068114,-5.9068117,-6.1168118,-6.3168116,-6.2568116,-5.5468116
-5.3368115,-7.2668114,-6.3168116,-5.6668115,-5.1568117,-4.8168116,-4.6468115,-4.4568114,-4.1868114,-4.1368117,-4.2768116,-4.4668117,-4.1168118,-4.1368117,-3.8668115,-4.1568117,-4.3368115,-4.9068117,-5.3368115,-5.7268114,-6.4568114,-7.0168114,-7.1668115,-6.8468113,-6.3168116,-5.6768117,-5.2868114,-4.9968114,-4.6568117,-4.3568115,-4.1768117,-3.8968115,-3.5768116,-3.2668116,-2.8668115,-2.1768115,-1.9168115,-0.6668115,0.9531885,-2.3068116,-1.3768115,0.9331885,3.5331886,1.3731885,-1.0168115,0.54318845,0.5831885,-5.1668115,-5.2068114,-6.2668114,-6.0268116,-2.9368114,-4.8668118,-5.1268115,-5.2468114,-5.3668118,-4.4368114
-4.5768113,-6.5268116,-6.0468116,-5.4868116,-5.4068117,-4.9168115,-4.5468116,-4.1968117,-4.1868114,-4.0868115,-3.9568114,-4.1268115,-4.1668115,-4.2068114,-3.9968116,-4.5868115,-4.3568115,-4.7168117,-5.4568114,-5.6868114,-6.1168118,-6.3868117,-6.5268116,-6.3268113,-5.7968116,-5.2568116,-4.8368115,-4.6268115,-4.2268114,-3.6968114,-3.3668115,-3.0268116,-2.7568116,-2.6568115,-2.2168114,-1.3568115,-0.83681154,-0.44681153,-0.58681154,-0.12681152,-2.1168115,-0.7468115,0.91318846,2.5731885,-3.0368116,-1.1268115,-0.066811524,-4.9768114,-4.8968115,-5.1368117,-5.0468116,-4.8968115,-4.1168118,-4.1568117,-3.6068115,-2.5368116,-0.8868115
-3.6368115,-4.6768117,-5.9668117,-5.2568116,-4.5868115,-4.2168117,-3.9768114,-4.0268116,-3.6868114,-3.7468116,-3.9268115,-3.6268115,-3.7068114,-4.1568117,-4.2468114,-4.4268117,-4.1068115,-4.2868114,-4.9268117,-5.0268116,-5.3468113,-5.7168117,-5.8168116,-5.5868115,-5.0568113,-4.5968113,-4.3168116,-4.1068115,-3.8268116,-3.2168114,-2.7168114,-2.2968116,-2.1268115,-1.7168115,-1.2268115,-1.2768115,-1.2068115,-1.1768116,-0.6068115,-0.5468115,-1.6468115,-1.2968116,-0.76681155,0.34318846,-0.31681153,-5.3068113,-0.28681153,-1.5568116,-3.5968115,-3.6368115,-4.8268113,-4.2668114,-3.5968115,-2.0568116,-2.8568115,-0.37681153,-0.5468115
-3.3368115,-3.8168116,-5.0668116,-4.1468115,-3.5568116,-3.3668115,-3.2168114,-3.5668116,-3.4068115,-3.2368116,-3.2868116,-3.1568115,-3.0668116,-3.5668116,-4.3268113,-4.1768117,-3.9068115,-3.6168115,-3.5668116,-4.0068116,-3.9268115,-4.7268114,-4.5668116,-4.7568116,-4.2768116,-3.9368114,-3.9168115,-3.9568114,-3.7268114,-3.0268116,-2.2368116,-1.6068115,-1.2668115,-0.7568115,-1.8768115,-0.6168115,-1.3468115,-1.3668115,-0.11681152,0.31318846,-1.0368115,0.98318845,-1.2368115,0.14318848,0.40318847,0.19318847,-1.6868116,-1.4268116,-2.7468116,-3.0768116,-3.1568115,-3.0968115,-1.2668115,-0.32681152,-0.07681152,-0.43681154,-0.6868115
-2.7468116,-2.8568115,-2.7568116,-3.4368114,-3.2668116,-2.7368116,-2.5468116,-2.3968115,-2.7968116,-2.5668116,-2.2968116,-3.0368116,-2.1268115,-3.2168114,-3.4268115,-4.1268115,-3.3868115,-3.6168115,-3.2468116,-2.2168114,-3.3268116,-3.8168116,-4.5068116,-4.2668114,-4.2868114,-4.2568116,-3.8568115,-3.5068116,-2.8768115,-2.7268114,-2.2068114,-1.3568115,-1.4868115,-2.0068116,-0.84681153,-0.3368115,0.46318847,0.30318847,1.1631885,1.9131885,2.2431884,1.4831885,-0.8168115,-1.1968116,0.78318846,0.17318848,-0.08681152,-2.1468115,-2.0168116,-2.4368114,-1.7768115,-1.3068116,-1.6668115,-0.5068115,0.0031884767,-0.11681152,-0.45681152
-3.0068116,-2.8468115,-2.4568114,-2.2668116,-1.9068115,-2.7368116,-2.4968116,-2.2168114,-2.3668115,-3.1368115,-2.4168115,-2.3268116,-1.5868115,-0.76681155,-3.0968115,-2.7968116,-3.5368116,-3.0268116,-2.7468116,-2.1368115,-1.0368115,-3.0468116,-3.9568114,-3.2068114,-3.3768115,-2.7668116,-1.7468115,-2.1168115,-2.0868115,-1.5668116,-0.32681152,0.6931885,0.92318845,0.54318845,1.3831885,1.8431885,2.2531884,2.1331885,2.6331885,3.3031886,3.8331885,2.3931885,1.9931885,-0.90681154,0.8031885,0.71318847,0.46318847,-0.6168115,-1.5668116,-1.6968116,-0.7568115,0.19318847,0.6131885,-0.6868115,-0.32681152,-0.51681155,-0.3668115
-2.3968115,-2.6068115,-2.5668116,-2.7368116,-2.0968115,-2.0868115,-2.2268114,-2.0668116,-2.5568116,-2.1268115,-2.4768114,-1.9868115,-0.9868115,-0.8668115,-1.5768116,-1.8768115,-5.0168114,-2.0868115,-2.8068116,-2.3768115,-1.5468116,-2.5068116,-3.9868116,-2.9368114,-2.1868114,-1.6768116,-1.4368116,-1.4968115,-1.5168115,-0.5068115,0.033188477,1.2131885,1.1631885,1.1331885,1.7431885,1.9831885,2.4031885,2.6731884,3.4831884,3.9531884,4.4831886,3.8531885,1.0131885,1.9731885,-0.9168115,1.1031885,0.66318846,0.65318847,-1.4968115,-0.18681152,-0.016811524,1.2631885,1.8531885,-0.58681154,-0.07681152,-0.046811525,0.26318848
-1.6868116,-1.7568115,-2.2468116,-2.3468115,-1.9168115,-1.6868116,-0.6268115,-2.1168115,-3.1568115,-2.9068115,-2.3168116,-1.4068115,-1.0968115,-0.9468115,-1.3068116,-2.7868116,-2.7468116,-3.1968114,-2.3068116,-1.8368115,-1.5068115,-2.1768115,-2.1968114,-1.5568116,-1.7968116,-1.0768116,-1.5068115,-1.6268115,-1.2268115,-0.77681154,-0.7568115,-0.15681152,0.27318847,0.54318845,1.2931885,1.2831885,2.2231884,2.4231884,3.3131886,4.0731883,4.5431886,4.4331884,3.2031884,1.7631885,1.0931885,-0.76681155,0.5631885,0.79318845,0.22318847,0.06318848,1.7831885,0.043188475,2.2031884,2.3331885,0.33318847,-0.066811524,0.34318846
-1.2368115,-1.5568116,-1.2468115,-1.0968115,-1.3968115,-1.1768116,-1.3268116,-2.2468116,-2.1568115,-1.9868115,-1.6068115,-0.96681154,-1.0468116,-0.9968115,-1.1668115,-1.7768115,-1.9668115,-2.2268114,-2.4968116,-2.2468116,-1.8868115,-1.0768116,0.09318848,-0.13681152,-0.3368115,-1.2268115,-1.9668115,-1.3068116,-0.76681155,-0.6668115,-0.9168115,-2.0168116,-0.70681155,-0.7368115,-0.08681152,0.14318848,1.4331884,2.4231884,3.0131884,3.6331885,4.1031885,4.2131886,3.3431885,3.2431884,3.0131884,0.17318848,-0.44681153,0.6931885,1.2631885,2.8631885,0.8931885,2.1331885,2.5731885,2.5031884,2.2431884,2.1031885,0.8131885
-0.17681152,-0.7268115,-0.8168115,-0.096811526,-0.76681155,-0.9268115,-1.3568115,-1.8668115,-1.6768116,-1.2468115,-1.3268116,-0.43681154,-0.6168115,-0.8068115,-0.3368115,0.053188477,-0.9468115,-1.4768115,-1.9368116,-1.3268116,-1.4668115,-0.9368115,-0.016811524,0.53318846,0.20318848,-2.2468116,-1.4368116,-1.6768116,-0.6268115,-1.1068115,-0.64681154,-0.83681154,-1.6368115,-1.9268116,-1.3068116,-0.7468115,0.22318847,0.6931885,1.5331885,3.1031885,2.8131886,3.5631886,3.2231884,2.6831884,3.2131884,1.6531885,0.96318847,-0.2768115,1.2331885,1.9131885,1.4631885,2.7531884,2.6031885,2.7631884,2.4431884,2.3831885,2.1831884
1.1231885,0.5031885,0.31318846,0.43318847,-1.0468116,-0.9168115,-1.4368116,-1.0868115,-0.95681155,-0.9168115,-1.0268115,0.45318848,0.60318846,-0.89681154,-0.9468115,0.34318846,0.92318845,-0.18681152,-1.0168115,-0.83681154,-0.64681154,-0.47681153,0.16318847,0.8131885,0.48318848,-0.22681153,-0.4968115,-1.4868115,-1.7068115,-0.77681154,-0.46681154,-2.6368115,-2.9868116,-2.5468116,-1.3768115,-0.43681154,0.7631885,0.4431885,0.13318847,1.5531884,2.2431884,0.96318847,2.4131885,2.1331885,2.2931886,2.1331885,2.6731884,1.8131884,1.9331884,0.5031885,2.8631885,3.1731884,2.8331885,3.4331884,2.1731884,2.5931885,3.1531885
2.0431886,1.9431884,1.3031884,1.4931885,0.15318848,-0.046811525,-0.51681155,-0.48681152,-0.51681155,-0.5468115,-0.31681153,1.1131885,1.2931885,-0.10681152,-0.11681152,0.06318848,1.2431885,0.3831885,1.4031885,0.6231885,0.5231885,-0.18681152,0.53318846,0.9431885,1.0631884,0.19318847,-0.9168115,-0.83681154,-1.0468116,-0.6768115,-0.0068115233,-3.0368116,-2.9668114,-2.7068114,-2.1068115,-1.2368115,-0.6368115,-0.16681153,1.3731885,1.2431885,1.3731885,0.21318847,0.28318846,0.40318847,0.43318847,1.8531885,1.4731885,2.3831885,0.8831885,-0.90681154,-0.036811523,-0.12681152,0.4731885,-0.7968115,0.09318848,0.40318847,-0.016811524
2.9631884,3.2431884,3.4931884,2.2031884,1.2031884,1.3631885,0.5831885,0.22318847,-0.096811526,-0.13681152,0.18318848,0.8131885,1.2531885,-0.46681154,-0.7968115,-0.9368115,0.5231885,1.1831884,1.0431885,2.3631885,1.7131885,1.2631885,0.59318846,0.97318846,1.6631885,-0.53681153,-0.51681155,-0.58681154,-0.5568115,-0.10681152,-1.2168115,-2.4668114,-2.6668115,-2.7668116,-2.4668114,-1.0768116,-0.8168115,-0.7268115,-0.45681152,0.66318846,1.4631885,1.1231885,1.1331885,1.2031884,-0.7468115,-0.5668115,-1.0768116,-1.8868115,-1.4668115,-0.57681155,1.0331885,2.2331884,0.4731885,0.14318848,-0.6168115,-0.8768115,-0.24681152
4.8731885,4.2131886,4.6531887,3.7131884,3.4731884,2.6931884,1.9031885,1.3931885,0.7031885,0.21318847,0.5031885,1.0631884,0.54318845,-0.12681152,-0.4968115,-0.24681152,0.32318848,0.9531885,1.0131885,2.0031884,2.9931884,2.2331884,0.85318846,0.96318847,0.90318847,0.0031884767,-0.046811525,-0.15681152,-0.19681153,0.13318847,-2.0668116,-1.9668115,-1.9868115,-2.3468115,-2.1768115,-1.7368115,-1.3868115,-0.5668115,-0.82681155,-0.7268115,0.023188477,0.29318848,-0.43681154,-0.42681152,-2.6368115,-1.9568115,-1.3668115,-1.0268115,-1.1468115,0.34318846,1.3831885,2.0331886,2.4531884,2.1231885,2.5331886,2.9731884,2.4631884
