data/wind/wind-json-20190327.json
{"header": { "discipline":0, "disciplineName":"Meteorological products", "gribEdition":2, "gribLength":75176, "center":7, "centerName":"US National Weather Service - NCEP(WMC)", "subcenter":0, "refTime":"2019-03-27T00:00:00.000Z", "significanceOfRT":1, "significanceOfRTName":"Start of forecast", "productStatus":0, "productStatusName":"Operational products", "productType":1, "productTypeName":"Forecast products", "productDefinitionTemplate":0, "productDefinitionTemplateName":"Analysis/forecast at horizontal level/layer at a point in time", "parameterCategory":2, "parameterCategoryName":"Momentum", "parameterNumber":3, "parameterNumberName":"V-component_of_wind", "parameterUnit":"m.s-1", "genProcessType":2, "genProcessTypeName":"Forecast", "forecastTime":0, "surface1Type":103, "surface1TypeName":"Specified height level above ground", "surface1Value":10.0, "surface2Type":255, "surface2TypeName":"Missing", "surface2Value":0.0, "gridDefinitionTemplate":0, "gridDefinitionTemplateName":"Latitude_Longitude", "numberPoints":65160, "shape":6, "shapeName":"Earth spherical with radius of 6,371,229.0 m", "gridUnits":"degrees", "resolution":48, "winds":"true", "scanMode":0, "nx":360, "ny":181, "basicAngle":0, "lo1":0.0, "la1":90.0, "lo2":359.0, "la2":-90.0, "dx":1.0, "dy":1.0 }, "data":
[rows 50 to 74 of 181, columns 228 to 284 of 360]
11.496882,11.086883,11.826882,12.036882,11.356882,11.206882,10.186882,9.106882,4.046882,2.3968823,4.856882,1.9668823,7.3968825,1.6368823,1.0568824,0.7668823,4.4368825,4.4968824,2.1468823,1.3968823,1.3868823,1.5168823,-4.5631175,-5.1731176,1.4168823,2.0968823,-2.3031178,-4.453118,6.5368824,8.206882,8.926883,8.336883,7.4368825,6.586882,6.0168824,4.716882,4.236882,2.2968824,1.2868823,1.2368823,1.0768824,1.2668823,0.40688232,-0.4331177,-0.8731177,-1.0731177,-0.9431177,-1.7931176,-2.1531177,-2.6931176,-1.6731176,-1.1331177,-1.0531176,-1.7831177,-0.9331177,-1.4831177,-2.3531177
12.426883,11.136883,10.696882,10.976882,10.116882,9.726882,8.576882,7.506882,6.816882,3.0868824,3.9968824,1.5368823,2.2868824,2.0768824,3.2368822,4.2868824,6.6468825,4.7468824,3.0268824,6.106882,0.8768823,3.9968824,-1.8331177,0.9968823,3.5768824,1.0668824,2.6168823,4.216882,7.466882,8.146882,10.126883,8.346882,7.1468825,6.1968822,5.6468825,4.256882,3.3668823,1.8968823,1.1768823,0.27688232,-0.32311767,0.15688233,-0.17311768,-0.91311765,-1.5131177,-1.2131177,-1.4431176,-1.5431176,-1.9631177,-1.3531177,-1.3331177,-1.6131177,-1.7631177,-0.9331177,-1.3431177,-3.3331177,-2.6031177
10.636883,9.946882,9.506883,10.156882,10.026882,8.266882,7.6868825,6.716882,4.0568824,1.3368824,0.14688233,-0.77311766,1.3168824,4.796882,1.9668823,7.4368825,6.816882,7.3068824,5.7868824,4.1968822,4.086882,5.6668825,2.3368824,5.316882,2.7768824,3.3068824,5.6768823,3.4268823,-0.7431177,6.0768824,10.736882,7.2468824,6.6968822,5.566882,5.1868825,3.8468823,2.8668823,1.6268823,0.44688234,-0.5731177,-1.1331177,-0.7531177,-0.8031177,-1.4131176,-2.1331177,-2.2231176,-2.1331177,-2.0431178,-2.2131176,-1.1631176,-1.3931177,-1.6631176,-0.6931177,-1.5631176,-2.3531177,-0.96311766,-3.1731176
7.3768826,8.706882,8.276882,9.626883,9.606882,8.496882,8.766882,7.6668825,4.4968824,3.6968822,0.60688233,-0.25311768,-1.6531177,1.5068823,3.0868824,7.1168823,6.0168824,2.7768824,1.2268823,-2.3331177,-2.1631176,-1.1431177,1.4968823,-0.84311765,0.9968823,1.8568823,5.4468822,3.0868824,12.846882,11.276882,9.596882,7.356882,6.4068823,4.8468823,2.9568822,2.6068823,2.0168824,0.6868823,-1.3631177,-1.5031177,-1.6831176,-0.70311767,-1.7131177,-2.1731176,-2.2231176,-2.6331177,-2.7531176,-2.2731178,-1.2731177,-0.78311765,-1.1431177,-0.6231177,-0.063117675,-0.9431177,-1.7131177,-1.1731176,-4.6531177
5.086882,7.5568824,6.1168823,9.796883,9.396882,9.096882,7.6368823,4.586882,4.9468822,4.106882,5.1168823,3.8168824,0.7068823,-0.4631177,2.6068823,6.0168824,2.7968824,1.8568823,-0.18311767,0.8968823,1.9368824,-0.8631177,4.0768824,3.3868823,2.3968823,6.9968824,5.6968822,9.786882,9.806882,8.606882,7.9768825,8.216883,7.1868825,4.276882,2.1468823,1.8868823,1.1868824,-0.4031177,-1.2431177,-0.7431177,-1.0831177,-1.3031176,-2.5331178,-3.1931176,-2.1331177,-2.8531177,-2.0731177,-1.7231177,-1.4831177,-0.78311765,0.2868823,-1.5331177,-0.7631177,-1.8631177,-1.4931177,-1.4931177,-7.3731174
4.256882,5.0568824,7.0168824,8.9168825,8.506883,7.6468825,5.9268823,4.586882,5.7468824,5.3068824,4.086882,1.0768824,0.38688233,-4.3431177,4.3068824,0.06688233,-1.1831176,4.1368823,2.4668822,3.2568824,3.5268824,3.0968823,5.856882,4.3768826,5.026882,7.8868823,6.816882,9.486882,8.876883,8.806882,7.736882,6.7468824,4.736882,3.1268823,1.9668823,1.5368823,0.16688232,0.2568823,-0.11311767,-1.2331177,-1.2131177,-2.6031177,-3.7331176,-3.0231178,-2.5031176,-3.1831176,-1.8131176,-1.6931176,0.48688233,0.5568823,-1.8331177,-1.3331177,-1.3931177,-1.8331177,-3.0031176,-2.5631177,-13.103118
2.8868823,4.236882,8.946882,8.486882,7.356882,5.2468824,4.5768824,3.3968823,7.816882,6.276882,3.4568822,0.036882326,-0.013117676,0.77688235,1.6368823,-0.59311765,3.5368824,2.3468823,-0.89311767,2.3668823,2.6468823,2.2368822,4.796882,6.776882,7.506882,8.386883,7.1168823,9.216883,9.136883,7.6968822,6.3768826,5.2468824,3.8668823,1.9768823,2.2668824,1.8868823,0.2568823,0.84688234,0.78688234,-1.0231177,-1.2931176,-2.9231176,-3.1231177,-3.3031178,-2.1531177,-2.2631178,-1.4131176,-2.1831176,-0.83311766,-0.6831177,-1.8331177,-0.90311766,0.30688232,-2.6431177,-4.2531176,-11.863117,-14.553118
2.6068823,6.2468824,7.276882,8.076882,6.6168823,4.1468825,3.4268823,3.2968824,5.966882,5.2068825,2.6568823,0.076882325,-1.5031177,-1.6031177,-1.6231177,-0.36311767,-1.1031177,1.8068824,2.5468824,0.48688233,-1.8731177,-1.2031177,-0.3731177,3.7368822,4.6568823,6.4268823,6.0368824,7.5368824,8.226882,7.4568825,5.526882,4.1868825,3.1468823,2.6868823,2.2768824,0.30688232,-0.83311766,-1.3731177,-1.3331177,-1.3331177,-1.4531177,-3.3831177,-2.8231177,-2.4931176,-2.1631176,-1.9931177,-1.5531176,-2.8231177,-1.5231177,-1.7531177,-0.83311766,-0.84311765,-1.1831176,-6.473118,-9.863117,-13.203117,-13.883118
3.2568824,6.1968822,6.506882,6.8068824,5.4468822,3.5968823,1.7968823,2.8568823,4.8468823,3.3968823,1.3968823,-0.13311768,-1.2931176,-2.2031176,-3.0431178,-4.413118,0.8668823,2.2768824,0.8268823,0.6968823,0.9368823,-2.7531176,0.14688233,2.7068822,2.7568824,2.9668822,4.046882,3.7768824,5.9468822,6.8768826,5.7268825,4.1868825,3.6368823,2.8568823,1.5268823,-0.19311768,-2.4931176,-2.3031178,-1.7531177,-1.6831176,-1.9631177,-2.5331178,-3.0631177,-2.9231176,-1.9731177,-0.6031177,-2.4631176,-2.3931177,-2.2831178,-1.9931177,-0.53311765,-3.0231178,-8.373117,-9.803118,-11.213118,-12.223118,-12.513118
5.3968825,5.526882,5.1268826,5.3268824,4.756882,2.5968823,0.52688235,4.9768825,3.7768824,2.1668823,1.3568823,0.15688233,-1.2631177,-2.7031176,-4.0431175,-5.993118,-0.7531177,0.53688234,-0.4331177,0.3468823,0.52688235,1.2468823,3.0568824,3.6668823,-2.0731177,3.1168823,4.6868825,5.5368824,3.9868822,7.3768826,8.236882,4.546882,2.6768823,1.5468823,-0.41311768,-2.3731177,-2.6931176,-1.5831177,-1.5231177,-1.5131177,-3.0131178,-1.8531177,-3.3731177,-2.4231176,-1.4531177,-1.9731177,-3.0631177,-3.1431177,-1.6731176,-1.7931176,-1.0931177,-7.203118,-8.343118,-8.473118,-9.453117,-10.683118,-10.263118
4.4368825,3.9968824,3.1768823,3.7768824,2.7968824,-0.3731177,5.5168824,4.1568823,2.6468823,1.8868823,1.2168823,0.026882324,-1.4031177,-2.9831176,-4.3231177,-5.3431177,-5.5631175,1.4868823,0.3168823,-3.0731177,-1.2231177,3.9568822,3.0668824,2.2268822,1.4268823,4.6368823,7.3668823,4.856882,1.7768823,1.0168823,8.236882,6.316882,4.2868824,0.8768823,-0.47311768,-2.2831178,-3.1031177,-2.4731176,-3.2131176,-1.9531177,-3.0331178,-2.9731176,-5.5831175,-8.033117,-9.913117,-8.893118,-8.543118,-3.0131178,-2.2231176,-1.8831177,-1.9331176,-5.9631176,-6.243118,-6.3031178,-6.3831177,-6.763118,-7.2131176
2.2268822,2.4868822,2.4268823,1.7768823,0.16688232,2.4468822,4.2468824,3.2068822,2.2868824,1.5868824,0.58688235,-0.6131177,-1.9131176,-3.5031176,-4.8531175,-5.743118,-5.933118,-2.4631176,2.2368822,-1.6931176,-1.2031177,1.7168823,2.3468823,1.3268824,-0.95311767,4.9768825,4.1168823,0.0068823243,2.7868824,5.356882,4.6868825,4.2868824,1.8368824,-0.25311768,-0.90311766,-1.5031177,-1.0931177,3.2768824,0.2868823,-1.6331177,-7.393118,-4.9231176,-6.5831175,-6.7531176,-9.373117,-9.113117,-8.513118,-6.5431175,-1.3231177,-1.4131176,0.016882325,-1.5031177,-5.283118,-6.5431175,-6.2931175,-6.0931177,-5.8531175
1.9068823,2.1568823,0.6468823,-0.72311765,2.7368822,3.4268823,2.6668823,2.5168824,2.1368823,1.3368824,0.046882324,-1.3831177,-2.7131176,-4.1031175,-5.1531177,-5.723118,-5.5731177,-3.4231176,-4.6231174,0.72688234,-2.0331178,-0.29311767,2.1468823,1.9068823,2.6368823,5.7668824,2.1868823,4.3668823,4.4468822,3.1568823,-0.58311766,3.8968823,4.756882,3.2468824,2.8168824,2.2768824,-0.26311767,-2.7831178,-4.8231177,-5.783118,-7.6131177,-6.703118,-6.763118,-8.853118,-9.393118,-9.053118,-8.133118,-6.8431177,-4.9231176,-2.6831176,-1.1631176,-1.8431177,-6.513118,-5.643118,-5.2131176,-5.393118,-5.3831177
-0.17311768,-0.47311768,0.6768823,2.5568824,2.7468824,2.4268823,2.2468824,2.5968823,1.8568823,0.60688233,-0.7931177,-1.9931177,-3.2931178,-4.2931175,-5.143118,-5.533118,-5.8031178,-6.393118,-1.7331177,-0.28311768,-2.0931177,-3.2531176,-0.83311766,1.3468823,1.7968823,5.546882,-0.25311768,4.776882,3.1468823,1.0368823,-0.8131177,-0.25311768,2.3368824,1.1868824,0.45688233,-0.83311766,-2.4831176,-4.6131177,-6.0831175,-6.783118,-7.3531175,-7.223118,-7.5831175,-8.683118,-9.323117,-8.723118,-8.193118,-7.5531178,-6.6931176,-5.203118,-1.3031176,-2.3431177,-1.9831177,-3.9331176,-4.5731177,-4.7931175,-4.8631177
0.30688232,2.2668824,1.4368824,1.7768823,2.5768824,2.5568824,2.1568823,1.5868824,0.48688233,-0.48311767,-1.3631177,-2.5031176,-3.5431178,-4.393118,-5.0731177,-5.5031176,-5.8231177,-5.973118,-4.0931177,-1.7231177,0.016882325,-1.4031177,-2.4831176,-1.5131177,1.8568823,2.0768824,3.8068824,4.986882,1.5968823,-0.13311768,-1.3931177,-3.8731177,-1.1931176,-2.2531176,-1.1031177,-1.7231177,-2.3931177,-4.0031176,-5.3031178,-6.183118,-6.993118,-7.4631176,-7.9831176,-8.713118,-8.673118,-8.043118,-7.8531175,-7.263118,-5.143118,-4.143118,-3.8131177,-0.24311768,4.506882,-2.0631177,-3.4431176,-4.643118,-5.283118
2.3268824,1.6068823,0.5168823,2.4268823,3.0968823,1.7668823,1.0268823,0.22688232,-0.8031177,-1.3031176,-1.9531177,-2.7931178,-3.5831177,-4.3131175,-4.953118,-5.453118,-5.6031175,-5.4831176,-5.0431175,-3.6431177,-2.5531178,-0.8631177,-1.9831177,-2.8631177,-0.47311768,1.3368824,2.8368824,1.9668823,-2.9831176,1.8268824,0.2868823,4.836882,-1.9231176,0.44688234,0.7468823,-1.2731177,-2.9231176,-4.143118,-5.1131177,-5.9631176,-6.493118,-6.8031178,-7.3831177,-7.8531175,-8.063118,-7.723118,-6.6331177,-4.7731175,-4.8731174,-4.2531176,-2.5531178,0.14688233,2.4268823,-1.0531176,-3.7031176,-4.6731176,-5.5531178
1.9868823,-0.5031177,0.78688234,2.7868824,1.9468824,0.8868823,0.16688232,-0.64311767,-1.4031177,-1.8031176,-2.3431177,-2.9131176,-3.4631176,-4.0731177,-4.5731177,-5.1231174,-5.453118,-5.493118,-5.453118,-4.8031178,-4.0831175,-0.9331177,-1.3831177,-3.1331177,-3.7631178,-0.9931177,1.0368823,3.3768823,0.0068823243,4.6868825,5.8668823,6.2068825,-2.0531178,1.3168824,0.58688235,-1.8731177,-3.2731178,-4.2931175,-5.183118,-5.703118,-5.9031177,-6.2731175,-6.6531177,-6.4831176,-6.1331177,-6.0731177,-6.0831175,-6.0931177,-5.7531176,-4.533118,-3.6231177,-2.4331176,-2.6831176,-4.913118,-4.2531176,-4.763118,-5.493118
-0.58311766,-1.3131176,1.7768823,1.9168823,1.0868824,0.66688234,0.08688232,-1.1031177,-1.5531176,-2.1531177,-2.5131178,-3.0631177,-3.5431178,-4.1531177,-4.7131176,-5.263118,-5.6231174,-5.703118,-5.3631177,-4.9231176,-4.3531175,-3.4731176,-1.2731177,1.2368823,-3.7431176,-5.0231175,-0.18311767,1.2968823,4.0768824,2.4768822,4.466882,5.106882,2.9468822,3.9868822,-1.4731177,-2.8831177,-4.0231175,-4.9231176,-5.473118,-5.8731174,-6.0731177,-6.3031178,-6.433118,-6.533118,-6.5031176,-6.703118,-6.9831176,-6.993118,-6.1231174,-4.2931175,-2.9931176,-2.8031178,-4.143118,-5.263118,-4.703118,-4.4431176,-5.223118
-0.8131177,0.84688234,1.5168823,1.2768823,0.6868823,-0.103117675,-0.72311765,-1.2031177,-1.7331177,-2.2631178,-2.6631176,-3.1531177,-3.6431177,-4.3031178,-4.743118,-5.0531178,-5.3431177,-5.3731174,-5.143118,-4.9031177,-4.6931176,-4.2331176,-3.1731176,-1.0831177,-4.9431176,-5.7731175,-4.5531178,0.6168823,1.2968823,2.0868824,0.79688233,0.06688233,1.6068823,0.26688233,-1.9431176,-4.413118,-5.2931175,-5.7731175,-6.143118,-6.4631176,-6.8231177,-7.0531178,-7.0931177,-6.8831177,-6.993118,-7.2131176,-7.4031177,-7.3731174,-3.9231176,-5.183118,-4.7131176,-2.4931176,-1.8831177,-3.5031176,-3.4031177,-5.4031177,-5.5031176
-0.103117675,0.6468823,0.36688232,0.44688234,-0.45311767,-1.2431177,-1.6331177,-2.2131176,-2.3431177,-2.4431176,-2.8631177,-3.0831177,-3.2031176,-3.8231177,-4.3631177,-4.683118,-4.9431176,-5.0531178,-5.013118,-4.993118,-4.7131176,-4.3631177,-4.473118,-3.3631177,-5.3631177,-5.4831176,-3.8331177,-0.003117676,-1.1031177,0.27688232,-1.3831177,-5.763118,-4.453118,-2.0931177,-1.4231176,-4.9631176,-6.4831176,-7.3531175,-7.203118,-6.933118,-6.973118,-8.013118,-3.6531177,-3.2631178,-3.2831178,-2.3531177,-7.183118,-8.8331175,-2.6831176,-1.9831177,-4.6131177,-2.6731176,-2.7531176,-5.663118,-2.2231176,-3.3131177,-2.7531176
0.29688233,-0.053117678,-0.4631177,-0.28311768,-1.2931176,-1.8731177,-2.6631176,-3.2731178,-2.5431178,-2.5231178,-3.0431178,-2.8831177,-2.9331176,-3.5231178,-4.0031176,-4.223118,-4.3131175,-4.473118,-4.5831175,-4.513118,-4.2531176,-3.9231176,-4.433118,-4.5631175,-4.9431176,-5.2531176,-6.1531177,1.4168823,4.796882,1.5568824,-3.2531176,-3.2531176,-4.0831175,-6.4231176,-2.7431176,-2.1331177,-7.2131176,-7.783118,-7.8631177,-8.283117,-9.493117,-12.213118,-3.2131176,-2.7631178,0.23688233,-6.033118,-6.6331177,-6.7931175,-6.1031175,-5.0631175,-4.2131176,-4.243118,-4.1531177,-3.7731178,-5.6031175,-1.2931176,-1.2331177
-0.4931177,-0.9231177,-0.9931177,-1.1831176,-1.0931177,-1.8031176,-2.1831176,-2.6131177,-2.9031177,-3.0431178,-2.8031178,-2.6431177,-2.7331176,-3.3731177,-3.5331178,-3.7031176,-3.9331176,-4.0231175,-4.0531178,-3.8731177,-3.6731176,-3.7131176,-4.2131176,-4.7331176,-4.993118,-5.913118,-6.3531175,2.4668822,1.6268823,-0.9231177,2.3268824,1.7868823,0.8168823,2.9968824,-3.3731177,-0.25311768,-6.9031177,-7.1231174,-9.593118,-9.393118,-10.213118,-3.5831177,-0.97311765,0.08688232,-0.27311766,-4.0931177,-5.8531175,-6.143118,-6.2931175,-7.0431175,-5.0531178,-4.6531177,-4.1531177,-4.3631177,-2.6031177,-0.34311768,0.08688232
-0.8631177,-0.90311766,-0.90311766,-0.45311767,-1.0031177,-0.5631177,-1.1231177,-2.2031176,-3.5631177,-3.5331178,-3.0431178,-2.5431178,-2.5331178,-2.8331177,-3.0531178,-3.3631177,-3.4531176,-3.5731177,-3.4531176,-3.4331176,-3.4831176,-3.5731177,-4.0031176,-4.4031177,-4.993118,-5.283118,-4.953118,1.3468823,1.8468823,-0.013117676,1.5268823,-0.14311768,-0.34311768,-1.5031177,-1.1031177,-0.8231177,-4.493118,-3.8831177,-5.953118,-4.5631175,-4.493118,-3.2131176,-0.42311767,0.7568823,-2.1431177,-4.913118,-4.4031177,-5.0631175,-5.893118,-5.3731174,-3.6131177,-3.7931178,-3.8831177,-3.7731178,-1.8731177,0.47688234,-1.0631176
-1.1931176,-0.90311766,-1.0931177,-1.3331177,-1.4731177,-1.4231176,-1.6031177,-2.9231176,-3.9531176,-3.5231178,-3.2731178,-2.7031176,-2.6531177,-2.7431176,-2.8531177,-2.9831176,-3.0331178,-2.9831176,-3.0931177,-3.2431176,-3.3231177,-3.5131178,-3.7631178,-4.033118,-3.8031178,-3.3731177,-2.4331176,0.19688232,1.2868823,1.7668823,1.6568823,-0.27311766,0.21688232,1.5368823,2.6568823,-4.0531178,-2.7331176,-4.6331177,-2.7631178,-3.0731177,-0.07311767,-1.2331177,0.046882324,0.46688232,-3.0431178,-3.3731177,-3.9931176,-4.4831176,-5.243118,-4.8031178,-5.5031176,-4.033118,-3.7231176,-3.1031177,-1.9731177,-1.2731177,-2.0231178
-1.6231177,-1.5531176,-1.2031177,-1.2331177,-1.4931177,-2.1331177,-2.7431176,-3.4131176,-3.5831177,-3.3431177,-3.2531176,-2.9531176,-2.7131176,-2.5631177,-2.6131177,-2.7231176,-2.9931176,-3.2031176,-3.3431177,-3.3131177,-3.4431176,-3.5531178,-3.5331178,-3.0731177,-2.6531177,-2.0831177,-1.3031176,-0.26311767,1.1568823,1.9068823,2.4768822,1.8368824,0.78688234,0.0068823243,1.4168823,1.7968823,-0.5031177,-15.243117,-9.943118,-1.9631177,-4.6731176,1.9368824,-0.30311766,-0.053117678,-2.4031177,-0.19311768,-2.2131176,-3.3931177,-5.8331175,-6.1331177,-4.7531176,-3.1031177,-3.5031176,-3.3931177,-2.8831177,-3.0131178,-3.1831176
