data/wind/wind-json-20190402.json
{"header": { "discipline":0, "disciplineName":"Meteorological products", "gribEdition":2, "gribLength":74168, "center":7, "centerName":"US National Weather Service - NCEP(WMC)", "subcenter":0, "refTime":"2019-04-02T00:00:00.000Z", "significanceOfRT":1, "significanceOfRTName":"Start of forecast", "productStatus":0, "productStatusName":"Operational products", "productType":1, "productTypeName":"Forecast products", "productDefinitionTemplate":0, "productDefinitionTemplateName":"Analysis/forecast at horizontal level/layer at a point in time", "parameterCategory":2, "parameterCategoryName":"Momentum", "parameterNumber":2, "parameterNumberName":"U-component_of_wind", "parameterUnit":"m.s-1", "genProcessType":2, "genProcessTypeName":"Forecast", "forecastTime":0, "surface1Type":103, "surface1TypeName":"Specified height level above ground", "surface1Value":10.0, "surface2Type":255, "surface2TypeName":"Missing", "surface2Value":0.0, "gridDefinitionTemplate":0, "gridDefinitionTemplateName":"Latitude_Longitude", "numberPoints":65160, "shape":6, "shapeName":"Earth spherical with radius of 6,371,229.0 m", "gridUnits":"degrees", "resolution":48, "winds":"true", "scanMode":0, "nx":360, "ny":181, "basicAngle":0, "lo1":0.0, "la1":90.0, "lo2":359.0, "la2":-90.0, "dx":1.0, "dy":1.0 }, "data":
[rows 52 to 77 of 181, columns 177 to 235 of 360]
15.004275,15.294275,14.834275,14.124275,14.284275,14.294275,12.584275,11.024275,11.114275,11.894275,11.754275,12.244275,10.914275,10.614275,10.104275,11.244275,12.544275,12.524275,12.0942745,10.944275,9.474275,7.8542747,6.724275,4.994275,5.424275,5.4142747,4.004275,4.824275,5.544275,6.3742747,6.764275,3.5042748,-0.4857251,-2.075725,-2.355725,-1.9657251,-1.6757251,-1.3057251,-0.7357251,1.4442749,3.464275,3.164275,2.684275,2.5642748,2.604275,4.514275,5.754275,6.8742747,7.614275,8.774275,9.254275,8.644275,7.8742747,7.254275,6.014275,5.764275,4.6242747,0.3442749,1.4542749
13.434275,13.734275,14.044275,14.104275,14.204275,13.104275,11.724275,11.6342745,11.644275,12.3442745,12.664275,11.684275,11.054275,11.104275,11.304275,11.284275,11.934275,11.924274,11.624275,10.874275,9.544275,8.684275,7.474275,6.284275,5.574275,6.024275,5.314275,4.744275,6.014275,6.634275,6.734275,5.1442747,1.5742749,-1.2057251,-1.7757251,-1.3157251,-1.095725,-0.5457251,0.044274904,1.7042749,2.674275,3.4942749,3.464275,3.5142748,4.224275,4.424275,5.294275,6.404275,7.3542747,8.314275,8.774275,8.334275,7.744275,7.1642747,6.264275,6.694275,4.904275,0.5742749,2.604275
12.554275,12.894275,12.964275,12.474275,11.714275,11.924274,12.104275,11.894275,12.734275,13.024275,11.474275,10.774275,11.324275,12.274275,12.024275,11.624275,11.654275,11.664275,11.514275,11.374275,10.704275,9.574275,8.304275,7.294275,6.864275,6.554275,6.294275,5.634275,6.134275,6.424275,6.984275,5.594275,3.914275,-1.095725,-1.5757251,-1.595725,-1.2157251,-0.7257251,-0.2257251,1.1142749,1.8442749,3.574275,4.1442747,3.714275,4.054275,5.084275,5.364275,5.904275,7.014275,7.6442747,8.114275,8.354275,7.884275,7.3742747,6.204275,5.9342747,6.024275,2.844275,3.704275
8.904275,10.174274,10.584275,11.574275,11.734275,11.3842745,11.184275,11.734275,11.944275,11.524275,10.654275,10.3842745,11.614275,11.934275,11.864275,11.564275,11.504275,11.444275,11.204275,11.124275,10.614275,10.264275,8.944275,7.884275,7.3742747,7.264275,6.584275,6.6242747,6.994275,6.904275,6.654275,5.424275,4.8542747,-0.9257251,-1.5857251,-1.6457251,-1.735725,-1.2457252,-0.6157251,0.1242749,1.1842749,2.0042748,3.624275,4.424275,4.6242747,5.204275,5.3542747,5.974275,6.904275,7.704275,8.144275,8.074275,8.124275,7.6842747,6.6842747,6.034275,5.944275,3.9742749,5.004275
7.494275,9.374275,10.194275,10.294275,10.024275,10.5942745,11.184275,11.554275,11.624275,11.434275,10.374275,10.424274,11.114275,11.334275,11.174274,11.194275,11.224275,11.284275,11.334275,11.144275,10.824275,9.684275,8.494275,8.464275,7.8942747,7.294275,6.964275,7.284275,7.084275,7.614275,6.4142747,5.784275,4.734275,0.4942749,-1.2757251,-1.5657251,-1.2457252,-1.4157251,-0.9757251,-0.6657251,-0.1357251,0.6542749,1.654275,3.2242749,4.1042747,4.794275,5.474275,6.284275,6.784275,7.1642747,7.314275,7.424275,7.524275,7.054275,5.974275,6.554275,5.234275,4.244275,5.094275
7.514275,8.144275,9.104275,9.944275,10.284275,10.864275,11.504275,11.294275,11.214275,11.454275,10.994275,10.604275,10.424274,10.5942745,10.3442745,10.3442745,10.494275,10.504275,10.814275,11.0942745,10.794275,10.614275,9.944275,8.504275,7.744275,7.024275,6.904275,7.094275,7.004275,7.674275,6.244275,6.514275,4.814275,0.9642749,-0.8657251,-1.6857251,-1.3357251,-1.1357251,-1.4357251,-1.1557251,-1.0357251,-0.9657251,0.1442749,1.0442749,2.214275,3.164275,3.924275,4.6042747,5.204275,5.6242747,6.024275,6.244275,6.314275,5.924275,6.234275,6.4342747,5.344275,4.9342747,4.794275
6.454275,7.294275,10.104275,11.424274,10.6342745,10.834275,11.224275,10.954275,10.3842745,10.484275,10.294275,10.284275,9.954275,9.914275,9.484275,9.474275,9.644275,9.774275,9.734275,9.5942745,9.644275,9.224275,8.334275,7.964275,7.614275,6.964275,6.824275,6.734275,7.194275,7.044275,5.794275,6.6442747,4.704275,1.4342749,-0.5457251,-1.985725,-2.9757252,-1.6757251,-1.7157251,-1.8357251,-1.6757251,-1.6757251,-0.8157251,0.20427491,1.024275,1.8642749,2.4942749,2.944275,3.424275,4.024275,4.364275,4.924275,4.924275,5.3742747,5.974275,5.6642747,5.564275,4.8942747,4.4342747
9.294275,10.564275,10.8842745,10.624275,10.324275,9.974275,9.944275,9.664275,9.444275,9.664275,9.684275,9.334275,9.224275,8.814275,8.754275,8.644275,8.714275,8.964275,9.214275,9.084275,8.624275,8.674274,8.3842745,8.034275,7.714275,7.3542747,7.1042747,6.794275,7.014275,6.8942747,5.794275,6.484275,4.004275,2.614275,1.024275,-1.3157251,-3.105725,-2.7557251,-2.4557252,-2.2457252,-2.075725,-1.7457252,-1.1357251,-0.5357251,0.0842749,0.5542749,1.1942749,1.7042749,2.324275,2.964275,3.114275,3.5042748,4.884275,5.264275,4.884275,5.174275,4.924275,4.234275,3.9942749
8.434275,8.364275,8.534275,8.854275,9.314275,9.0942745,9.3842745,9.254275,9.194275,9.004275,8.744275,8.364275,8.214275,7.9142747,7.634275,7.6642747,7.834275,7.8742747,7.714275,7.864275,8.124275,8.1342745,7.6842747,7.404275,7.4342747,7.4142747,7.4142747,6.3942747,6.724275,6.484275,6.264275,6.334275,3.904275,3.2442749,2.364275,-0.5757251,-1.5457251,-2.9757252,-3.335725,-3.095725,-2.895725,-2.665725,-2.035725,-0.8857251,0.074274905,0.4842749,0.4642749,0.6442749,1.514275,2.324275,3.7242749,4.824275,4.814275,4.3942747,4.234275,4.194275,3.924275,3.4942749,3.394275
6.674275,6.834275,7.174275,7.824275,8.454275,8.704275,8.474275,8.3442745,8.164275,7.794275,7.494275,7.234275,6.994275,6.834275,6.544275,6.464275,6.704275,7.014275,7.154275,7.224275,7.1642747,7.014275,7.054275,6.694275,6.6442747,7.784275,5.954275,5.954275,6.074275,6.014275,6.064275,5.494275,4.114275,3.5642748,1.9142749,-0.2157251,-0.4957251,-1.5757251,-3.385725,-3.9357252,-3.9657252,-3.4957252,-2.805725,-2.055725,-1.0557251,-0.1657251,0.7642749,1.5642749,2.714275,4.154275,4.474275,4.6442747,4.134275,3.344275,3.0342748,2.954275,2.954275,2.824275,2.864275
6.174275,6.4342747,6.974275,7.224275,7.1042747,7.064275,7.034275,6.8942747,6.6642747,6.324275,6.314275,5.884275,5.9142747,5.844275,5.484275,5.3742747,5.284275,5.6842747,6.154275,6.524275,7.024275,7.3942747,6.994275,6.594275,6.284275,5.294275,4.994275,5.454275,5.464275,5.234275,6.484275,5.4342747,4.1842747,3.594275,1.0342749,0.1542749,-0.3057251,-0.5357251,-0.2057251,-0.8757251,-2.615725,-3.815725,-3.5157251,-2.595725,-1.2557251,0.30427492,1.9142749,3.414275,3.594275,4.084275,4.114275,3.4742749,2.424275,1.5942749,1.514275,1.6642749,1.9942749,2.144275,2.3042748
5.314275,5.424275,5.3742747,5.334275,5.324275,5.384275,5.3742747,5.244275,5.114275,4.9342747,4.614275,4.454275,4.524275,4.454275,4.554275,4.3542747,4.194275,4.4142747,4.504275,4.824275,5.284275,5.514275,5.584275,5.054275,4.4342747,3.9942749,4.3942747,4.724275,4.584275,5.074275,6.084275,5.264275,4.774275,3.124275,2.604275,2.144275,1.3442749,0.8042749,0.1242749,0.3142749,0.9242749,2.144275,2.5442748,2.444275,2.154275,2.124275,2.2542748,2.214275,2.2942748,2.3142748,1.7542748,0.9042749,0.27427492,0.20427491,0.3842749,0.66427493,1.0342749,1.3442749,1.7342749
3.9842749,3.844275,3.594275,3.434275,3.374275,3.384275,3.324275,3.164275,3.0442748,2.704275,2.424275,2.614275,2.854275,2.934275,3.0542748,3.0242748,3.174275,3.444275,4.004275,4.204275,4.544275,4.204275,3.614275,3.154275,3.0142748,3.3142748,3.454275,3.364275,3.7942748,5.454275,5.524275,5.304275,4.514275,3.5242748,2.864275,0.5342749,-0.3957251,-0.2057251,-0.7757251,-0.7957251,-1.0857251,-0.8257251,-0.105725095,0.23427491,0.2442749,0.27427492,-0.055725098,-0.3357251,-0.6157251,-0.9157251,-1.1857251,-1.1657251,-1.2057251,-1.1857251,-0.8757251,-0.4057251,0.044274904,0.5142749,1.0742749
2.114275,1.8342749,1.634275,1.4742749,1.3042749,1.024275,0.9842749,0.66427493,0.4442749,0.1642749,0.044274904,0.4042749,0.6342749,1.2042749,1.1142749,1.0542749,1.2242749,1.5642749,1.6242748,2.2942748,2.394275,1.8442749,1.0642749,0.9642749,0.8142749,0.8142749,1.3342749,2.394275,4.704275,4.714275,4.774275,4.824275,3.904275,2.2342749,0.4642749,-1.0157251,-1.3157251,-1.3257251,-1.5757251,-2.085725,-2.425725,-2.4457252,-2.2657251,-2.145725,-2.1957252,-2.405725,-2.7257252,-3.065725,-3.165725,-2.9557252,-2.7057252,-2.575725,-2.5157251,-2.335725,-1.9257251,-1.3757252,-0.7957251,-0.2957251,0.2842749
-0.025725098,-0.1957251,-0.3457251,-0.5257251,-0.8557251,-1.0457251,-1.2157251,-1.6557251,-1.8157251,-1.845725,-1.7757251,-1.6257252,-1.4957252,-1.2557251,-1.0157251,-1.0157251,-0.8557251,-0.58572507,-0.5457251,-0.1757251,-0.1957251,-0.6157251,-0.9457251,-1.235725,-1.0657251,-1.0757251,1.2942749,3.8042748,4.294275,3.404275,4.704275,3.714275,2.4842749,-0.2657251,-1.7157251,-3.0157251,-1.0557251,-2.0157251,-2.645725,-3.035725,-3.7157252,-3.7757251,-3.655725,-3.9957252,-4.3157253,-4.6457253,-4.8757253,-4.655725,-4.265725,-4.0657253,-3.865725,-3.6857252,-3.5257251,-3.295725,-2.805725,-2.2157252,-1.595725,-1.105725,-0.6057251
-1.845725,-1.9657251,-2.175725,-2.355725,-2.605725,-2.845725,-3.165725,-3.5057251,-3.625725,-3.5257251,-3.345725,-3.165725,-3.0157251,-3.0257251,-2.895725,-2.805725,-2.635725,-2.395725,-2.2457252,-2.2057252,-2.2257252,-2.405725,-2.4857252,-2.4457252,-2.535725,2.444275,2.8042748,2.924275,3.104275,3.924275,4.234275,2.5442748,0.5542749,-1.975725,-2.635725,-4.175725,-1.8157251,-3.105725,-3.2457252,-4.255725,-4.8357253,-4.935725,-4.995725,-5.115725,-5.765725,-5.825725,-5.575725,-5.285725,-5.095725,-4.935725,-4.805725,-4.505725,-4.235725,-3.905725,-3.425725,-2.785725,-2.2357252,-1.985725,-1.6357251
-3.285725,-3.535725,-3.795725,-3.915725,-4.045725,-4.345725,-4.725725,-4.985725,-5.055725,-4.905725,-4.805725,-4.6057253,-4.475725,-4.455725,-4.465725,-4.3357253,-4.0857253,-4.0657253,-3.925725,-3.7257252,-3.385725,-2.845725,-3.315725,-2.4457252,-2.815725,0.5242749,0.3442749,1.014275,2.8042748,2.5242748,2.924275,1.8442749,-2.295725,-3.415725,-3.4557252,-3.7657251,-3.2657251,-3.655725,-3.9757252,-4.995725,-5.495725,-5.5657253,-5.845725,-6.015725,-6.415725,-6.515725,-6.415725,-6.035725,-5.805725,-5.535725,-5.3757253,-5.035725,-4.615725,-4.3157253,-3.835725,-3.355725,-2.9857252,-2.815725,-2.4357252
-4.0857253,-4.545725,-5.0657253,-5.245725,-5.3157253,-5.535725,-5.825725,-5.925725,-5.8957253,-5.825725,-5.785725,-5.715725,-5.505725,-5.215725,-5.325725,-5.3557253,-5.3957253,-5.175725,-4.715725,-4.1257253,-4.535725,-4.1057253,0.1042749,1.1842749,1.6042749,1.9942749,0.3442749,-0.2757251,1.0842749,1.3342749,1.3342749,-1.225725,-3.555725,-3.615725,-3.585725,-3.7157252,-4.3757253,-4.795725,-4.995725,-5.8957253,-5.885725,-5.8957253,-6.305725,-6.635725,-6.965725,-7.035725,-7.025725,-6.695725,-6.495725,-6.1457253,-5.825725,-5.325725,-4.925725,-4.655725,-4.325725,-3.9657252,-3.7357252,-3.565725,-3.165725
-5.285725,-5.445725,-5.885725,-6.165725,-6.365725,-6.415725,-6.365725,-6.325725,-6.035725,-6.035725,-5.885725,-6.0857253,-6.435725,-5.945725,-5.715725,-5.975725,-5.705725,-4.995725,-5.6457253,-3.0257251,-0.6757251,0.1542749,0.4942749,0.5042749,0.4642749,0.0042749024,1.1942749,1.9842749,-1.595725,1.404275,-1.235725,-3.095725,-3.4757252,-3.295725,-3.585725,-4.515725,-5.0857253,-5.695725,-5.955725,-6.435725,-6.675725,-6.385725,-6.615725,-7.225725,-7.265725,-7.475725,-7.415725,-7.1457253,-6.935725,-6.5857253,-6.115725,-5.635725,-5.185725,-5.095725,-4.8957253,-4.615725,-4.385725,-4.1257253,-3.7757251
-6.975725,-7.245725,-7.265725,-7.205725,-6.955725,-6.575725,-6.1057253,-6.555725,-6.8957253,-7.235725,-7.455725,-7.615725,-6.805725,-6.0857253,-6.3157253,-6.3157253,-5.3157253,-3.045725,-0.9057251,-1.3357251,-0.7357251,-0.8957251,-0.7157251,-0.9157251,-1.475725,-0.8457251,0.1842749,2.7442749,-1.3257251,-1.7957251,-3.0057251,-3.815725,-3.2157252,-4.025725,-4.3357253,-4.8357253,-5.805725,-6.285725,-6.745725,-6.8157253,-6.865725,-6.845725,-7.1257253,-7.455725,-7.535725,-7.8357253,-7.6457253,-7.445725,-6.955725,-6.725725,-6.275725,-5.735725,-5.5657253,-5.615725,-5.475725,-5.215725,-4.8357253,-4.475725,-4.135725
-6.8757253,-7.155725,-7.6457253,-7.8157253,-7.505725,-7.775725,-7.8557253,-7.795725,-7.655725,-7.825725,-7.3157253,-7.135725,-6.285725,-4.825725,-4.1257253,-3.865725,-3.7357252,-3.405725,-2.4557252,-2.1957252,-1.985725,-2.125725,-2.115725,-2.2357252,-2.2357252,-2.4957252,-2.4657252,-1.485725,-1.9457251,-3.405725,-4.245725,-4.155725,-3.9457252,-4.735725,-4.995725,-6.3157253,-6.715725,-6.925725,-7.3557253,-7.175725,-7.0657253,-6.8957253,-7.365725,-7.695725,-7.8357253,-8.135725,-8.015725,-7.6257253,-6.945725,-6.615725,-6.445725,-6.165725,-6.015725,-5.965725,-5.765725,-5.505725,-5.115725,-4.725725,-4.475725
-7.305725,-7.385725,-7.945725,-8.335725,-7.715725,-6.695725,-5.465725,-4.495725,-4.235725,-4.3157253,-5.175725,-5.345725,-5.275725,-4.955725,-4.665725,-4.655725,-4.525725,-4.505725,-4.5657253,-4.525725,-4.3757253,-3.285725,-2.925725,-3.4757252,-4.285725,-3.785725,-3.325725,-3.545725,-3.545725,-4.115725,-4.655725,-4.5657253,-4.635725,-5.095725,-5.695725,-6.8357253,-7.5657253,-7.695725,-7.775725,-7.725725,-7.3157253,-7.1457253,-7.305725,-7.6057253,-7.635725,-7.995725,-8.015725,-7.705725,-7.265725,-7.1057253,-6.8957253,-6.485725,-6.305725,-6.075725,-5.795725,-5.635725,-5.415725,-5.0857253,-4.725725
-5.6457253,-6.225725,-6.0857253,-6.0657253,-6.445725,-5.955725,-5.665725,-5.775725,-6.055725,-5.8357253,-5.735725,-5.725725,-5.595725,-5.385725,-5.325725,-5.525725,-5.8957253,-5.945725,-6.1257253,-5.495725,-4.445725,-4.175725,-4.6457253,-5.285725,-4.475725,-3.9857252,-3.9757252,-4.245725,-4.575725,-5.005725,-4.825725,-4.745725,-4.8557253,-5.135725,-5.595725,-6.845725,-7.685725,-8.4057255,-8.375725,-7.945725,-7.5657253,-7.505725,-7.325725,-7.515725,-7.3157253,-7.575725,-7.705725,-7.6057253,-7.325725,-7.185725,-7.285725,-7.1457253,-6.705725,-6.325725,-6.115725,-5.8757253,-5.595725,-5.135725,-4.555725
-5.765725,-5.8557253,-6.195725,-6.435725,-6.635725,-6.715725,-6.595725,-6.545725,-6.405725,-6.195725,-6.225725,-6.285725,-6.235725,-6.345725,-6.515725,-6.475725,-6.6057253,-6.535725,-5.715725,-5.135725,-5.435725,-5.8757253,-5.615725,-5.0857253,-5.175725,-4.555725,-4.6457253,-5.0657253,-5.755725,-5.415725,-5.185725,-5.055725,-5.275725,-5.735725,-6.255725,-6.6057253,-7.3157253,-8.475725,-8.605725,-8.625725,-7.985725,-7.805725,-7.705725,-7.5657253,-7.475725,-7.475725,-7.305725,-7.365725,-7.425725,-7.575725,-7.615725,-7.3957253,-6.8757253,-6.435725,-6.225725,-5.955725,-5.555725,-5.115725,-4.6457253
-6.345725,-6.495725,-7.005725,-7.185725,-6.985725,-7.055725,-7.1057253,-6.995725,-6.775725,-6.705725,-6.785725,-6.905725,-6.8757253,-6.765725,-6.915725,-6.915725,-6.725725,-6.095725,-5.795725,-5.885725,-5.965725,-6.025725,-5.555725,-5.3757253,-5.8157253,-4.985725,-5.255725,-5.665725,-5.865725,-5.805725,-5.495725,-5.715725,-5.465725,-5.845725,-6.905725,-6.8957253,-7.195725,-8.095725,-8.375725,-9.015725,-8.715725,-7.965725,-7.8157253,-7.735725,-7.685725,-7.515725,-7.3957253,-7.325725,-7.445725,-7.655725,-7.535725,-7.255725,-6.8357253,-6.345725,-6.235725,-6.005725,-5.545725,-5.1457253,-4.705725
-7.635725,-7.6057253,-7.495725,-7.1057253,-7.1057253,-7.305725,-7.295725,-7.235725,-6.995725,-6.705725,-6.745725,-6.785725,-6.8957253,-7.0657253,-7.025725,-6.915725,-6.5657253,-6.245725,-6.235725,-6.445725,-6.3357253,-5.945725,-5.8757253,-5.735725,-5.5857253,-5.925725,-5.8757253,-6.165725,-6.705725,-6.285725,-5.665725,-6.505725,-5.455725,-6.345725,-6.8957253,-7.3557253,-7.825725,-7.945725,-8.085725,-8.585725,-9.085725,-8.415725,-8.1557255,-8.025725,-7.745725,-7.6457253,-7.715725,-7.445725,-7.305725,-7.435725,-7.1457253,-7.0657253,-6.485725,-6.015725,-5.955725,-5.8157253,-5.305725,-5.035725,-4.6057253
