data/wind/wind-json-20190331.json
{"header": { "discipline":0, "disciplineName":"Meteorological products", "gribEdition":2, "gribLength":74545, "center":7, "centerName":"US National Weather Service - NCEP(WMC)", "subcenter":0, "refTime":"2019-03-31T00:00:00.000Z", "significanceOfRT":1, "significanceOfRTName":"Start of forecast", "productStatus":0, "productStatusName":"Operational products", "productType":1, "productTypeName":"Forecast products", "productDefinitionTemplate":0, "productDefinitionTemplateName":"Analysis/forecast at horizontal level/layer at a point in time", "parameterCategory":2, "parameterCategoryName":"Momentum", "parameterNumber":3, "parameterNumberName":"V-component_of_wind", "parameterUnit":"m.s-1", "genProcessType":2, "genProcessTypeName":"Forecast", "forecastTime":0, "surface1Type":103, "surface1TypeName":"Specified height level above ground", "surface1Value":10.0, "surface2Type":255, "surface2TypeName":"Missing", "surface2Value":0.0, "gridDefinitionTemplate":0, "gridDefinitionTemplateName":"Latitude_Longitude", "numberPoints":65160, "shape":6, "shapeName":"Earth spherical with radius of 6,371,229.0 m", "gridUnits":"degrees", "resolution":48, "winds":"true", "scanMode":0, "nx":360, "ny":181, "basicAngle":0, "lo1":0.0, "la1":90.0, "lo2":359.0, "la2":-90.0, "dx":1.0, "dy":1.0 }, "data":
[rows 25 to 49 of 181, columns 0 to 57 of 360]
-9.392464,-9.602464,-9.432464,-9.302464,-9.062464,-8.772464,-8.632463,-8.202463,-7.6524634,-6.452463,-5.0024633,-4.6124635,-1.7624633,0.08753662,-0.05246338,-0.61246336,-0.8824634,-0.80246335,-1.2324634,-1.5124633,-1.9824634,-2.0024633,-2.4724634,-1.9824634,-1.1724634,0.0075366213,0.82753664,1.2375367,1.2175366,1.2075366,1.3575367,1.4075366,1.2975366,1.2675366,1.3375366,1.7775366,1.4175366,0.89753664,1.1275367,1.0875366,0.28753662,0.2975366,0.4575366,0.4275366,0.63753664,0.25753662,-0.31246337,-0.91246337,-0.79246336,0.3275366,1.3975366,1.7975366,2.0275366,1.9275366,1.8775367,1.3575367,0.8675366,0.5375366
-9.012464,-9.372463,-9.422463,-9.042463,-8.582463,-8.162463,-7.7324634,-7.2524633,-6.4424634,-5.4424634,-3.9224634,-0.8824634,0.09753662,-2.1524634,-3.2824633,-3.0024633,-2.7524633,-2.6124635,-1.9324634,-1.8024634,-1.8224634,-3.0124633,-4.3024635,-2.2924633,0.43753663,0.77753663,0.8775366,1.0075366,1.3075366,1.4275366,1.6275367,1.7875366,1.7275367,1.3775367,1.3675367,1.2075366,1.2775366,2.2675366,0.9375366,0.2975366,0.5675366,0.6175366,0.6175366,0.6775366,0.5575366,0.34753662,-0.042463377,-0.082463376,0.44753662,0.8075366,1.1575366,1.8275366,2.0575366,1.9775367,2.0275366,1.7875366,1.2975366,1.5975366
-8.5924635,-8.902463,-8.882463,-8.392464,-7.6324635,-6.7724633,-6.2124634,-3.9624634,-1.0024633,-0.25246337,-1.5724634,-3.9124634,-5.6724634,-7.4724636,-5.662463,-4.0124636,-3.8424635,-2.5324633,-1.9624634,-4.0524635,-5.2324634,-3.9124634,0.03753662,0.6575366,0.9675366,0.63753664,0.77753663,0.9775366,1.4175366,1.1475366,1.7275367,1.5775366,1.3875366,1.2775366,1.1375366,1.2375367,1.1875366,0.9275366,0.57753664,0.34753662,0.44753662,0.47753662,0.34753662,0.25753662,0.05753662,-0.002463379,0.09753662,0.3275366,0.43753663,0.07753662,0.31753662,1.2275367,1.7475367,2.1175365,2.1375365,1.9775367,1.4275366,1.5175366
-8.442463,-8.712463,-8.712463,-8.432464,-7.8224635,-6.2524633,0.31753662,0.4575366,-1.1224633,-2.4224634,-4.202463,-6.7724633,-9.012464,-6.5024633,-5.0124636,-3.9224634,-3.5124633,-3.4324634,-7.0224633,-6.0524635,-4.9924636,-1.9524634,0.6575366,0.6675366,0.6175366,0.08753662,0.19753662,0.43753663,0.63753664,0.8175366,0.8775366,0.82753664,1.1375366,1.3875366,1.2675366,1.2475367,0.8175366,1.0875366,0.89753664,0.4275366,0.3275366,0.28753662,0.047536623,0.44753662,0.27753663,0.11753662,-0.002463379,-0.11246338,-0.2624634,-0.05246338,0.2675366,0.9975366,1.6575366,1.8975366,1.7275367,1.9475366,1.9175366,1.9375366
-8.502463,-8.832463,-9.102464,-9.362463,-9.312464,-7.8524632,-2.8524635,0.24753661,-2.6824634,-2.9224634,-4.7324634,-4.662463,-4.662463,-2.8924634,-1.9024634,-0.7524634,-0.7524634,-1.0424634,-0.80246335,1.6375366,0.95753664,-0.6424634,-1.1324633,-2.4324634,-2.3924634,-1.1724634,-0.22246338,0.6875366,1.5175366,1.9475366,2.7275367,4.5775366,3.1775367,2.0475366,1.5575366,1.6275367,1.8475366,0.64753664,0.41753662,0.43753663,0.43753663,0.34753662,0.22753662,0.33753663,0.22753662,0.24753661,0.0075366213,0.027536621,-0.03246338,0.13753662,0.6075366,1.3275366,1.7375367,1.8475366,2.0875366,1.8675367,1.7975366,1.8475366
-8.582463,-9.582463,-9.962463,-10.112463,-10.152463,-10.822463,-5.6024632,-6.0124636,-6.8824635,-4.6724634,-2.1224635,-1.2524633,-0.17246337,0.03753662,-0.05246338,-0.36246338,-0.18246338,-0.17246337,-0.41246337,-1.7924634,-4.5424633,-4.5224633,-1.7524633,1.4375366,2.8475366,5.0275364,5.817537,5.8475366,5.6575365,3.3675365,1.9175366,1.6475366,1.6975366,1.8175366,1.7375367,1.5375366,1.3475366,1.3675367,0.8475366,0.5575366,0.31753662,0.24753661,0.09753662,0.37753662,0.44753662,0.05753662,0.03753662,0.03753662,0.07753662,0.44753662,0.8475366,1.3575367,1.8175366,2.2375367,1.9875367,1.9075366,1.5475366,1.4975367
-8.102464,-9.002463,-9.812464,-10.372463,-10.922463,-11.802464,-10.152463,-10.932464,-5.7424636,-2.6924634,-1.6724634,-0.34246337,0.4575366,1.4975367,1.5175366,0.38753662,0.38753662,0.08753662,-0.40246338,1.2675366,2.9275367,3.3875365,4.1575365,3.4075365,2.0675366,2.6175365,2.6475365,2.4775367,2.8275366,2.1775367,2.0675366,2.1775367,2.3675365,2.2675366,1.6475366,1.6675366,1.7975366,1.6475366,1.5375366,0.95753664,0.9375366,0.5575366,0.76753664,0.5475366,0.5475366,0.27753663,0.07753662,0.15753663,0.0075366213,0.3575366,1.0175366,1.5475366,1.9275366,1.8375366,1.4875367,1.3675367,1.2075366,1.5575366
-7.1024632,-8.052464,-8.962463,-9.692463,-10.402463,-11.172463,-12.112463,-8.482464,-5.7724633,-5.0824633,-3.1824634,-1.6624634,-0.17246337,0.4275366,0.43753663,0.3575366,-0.24246338,-0.19246338,1.7275367,2.2275367,3.2075367,3.9875367,5.0275364,4.317537,5.9475365,2.2075367,2.0975366,2.2475367,2.4975367,1.9275366,1.7675366,2.1975367,1.9275366,1.9375366,1.8675367,2.1575365,1.6875366,1.9875367,1.4175366,1.4475366,0.9975366,1.1175367,0.6275366,0.5475366,0.13753662,-0.2924634,-0.61246336,-0.7724634,-0.18246338,0.6175366,1.6475366,2.6775367,2.6675367,1.9375366,1.3275366,1.3575367,1.5975366,1.4575366
-5.952463,-6.912463,-7.7424636,-8.502463,-9.192463,-9.622463,-9.362463,-8.8424635,-6.932463,-2.8824635,-0.97246337,-2.0724633,-2.9524634,-0.4224634,-0.31246337,-0.7524634,-0.67246336,1.0175366,2.8875365,3.3175366,3.4975367,4.1775365,1.7675366,2.0775366,3.6775367,2.3075366,2.0975366,1.9675366,2.2675366,2.1575365,1.2475367,1.6975366,1.5575366,1.6075367,1.4475366,1.5275366,1.9275366,1.8375366,1.8775367,1.4575366,1.2475367,1.2275367,1.2975366,1.1375366,0.49753663,0.11753662,-0.5924634,-0.5224634,-0.24246338,0.38753662,1.0775366,1.1875366,1.3275366,0.9675366,1.3175366,1.2175366,0.8175366,1.9375366
-6.3424635,-6.7624636,-6.6024632,-6.662463,-7.0024633,-6.622463,-6.1524634,-6.7824636,-5.5324636,-1.0424634,-1.5824634,-2.8224633,-3.1924634,-2.2924633,-1.3524634,-0.14246339,1.3075366,2.0075366,2.1575365,2.6675367,2.9475367,2.7575366,2.0375366,2.3175366,3.1475365,2.9175367,1.7575366,1.4575366,1.5875366,1.4575366,1.1275367,1.1575366,1.2475367,1.4075366,1.2375367,1.3675367,1.6075367,1.1275367,1.3275366,1.5175366,1.2775366,1.0375366,0.7175366,1.3575367,1.0675366,1.0875366,0.9975366,0.9975366,0.94753665,0.75753665,0.3575366,0.6275366,1.2575366,1.4475366,1.2775366,1.3975366,2.3775365,2.6475365
-4.0924635,-4.6724634,-5.6524634,-5.9724636,-5.8224635,-5.7124634,-5.5824633,-6.5324636,-6.0424633,-2.7024634,-4.452463,-2.8524635,-2.3524635,-2.5524633,-2.2824633,-1.2024634,-0.03246338,1.3475366,2.4075365,2.0675366,2.9675367,2.8175366,1.9175366,2.0275366,2.0775366,2.3175366,1.5775366,2.1875367,1.5975366,1.3575367,0.9775366,1.0375366,0.8075366,1.0075366,0.95753664,0.89753664,1.0475366,1.4375366,2.0775366,1.7975366,1.3875366,1.4475366,1.2875366,0.82753664,0.6175366,0.82753664,0.82753664,0.51753664,0.8075366,0.9875366,0.9875366,1.3575367,1.4475366,1.1875366,1.8875366,2.2075367,2.5075366,3.3675365
-4.3624635,-4.8624635,-5.2824636,-5.7524633,-6.3324633,-6.702463,-6.5224633,-5.872463,-5.3824635,-2.2824633,-1.0924634,-1.7124634,-1.8024634,-1.3824633,-1.9624634,-0.99246335,1.0575366,1.1875366,1.0375366,1.8475366,1.6675366,2.0075366,1.9275366,1.8075366,1.6375366,2.0675366,1.5475366,1.8175366,1.1875366,1.1075367,0.82753664,0.5575366,0.52753663,0.57753664,0.5975366,0.75753665,1.0275366,1.4075366,2.4375367,2.6475365,2.2475367,1.8675367,1.3375366,1.9775367,1.3575367,0.70753664,0.70753664,0.34753662,0.16753662,0.4275366,1.2875366,1.3175366,1.7475367,2.3075366,2.4075365,3.0575366,3.8675365,3.3575366
-3.2324634,-4.4724636,-5.7324634,-6.0024633,-6.3624635,-5.0124636,-2.0724633,-1.9724634,-1.6824634,-1.5124633,-1.3024634,-2.0024633,-2.7324634,-1.8024634,-0.13246338,1.2575366,0.94753665,1.2475367,1.1975366,1.4075366,1.6275367,1.9075366,1.9075366,1.9575366,1.6775366,1.8175366,1.1875366,1.1575366,0.83753663,0.7275366,0.2675366,-0.15246338,-0.15246338,-0.25246337,0.07753662,0.39753664,0.44753662,0.7275366,2.1375365,1.9175366,0.9875366,1.1275367,1.0275366,0.5375366,0.5675366,0.18753663,0.21753663,-0.3924634,0.9275366,2.6375365,2.4075365,2.3475366,1.7975366,2.5275366,3.0275366,3.3075366,4.0375366,3.1075366
-2.9324634,-2.7124634,-3.5424633,-4.2624636,-3.7924633,-2.5124633,-2.6124635,-2.6724634,-2.2224634,-1.1424633,-0.44246337,-0.74246335,-1.9824634,-0.06246338,1.7575366,1.9875367,1.7775366,1.3775367,1.1675366,1.6975366,2.1275365,1.8875366,1.8275366,1.4575366,1.2475367,1.1675366,1.1375366,1.0175366,0.83753663,0.5575366,0.31753662,0.5575366,0.5475366,0.49753663,0.49753663,0.20753662,0.24753661,0.17753662,0.25753662,-0.19246338,0.41753662,0.4875366,0.21753663,0.76753664,1.0875366,0.24753661,-0.5324634,1.1275367,1.7475367,1.9875367,2.4575367,2.4075365,3.0975366,3.1075366,3.1475365,2.7275367,3.0775366,3.0575366
-2.3524635,-1.4024634,-1.6224633,-2.2724633,-1.6824634,-1.5924634,-1.0224633,-0.17246337,-0.3224634,-0.7024634,-0.17246337,-0.27246338,0.5475366,2.9175367,2.5275366,3.3975365,1.8675367,0.8675366,0.5975366,1.4375366,1.7575366,1.5775366,1.8375366,1.3375366,0.82753664,1.0875366,1.0175366,0.77753663,0.5475366,0.10753662,-0.10246338,-0.23246337,-0.082463376,0.19753662,0.36753663,0.22753662,0.027536621,0.21753663,0.9775366,1.2375367,1.4675366,1.5675366,0.9975366,0.7375366,0.9275366,1.2375367,0.7375366,2.2275367,2.8475366,3.4475367,3.3475366,3.2975366,3.0975366,2.8875365,2.1475365,1.8175366,2.4975367,3.0675366
-2.5224633,-0.8424634,-1.2424634,-0.49246338,0.27753663,-0.06246338,-1.3924633,-0.5324634,-1.4124634,-0.74246335,-0.6924634,0.88753664,0.4575366,-0.47246337,0.75753665,1.4775367,1.4675366,-0.13246338,1.8275366,1.9975367,1.1975366,1.2975366,1.2775366,0.8075366,0.9775366,0.83753663,0.9075366,0.69753665,0.18753663,-0.19246338,-0.5324634,-0.34246337,-0.13246338,0.36753663,0.51753664,0.37753662,0.21753663,0.5475366,1.3475366,1.0675366,1.4375366,1.1175367,0.9275366,1.4275366,2.0275366,2.2475367,3.7175367,4.0175366,3.9575367,4.1675367,3.7475367,2.6875367,1.5275366,0.82753664,1.0475366,1.6275367,2.5575366,2.9275367
0.39753664,-0.67246336,-0.97246337,-0.23246337,1.0475366,0.7975366,-0.6824634,-1.0924634,-0.5224634,1.0275366,0.7875366,0.4875366,-0.082463376,-0.5624634,0.08753662,0.11753662,-0.8424634,0.15753663,0.047536623,0.7475366,-0.10246338,0.30753663,-0.2624634,0.15753663,0.9775366,0.63753664,0.4875366,-0.002463379,-0.5024634,-0.5824634,-0.47246337,-0.6524634,0.3275366,0.57753664,-0.002463379,-0.35246336,-0.47246337,-0.5924634,-0.8224634,-1.0724634,-0.9424634,0.6675366,1.7075366,2.6375365,3.2475367,3.5275366,4.5975366,3.9975367,3.6075366,2.8475366,1.6375366,0.2975366,-0.17246337,-0.05246338,0.09753662,1.2775366,1.2175366,0.2675366
-0.6524634,-0.7724634,-0.7624634,0.5575366,2.0575366,1.5975366,-0.8324634,-1.0824634,0.51753664,-0.7824634,0.7875366,1.3875366,1.4975367,1.5175366,1.5375366,1.3275366,0.3575366,1.4075366,0.7275366,-0.25246337,0.047536623,-0.18246338,0.8075366,0.027536621,-0.7124634,1.0575366,0.8475366,0.017536622,-0.7724634,-0.41246337,-0.8724634,-1.0424634,-1.0224633,-0.91246337,-1.1624634,-1.3624634,-0.7524634,-0.99246335,-0.5324634,0.21753663,1.5375366,2.8075366,3.0875366,4.1875367,3.5075366,3.1175365,4.1475368,3.6375365,2.5075366,0.6075366,-0.6424634,-1.2924634,-1.7024634,0.13753662,0.9275366,-0.37246338,-2.0224633,-1.9524634
1.5575366,1.5675366,1.1275367,-0.13246338,-0.05246338,0.8775366,1.2675366,0.6875366,2.6775367,3.5275366,2.8975365,2.1275365,0.6875366,-0.5224634,-1.4424634,-0.55246335,-0.30246338,1.3875366,0.36753663,0.6075366,0.31753662,-0.3224634,-0.05246338,1.7975366,0.08753662,-0.7024634,0.27753663,0.2975366,-0.43246338,-0.43246338,-1.2624633,-2.0024633,-0.9624634,-0.24246338,-0.47246337,-0.17246337,0.24753661,0.12753662,1.8475366,2.3475366,1.5475366,2.1875367,3.0075366,3.2575366,2.9075365,2.6275365,2.5475366,2.4375367,0.40753663,-1.2824634,-2.1524634,-3.0124633,-0.41246337,1.2375367,0.11753662,-1.8124634,-3.0424633,-3.7624633
1.4175366,1.4375366,1.4375366,1.4675366,1.9475366,1.9875367,0.63753664,2.0175366,-0.8324634,-2.3624635,-2.7624633,-1.9424634,-2.1024635,-2.1824634,-1.2524633,-0.5824634,0.16753662,0.8575366,0.4575366,0.6575366,-0.122463375,-1.3624634,-0.17246337,-0.7724634,1.2375367,0.39753664,-0.03246338,0.07753662,-1.3124634,-1.8824633,-1.0624634,1.7275367,1.2975366,0.3575366,0.2675366,-0.6924634,0.4875366,0.3575366,0.9775366,0.49753663,0.83753663,1.7775366,2.1875367,2.4575367,2.4375367,2.1875367,1.2975366,0.34753662,-0.79246336,-2.2124634,-3.9324634,-2.2924633,1.3475366,0.3575366,-1.1624634,-1.8524634,-2.6324635,-4.3824635
1.3275366,0.76753664,0.2975366,0.7975366,1.8575367,1.8575367,0.6775366,-1.0224633,0.07753662,2.1475365,0.7475366,-0.05246338,0.6875366,-1.4524634,-1.9124634,-0.24246338,0.51753664,0.7375366,0.70753664,1.3875366,0.03753662,-0.5624634,0.5575366,-1.3924633,-1.0524634,-0.7024634,-0.9024634,-1.1024634,1.0575366,0.3575366,0.44753662,0.09753662,-0.2924634,-1.3924633,0.49753663,-1.0324634,-1.3224634,-2.3924634,-0.7124634,-0.44246337,0.63753664,1.3475366,1.4675366,2.0775366,2.1775367,1.7675366,0.39753664,-0.8824634,-2.1824634,-3.3424635,-3.4924634,-0.43246338,1.1575366,-0.2924634,-1.3424634,-1.3224634,-3.2924633,-6.3624635
0.88753664,1.0475366,-1.1624634,0.5475366,-1.0924634,-0.13246338,-0.67246336,-1.7924634,-1.1924634,1.2375367,-0.74246335,-1.1624634,1.0975366,0.34753662,-0.8824634,-1.0024633,-1.4324634,-0.012463379,0.88753664,1.0375366,0.7875366,0.2975366,-0.5024634,0.83753663,1.1675366,0.5675366,-1.0524634,0.36753663,-0.19246338,-2.5524633,-2.7124634,-2.6324635,-2.4724634,-3.2824633,-2.5124633,-2.7724633,-4.0324636,-6.1324635,-5.2724633,-2.0024633,0.38753662,2.2375367,0.77753663,1.6175367,1.8375366,0.57753664,-0.20246337,-1.6424633,-3.9824634,-1.7024634,-0.92246336,-0.5124634,-0.122463375,-1.8524634,-1.3724633,-2.4424634,-5.1924634,-7.9024634
1.8475366,2.0175366,1.6875366,0.2975366,1.3275366,0.8675366,-0.07246338,1.0575366,0.75753665,1.8775367,-3.2524633,-1.5124633,-0.46246338,1.2775366,-0.44246337,-2.7324634,-3.5924635,-3.0224633,-1.1124634,-1.7424634,-0.33246338,-2.6924634,0.38753662,-1.1924634,0.57753664,0.69753665,-0.4224634,-1.3024634,-4.2724633,-4.662463,-4.0824633,-3.7224634,-2.9224634,-1.8624634,-1.2124634,-1.0124633,-1.9324634,-3.3824635,-0.10246338,0.0075366213,-2.4724634,-1.7024634,-2.6324635,-2.9024634,2.4575367,1.9775367,1.9575366,0.8075366,2.8975365,4.3875365,2.2075367,-0.9424634,-2.0924635,-2.1524634,-2.4324634,-4.952463,-7.5624633,-8.572463
-1.0524634,-1.5524634,-1.3624634,-0.46246338,1.4675366,1.2075366,1.1175367,0.70753664,-0.46246338,-0.7824634,-0.99246335,-4.1924634,-1.8124634,-0.02246338,1.4975367,1.5475366,-0.54246336,-5.0324636,-3.0024633,-2.8924634,-2.1324635,-1.3224634,-1.2824634,-1.7224634,-0.98246336,0.8775366,-1.3424634,-4.5724635,-4.0624633,-5.0724635,-5.2724633,-5.682463,-5.5124636,-1.5324634,1.7075366,2.0175366,-0.16246338,-1.5824634,-1.3924633,-2.1924634,-4.162463,-4.6524634,0.76753664,2.3175366,2.1075366,0.47753662,-1.9024634,2.5875366,1.8775367,2.7775366,-0.22246338,-3.4324634,-5.122463,-2.5124633,-5.2724633,-6.6124635,-7.6524634,-8.282463
2.8275366,-1.4224634,-3.4824634,-0.5924634,0.82753664,1.6875366,1.8475366,1.6775366,-0.012463379,1.8475366,0.16753662,-1.6224633,-3.0124633,-2.5624633,-0.8324634,-0.06246338,1.3175366,-1.7524633,-7.1124635,-5.7124634,-0.33246338,-1.3324634,-1.7824634,0.4875366,-1.7624633,-3.9524634,-4.0724635,-2.2624633,-4.5124636,-4.0824633,-1.3224634,1.1775366,1.3675367,0.06753662,-2.7124634,-2.6124635,-2.7124634,-0.72246337,-0.7524634,-0.8724634,-0.55246335,2.1775367,1.6275367,1.3575367,-1.4124634,0.07753662,0.3575366,3.6775367,-0.25246337,-0.15246338,-4.2124634,-5.142463,-6.142463,-5.7524633,-6.0724635,-6.392463,-7.7624636,-8.232464
