data/wind/wind-json-20190331.json
{"header": { "discipline":0, "disciplineName":"Meteorological products", "gribEdition":2, "gribLength":74545, "center":7, "centerName":"US National Weather Service - NCEP(WMC)", "subcenter":0, "refTime":"2019-03-31T00:00:00.000Z", "significanceOfRT":1, "significanceOfRTName":"Start of forecast", "productStatus":0, "productStatusName":"Operational products", "productType":1, "productTypeName":"Forecast products", "productDefinitionTemplate":0, "productDefinitionTemplateName":"Analysis/forecast at horizontal level/layer at a point in time", "parameterCategory":2, "parameterCategoryName":"Momentum", "parameterNumber":3, "parameterNumberName":"V-component_of_wind", "parameterUnit":"m.s-1", "genProcessType":2, "genProcessTypeName":"Forecast", "forecastTime":0, "surface1Type":103, "surface1TypeName":"Specified height level above ground", "surface1Value":10.0, "surface2Type":255, "surface2TypeName":"Missing", "surface2Value":0.0, "gridDefinitionTemplate":0, "gridDefinitionTemplateName":"Latitude_Longitude", "numberPoints":65160, "shape":6, "shapeName":"Earth spherical with radius of 6,371,229.0 m", "gridUnits":"degrees", "resolution":48, "winds":"true", "scanMode":0, "nx":360, "ny":181, "basicAngle":0, "lo1":0.0, "la1":90.0, "lo2":359.0, "la2":-90.0, "dx":1.0, "dy":1.0 }, "data":
[rows 25 to 49 of 181, columns 174 to 231 of 360]
-0.5624634,1.8275366,1.6375366,4.377537,5.337537,5.6675367,8.027536,9.007537,8.757537,8.077537,8.117537,7.2675366,7.877537,2.8075366,6.3975368,7.0575366,6.1775365,6.1675367,5.877537,7.2475367,4.6375365,4.5775366,3.0675366,2.8575366,2.7775366,4.4175367,2.3675365,0.82753664,0.95753664,2.1175365,1.3975366,1.2375367,0.9675366,1.7275367,1.2975366,1.1475366,1.3275366,2.1575365,1.2975366,1.0675366,0.9975366,1.4375366,1.8675367,1.0475366,-0.07246338,0.24753661,1.9375366,1.7875366,1.0075366,2.0175366,2.6475365,2.3175366,1.1675366,1.2975366,2.0675366,1.6275367,0.83753663,1.2375367
2.4075365,0.6575366,0.7175366,2.5575366,6.4275365,6.9075365,6.2675366,5.9075365,7.6975365,8.527536,7.4775367,7.317537,5.567537,4.4175367,5.5275364,5.317537,4.9675364,6.1175365,4.1375365,4.357537,5.337537,4.087537,2.9375367,2.6975367,0.49753663,-0.03246338,-0.06246338,0.34753662,1.2075366,1.1075367,1.4575366,0.7475366,0.6875366,0.9975366,0.82753664,0.6575366,0.047536623,-0.7024634,-1.3924633,-0.60246336,-0.73246336,-1.1624634,-1.0224633,-0.73246336,0.0075366213,-0.09246338,-1.0224633,-1.0724634,-0.2924634,-0.22246338,-0.27246338,-0.14246339,0.2675366,0.82753664,0.34753662,0.5475366,1.1175367,0.9875366
3.2775366,3.4575367,4.5175366,4.2775364,3.9575367,1.5575366,5.1575365,8.257537,8.367537,7.817537,7.4775367,7.6175365,7.337537,6.877537,6.0775366,4.317537,4.1675367,5.0075364,4.377537,4.9275365,4.3875365,3.3175366,2.4875367,1.2175366,-0.03246338,-0.24246338,-0.042463377,0.8475366,-0.27246338,-1.3024634,-0.85246336,-0.7824634,-1.2624633,-1.4924634,-2.1624634,-1.1524634,-1.3424634,-1.5324634,-0.8224634,-0.49246338,-0.7124634,-0.6224634,-0.85246336,-1.3324634,-1.1324633,-0.66246337,-0.5924634,-0.5224634,-1.2124634,-2.3224633,-1.6924634,-0.012463379,-0.80246335,-0.9324634,-0.6424634,-0.30246338,0.40753663,0.6775366
-0.3224634,-0.7024634,1.0275366,2.7175367,3.3175366,5.0375366,7.2475367,7.6475368,7.2275367,7.5975366,7.7375364,7.1875367,6.547537,6.1875367,6.1875367,6.0175366,5.6775365,5.377537,4.7875366,4.7775364,2.5175366,1.4175366,1.3075366,-0.85246336,-1.3024634,-0.40246338,-1.0324634,-0.8324634,-0.5124634,-1.3524634,-1.9124634,-1.9024634,-0.37246338,-0.5024634,-0.19246338,-1.7924634,-1.2024634,-0.042463377,-1.0224633,-0.9024634,-1.5224633,-2.1724634,-1.8324634,-2.1024635,-1.2924634,-1.3624634,-1.1724634,-1.7824634,-1.6324633,-2.3124633,-2.5024633,-2.2624633,-0.7124634,-1.2624633,-1.3124634,-1.3924633,-1.3924633,-0.8724634
1.6475366,1.8175366,1.0275366,2.2275367,5.3475366,6.567537,7.1375365,6.7575364,6.3075366,6.2675366,6.6575365,6.4675364,5.8475366,5.6575365,5.9175367,5.3875365,5.0975366,4.837537,3.7775366,3.2675366,3.0775366,1.7275367,1.4575366,-1.0324634,-2.3424635,-1.5824634,0.017536622,1.1375366,-0.35246336,-1.0224633,-1.1824634,-1.4724634,-0.5324634,-0.15246338,0.7175366,-0.40246338,-0.6424634,-1.2224634,1.2975366,0.95753664,-1.8324634,-2.3724635,-1.6724634,-0.8324634,0.027536621,-1.4024634,-2.4124634,-3.2024634,-1.8824633,-1.8524634,-2.4524634,-3.2024634,-2.8724635,-2.3224633,-1.7724633,-1.7824634,-2.2324634,-2.2824633
0.7975366,0.13753662,1.9975367,5.5275364,6.7075367,7.2275367,7.7775364,7.8875365,6.3475366,6.5175366,6.5575366,5.5575366,5.857537,5.6975365,5.3875365,4.9875364,4.4075365,3.8975365,3.8575366,3.7075367,2.7375367,2.4275367,1.6375366,0.6875366,0.14753662,0.49753663,0.5375366,-0.40246338,-1.8724633,-2.3124633,-1.5324634,-0.6824634,0.09753662,-1.7724633,-5.5924635,-3.5224633,-1.3724633,-0.02246338,0.7175366,-1.4324634,-2.1024635,-1.8624634,0.31753662,0.5575366,0.51753664,-0.40246338,0.047536623,-0.4524634,-2.3924634,-2.6124635,-2.5624633,-2.2624633,-2.6924634,-2.5324633,-2.3224633,-1.5924634,-1.2124634,-1.2624633
-0.31246337,1.2475367,4.4475365,6.1375365,6.5375366,6.5375366,7.047537,7.0575366,7.067537,8.347537,7.6675367,6.4775367,5.7475367,5.8675365,5.2475367,5.0275364,4.4075365,3.3375366,2.5075366,1.9975367,1.7375367,1.5375366,1.4775367,0.9975366,1.5075366,0.4575366,-0.18246338,-2.0724633,-3.5624633,-1.6624634,-0.35246336,0.2975366,-0.54246336,-5.1024632,-4.0724635,1.6175367,0.7975366,-0.012463379,-0.99246335,-1.8624634,-2.4424634,-2.7524633,-2.4024634,-2.0624633,-1.6924634,-1.8624634,-2.6824634,-2.8024633,-1.0924634,-1.9824634,-1.4824634,-1.0024633,-1.6724634,-0.38246337,-0.72246337,-1.0124633,-0.11246338,-0.99246335
0.8575366,3.9875367,6.4075365,7.087537,7.297537,7.1575365,7.627537,8.427537,7.9675364,8.707537,8.6575365,7.127537,6.7775364,6.3075366,5.357537,5.2575364,4.7175364,4.2375364,4.2175364,3.7275367,2.6775367,0.38753662,-0.27246338,0.20753662,0.23753662,-0.13246338,-0.11246338,-1.9124634,-1.4924634,2.6875367,2.2775366,0.8075366,-3.3124633,-1.6724634,0.5675366,-0.43246338,-0.7024634,-0.7824634,-1.3224634,-2.0224633,-2.5124633,-2.7924633,-2.9424634,-2.9124634,-3.0424633,-3.1524634,-3.0224633,-3.0424633,-3.6024635,-2.9324634,-1.1224633,-0.85246336,0.017536622,-0.06246338,0.9675366,-0.16246338,-0.8824634,-0.8724634
2.2075367,5.797537,7.357537,7.4375367,7.4875364,7.107537,7.127537,7.4375367,7.7575364,8.507537,8.847537,8.477536,7.4175367,6.9675364,6.6475368,6.5075364,5.0275364,3.7175367,2.4775367,2.3675365,1.6875366,1.3575367,0.7875366,0.5575366,1.5775366,0.14753662,-1.6524634,1.1775366,3.1975367,1.2875366,-1.2824634,-0.18246338,1.1775366,-0.34246337,-1.1024634,-1.1624634,-1.0624634,-0.9624634,-1.3424634,-1.8924633,-2.2924633,-2.6524634,-2.8924634,-3.0624633,-3.2724633,-3.3624635,-3.5724633,-3.7824633,-3.7324634,-3.9924634,-2.7924633,0.7275366,-0.24246338,0.40753663,-0.17246337,0.4275366,-0.122463375,-0.61246336
2.2575366,5.877537,7.4275365,7.087537,7.0975366,6.6875367,6.6375365,6.9875364,6.797537,7.0175366,7.4175367,7.2575364,6.817537,7.5575366,7.0375366,5.3075366,5.9675364,6.2675366,4.5175366,3.5375366,3.1775367,2.0075366,1.2775366,1.2975366,1.7175366,-0.40246338,1.4375366,-1.2524633,-1.3224634,0.15753663,0.39753664,0.50753665,0.33753663,-0.06246338,-0.6224634,-0.47246337,-0.4524634,-0.55246335,-0.60246336,-0.7724634,-1.0424634,-1.5924634,-2.2424634,-2.7924633,-3.1024635,-3.2924633,-3.5424633,-3.5924635,-3.7724633,-3.7124634,-3.7324634,-2.5024633,1.2975366,0.22753662,0.50753665,0.8075366,-0.03246338,-0.2624634
1.9275366,3.5675366,6.7375364,6.4475365,6.6675367,6.4275365,6.1175365,5.8875365,5.9275365,6.1475368,6.5575366,7.1375365,7.067537,6.3675365,6.8275366,6.0275364,3.7175367,4.4075365,5.3075366,3.5575366,-0.34246337,-0.6924634,1.6275367,1.9875367,-2.8424635,-2.7524633,-3.2924633,-1.2124634,0.23753662,0.8775366,0.58753663,0.24753661,0.05753662,0.047536623,-0.07246338,-0.16246338,-0.24246338,-0.35246336,-0.4524634,-0.54246336,-0.6924634,-1.0224633,-1.5324634,-2.0724633,-2.4124634,-2.6824634,-2.7924633,-2.8724635,-2.9824634,-3.5124633,-3.5524633,-3.2424634,-2.3824635,-0.40246338,1.0075366,1.0275366,0.46753663,-0.22246338
2.1575365,0.58753663,5.6775365,5.2875366,5.5075364,5.9775367,5.7275367,5.4875364,4.9275365,5.2475367,6.0375366,6.587537,7.107537,7.6475368,7.6775365,6.7875366,6.047537,4.1875367,1.0575366,1.2475367,1.2275367,-0.41246337,0.20753662,0.06753662,-0.8224634,-1.0224633,-1.1024634,-0.79246336,-0.5124634,-0.31246337,-0.10246338,0.37753662,0.9275366,0.70753664,0.0075366213,-0.5324634,-0.9324634,-1.2624633,-1.3624634,-1.4024634,-1.5124633,-1.6024634,-1.7424634,-1.7524633,-1.5824634,-1.2724633,-1.3424634,-1.9024634,-2.4224634,-2.8224633,-2.7424634,-3.0824633,-3.1224635,-2.9124634,-3.6224635,-3.6424634,-0.6924634,0.3575366
2.2575366,-1.6924634,2.2075367,4.1775365,4.0975366,4.9775367,5.4575367,5.9875364,5.7675366,5.1175365,4.4475365,5.4675364,7.3275366,7.4175367,7.4975367,7.1175365,7.4475365,6.547537,3.9875367,2.6675367,1.3075366,-0.06246338,-0.012463379,0.21753663,-0.7624634,-2.3024633,-3.1924634,-2.5824633,-0.99246335,-0.27246338,-0.20246337,0.15753663,0.027536621,-0.2924634,-0.47246337,-0.85246336,-1.0824634,-1.0624634,-1.1324633,-1.3024634,-1.6524634,-1.7524633,-1.7224634,-1.6924634,-1.4724634,-1.1424633,-0.92246336,-0.73246336,-0.6224634,-0.7624634,-1.4324634,-2.1324635,-2.7024634,-4.2924633,0.76753664,-3.0524633,-2.6024635,0.21753663
0.9175366,-2.9124634,-5.622463,3.5875366,2.9775367,2.7975366,4.6875367,3.6975367,3.6975367,3.3275366,4.7675366,5.6575365,4.6775365,6.5275364,6.6375365,7.1875367,6.9675364,6.5375366,5.3475366,3.9675367,2.3375366,1.0275366,0.23753662,-0.21246338,-1.1224633,-2.7924633,-3.2224634,-1.6924634,-0.4824634,-0.2624634,0.40753663,0.75753665,0.50753665,-0.07246338,-0.5324634,-0.8124634,-0.8324634,-0.85246336,-1.1024634,-1.3724633,-1.6024634,-1.6624634,-1.5024633,-1.2124634,-0.9024634,-0.10246338,0.7475366,0.8675366,0.7275366,0.11753662,-0.6224634,-1.9524634,-3.4924634,-3.7824633,-3.4724634,-0.9424634,-4.0924635,-4.0224633
-0.7024634,-3.8824635,-7.2524633,-4.0924635,4.1975365,4.6775365,5.2775364,5.1375365,5.3975368,5.567537,6.0975366,6.7775364,6.9575367,7.107537,7.4775367,7.1675367,7.0175366,6.3475366,5.087537,3.6475365,2.2875366,1.2575366,0.34753662,-0.60246336,-1.9424634,-3.8224633,-3.5624633,-1.1924634,-0.012463379,-0.15246338,1.1475366,1.2875366,0.63753664,0.06753662,-0.06246338,-0.122463375,-0.042463377,-0.16246338,-0.6924634,-1.1324633,-1.7824634,-2.3324633,-2.1824634,-0.8724634,0.36753663,0.12753662,0.89753664,1.5775366,1.6075367,1.1475366,-0.002463379,-1.1624634,-2.2324634,-3.1124635,-3.5224633,-3.2824633,-4.432463,-4.0224633
-2.1124635,-3.8624635,-6.2924633,-9.932464,-0.60246336,4.7275367,5.837537,6.4875364,5.8475366,5.8075366,6.3675365,7.1975365,7.7675366,7.7275367,7.1575365,7.2875366,6.9075365,6.297537,5.4375367,3.9875367,2.6775367,1.4475366,0.64753664,0.08753662,-1.1024634,-3.2824633,-3.0524633,0.14753662,1.3075366,1.5075366,1.2975366,2.1975367,1.2675366,0.76753664,0.50753665,0.7975366,0.9275366,0.51753664,-0.8824634,-1.6924634,-2.0924635,-2.3124633,-0.8224634,1.5375366,1.2775366,1.5775366,1.3575367,1.4475366,1.7775366,1.2075366,0.28753662,-0.85246336,-1.9224634,-2.8924634,-3.0724633,-3.0724633,-4.1024632,-4.872463
-2.1024635,-3.8624635,-5.452463,-7.392463,-9.632463,0.63753664,5.7675366,6.6175365,6.8075366,6.2875366,6.4375367,6.9075365,7.7675366,8.067536,7.8875365,7.2075367,6.2475367,5.797537,5.4075365,4.9275365,3.8275366,2.4575367,1.5175366,0.6675366,-0.24246338,-1.0824634,-1.5624634,-2.4424634,-0.61246336,1.7975366,1.7775366,2.9875367,1.6175367,1.0975366,0.6075366,0.76753664,1.0575366,1.0075366,-0.7824634,-2.0124633,-2.4224634,-2.0824633,0.08753662,-0.082463376,-0.2624634,0.5975366,0.8175366,0.8675366,0.83753663,0.64753664,0.15753663,-0.6324634,-1.2424634,-1.4424634,-1.2024634,-1.1024634,-1.3824633,-1.5424634
-1.7824634,-3.8124633,-4.8124633,-6.182463,-7.432463,-8.622463,-1.1324633,5.5575366,6.9475365,7.627537,6.9975367,6.7675366,7.5975366,8.077537,8.147536,7.6675367,7.1175365,6.3675365,5.4575367,4.9175367,3.9975367,3.0475366,1.7475367,0.36753663,-0.31246337,-1.0124633,-2.1524634,-2.8024633,-1.0024633,0.5375366,2.3875365,2.2075367,1.4175366,0.10753662,-0.24246338,-0.07246338,-0.14246339,-0.05246338,-0.92246336,-2.1424634,-2.6224635,-1.4024634,-0.49246338,-0.18246338,-0.27246338,0.40753663,0.8175366,0.8775366,0.5975366,0.33753663,0.23753662,0.13753662,0.21753663,0.5375366,1.2775366,1.9675366,2.2575366,1.9475366
-2.3824635,-3.1824634,-4.4424634,-5.0724635,-6.142463,-8.452463,-8.552464,-0.6524634,4.4875364,6.5075364,8.097537,7.0775366,7.2675366,8.447536,8.167537,7.9775367,7.1775365,7.047537,6.607537,5.7075367,4.5075364,2.6475365,1.1675366,-0.10246338,-0.5924634,-1.0124633,-0.98246336,-1.5724634,-0.27246338,0.9775366,0.6875366,0.43753663,-1.2824634,-0.7024634,-0.14246339,-0.28246337,-1.2424634,-1.6924634,-1.8124634,-1.7124634,-0.7824634,-1.0124633,-0.74246335,-0.55246335,-0.19246338,0.4875366,1.1075367,1.1075367,1.0975366,1.1275367,1.0875366,0.9375366,1.1075367,1.5875366,1.8675367,2.1875367,2.3775365,1.8975366
-2.2324634,-3.1224635,-3.5624633,-4.4024634,-6.0224633,-7.9824634,-10.772464,-7.452463,4.0975366,4.357537,5.9875364,7.9475365,7.2275367,7.6775365,8.557537,8.617537,7.7875366,7.2075367,6.607537,6.1875367,5.2675366,3.9775367,2.7175367,1.7175366,0.5375366,-0.012463379,-0.012463379,-0.2924634,-0.5224634,-0.8924634,-0.47246337,-1.1324633,-1.4424634,-0.7824634,-0.66246337,-1.4024634,-1.5224633,-1.2324634,-2.0924635,-1.9324634,-2.0124633,-1.4224634,-0.80246335,-0.16246338,0.23753662,0.9775366,1.5875366,2.0075366,2.3075366,2.2675366,2.2775366,2.7175367,2.9775367,2.7775366,3.1375365,3.2475367,3.3275366,2.9375367
-2.3624635,-3.2224634,-3.6224635,-3.9524634,-5.1724634,-7.4724636,-9.182464,-8.812464,-1.4924634,6.0375366,4.047537,6.2575364,7.9875364,6.7375364,8.417537,8.327537,7.9775367,7.1775365,6.587537,6.067537,4.9375367,4.4375367,3.8175366,2.8675365,1.3175366,0.3575366,-0.7124634,-0.44246337,-0.6424634,-0.7024634,-0.54246336,-1.5424634,-2.3024633,-1.7124634,-1.4124634,-1.7924634,-1.8024634,-2.2424634,-2.9624634,-2.4824634,-1.8724633,-1.0124633,-0.06246338,0.50753665,0.8075366,1.3475366,1.8375366,2.1875367,2.4375367,2.8275366,3.2375367,3.6875367,4.047537,4.0775366,3.8275366,3.5375366,3.2875366,3.1975367
-2.9224634,-3.4324634,-3.5124633,-4.0324636,-4.4224634,-5.952463,-7.6124635,-8.392464,-5.0724635,0.8475366,2.6375365,0.25753662,7.8975368,6.2675366,7.2275367,8.217537,8.187536,8.067536,7.377537,6.9375367,6.0975366,5.4775367,4.9175367,3.7675366,1.9375366,0.63753664,0.19753662,-0.40246338,-0.44246337,-1.0324634,-2.3424635,-3.4824634,-3.3924634,-2.9524634,-2.7924633,-2.9524634,-3.0524633,-3.0124633,-3.1024635,-2.7724633,-2.3424635,-1.6224633,-0.54246336,0.09753662,0.7375366,1.4075366,1.7175366,1.8875366,2.4775367,3.2075367,3.4375367,3.6875367,3.9075365,4.1975365,4.2875366,4.2475367,3.7875366,3.1275365
-2.2624633,-2.9524634,-3.5224633,-3.9624634,-4.0524635,-4.7624636,-6.4624634,-7.5724635,-7.642463,-4.2324634,-1.9824634,-1.8524634,0.37753662,6.127537,4.7775364,8.227536,8.187536,7.7575364,7.8275366,7.9775367,7.107537,7.1875367,5.1975365,3.5775366,2.5075366,0.9975366,0.047536623,-0.9524634,-1.5524634,-1.7924634,-2.9524634,-4.0824633,-4.3524632,-3.9424634,-3.9624634,-4.1024632,-3.8424635,-3.8524635,-4.142463,-3.6624634,-2.5624633,-1.6124634,-0.46246338,0.70753664,1.9075366,2.4875367,3.0375366,3.0175366,2.7775366,2.8875365,3.7175367,4.7775364,5.4275365,5.4275365,5.1475368,4.4575367,3.7775366,2.7375367
-2.9924634,-3.6924634,-4.142463,-4.182463,-3.1824634,-4.2524633,-5.8424635,-7.3524632,-8.292463,-6.5524635,-4.9824634,-5.8224635,-6.8824635,6.587537,6.7675366,6.9575367,8.267536,7.7775364,7.7175364,7.6875367,7.9675364,7.5775366,5.6675367,4.2575364,3.4575367,2.9675367,1.6575366,0.047536623,-1.1724634,-3.1824634,-4.4824634,-5.452463,-4.952463,-4.6524634,-4.7324634,-4.3224635,-4.452463,-4.5124636,-4.122463,-2.9324634,-0.082463376,2.4075365,3.6875367,4.567537,4.1875367,4.1675367,3.9675367,3.4775367,3.3575366,3.9075365,5.4475365,6.9575367,7.3275366,6.7275367,5.7775364,4.567537,3.5375366,2.4475367
-3.3624635,-3.3024633,-4.0224633,-4.0424633,-2.4124634,-3.5524633,-5.0524635,-7.3424635,-8.502463,-7.7624636,-7.7524633,-8.662463,-9.5924635,6.4275365,5.627537,9.347537,7.837537,8.357536,7.3975368,7.0975366,7.047537,6.8475366,5.2275367,4.0075364,2.9575367,2.2375367,1.0975366,-1.1224633,-3.7624633,-4.6524634,-5.682463,-5.7424636,-5.7224636,-5.7824636,-5.3824635,-4.8124633,-4.0824633,-2.6724634,0.13753662,2.3675365,2.0875366,3.0975366,4.357537,4.607537,4.5575366,4.4275365,4.107537,3.6375365,2.8975365,2.9775367,4.5275364,7.4975367,9.457537,9.677537,7.9575367,5.4775367,4.0375366,2.5175366
