data/wind/wind-json-20190402.json
{"header": { "discipline":0, "disciplineName":"Meteorological products", "gribEdition":2, "gribLength":74222, "center":7, "centerName":"US National Weather Service - NCEP(WMC)", "subcenter":0, "refTime":"2019-04-02T00:00:00.000Z", "significanceOfRT":1, "significanceOfRTName":"Start of forecast", "productStatus":0, "productStatusName":"Operational products", "productType":1, "productTypeName":"Forecast products", "productDefinitionTemplate":0, "productDefinitionTemplateName":"Analysis/forecast at horizontal level/layer at a point in time", "parameterCategory":2, "parameterCategoryName":"Momentum", "parameterNumber":3, "parameterNumberName":"V-component_of_wind", "parameterUnit":"m.s-1", "genProcessType":2, "genProcessTypeName":"Forecast", "forecastTime":0, "surface1Type":103, "surface1TypeName":"Specified height level above ground", "surface1Value":10.0, "surface2Type":255, "surface2TypeName":"Missing", "surface2Value":0.0, "gridDefinitionTemplate":0, "gridDefinitionTemplateName":"Latitude_Longitude", "numberPoints":65160, "shape":6, "shapeName":"Earth spherical with radius of 6,371,229.0 m", "gridUnits":"degrees", "resolution":48, "winds":"true", "scanMode":0, "nx":360, "ny":181, "basicAngle":0, "lo1":0.0, "la1":90.0, "lo2":359.0, "la2":-90.0, "dx":1.0, "dy":1.0 }, "data":
[rows 0 to 25 of 181, columns 228 to 284 of 360]
0.6954297,0.5454297,0.4054297,0.26542968,0.12542969,-0.014570313,-0.16457032,-0.30457032,-0.4445703,-0.5845703,-0.7345703,-0.8745703,-1.0145704,-1.1545703,-1.2945703,-1.4345703,-1.5745703,-1.7145703,-1.8545703,-1.9945703,-2.1345704,-2.2645702,-2.4045703,-2.5345702,-2.6745703,-2.8045702,-2.9445703,-3.0745704,-3.2045703,-3.3345704,-3.4645703,-3.5945704,-3.7245703,-3.8445704,-3.9745703,-4.09457,-4.2145705,-4.3345704,-4.4545703,-4.57457,-4.6945705,-4.8145704,-4.92457,-5.03457,-5.1445704,-5.2545705,-5.36457,-5.4745703,-5.57457,-5.6845703,-5.78457,-5.88457,-5.9745703,-6.07457,-6.1645703,-6.26457,-6.3545704
0.35542968,0.22542968,0.09542969,-0.034570314,-0.15457031,-0.2845703,-0.4045703,-0.53457034,-0.66457033,-0.78457034,-0.91457033,-1.0445703,-1.1645703,-1.2845703,-1.4045703,-1.5245703,-1.6345704,-1.7545704,-1.8645703,-1.9845703,-2.0945704,-2.2045703,-2.3145704,-2.4245703,-2.5345702,-2.6445704,-2.7445703,-2.8445704,-2.9545703,-3.0545702,-3.1545703,-3.2545702,-3.3445704,-3.4445703,-3.5345702,-3.6245704,-3.7145703,-3.8045702,-3.8945704,-3.9945703,-4.0845704,-4.17457,-4.2745705,-4.36457,-4.4445705,-4.5245705,-4.61457,-4.6945705,-4.7745705,-4.8545704,-4.9345703,-5.0245705,-5.0845704,-5.1645703,-5.2445703,-5.3145704,-5.40457
-0.5545703,-0.6945703,-0.8345703,-0.9845703,-1.1245704,-1.2545704,-1.3845704,-1.5145704,-1.6345704,-1.7545704,-1.8645703,-1.9645703,-2.0645704,-2.1545703,-2.2445703,-2.3345704,-2.4045703,-2.4745703,-2.5445702,-2.6145704,-2.6745703,-2.7445703,-2.7945702,-2.8445704,-2.8945704,-2.9345703,-2.9545703,-2.9845703,-3.0145702,-3.0445702,-3.0645704,-3.0945704,-3.1145704,-3.1345704,-3.1545703,-3.1745703,-3.1845703,-3.2045703,-3.2245703,-3.2345703,-3.2545702,-3.2645702,-3.2845702,-3.2945702,-3.3145704,-3.3245704,-3.3445704,-3.3645704,-3.3945704,-3.4145703,-3.4345703,-3.4645703,-3.4945703,-3.5245702,-3.5545702,-3.5945704,-3.6245704
-0.6745703,-0.78457034,-0.8945703,-0.9945703,-1.0945703,-1.1845703,-1.2645704,-1.3445703,-1.4045703,-1.4745703,-1.5245703,-1.5745703,-1.6145703,-1.6345704,-1.6645703,-1.6745703,-1.6845703,-1.6945703,-1.6945703,-1.6845703,-1.6845703,-1.6745703,-1.6545703,-1.6445704,-1.6245704,-1.6045703,-1.5845703,-1.5645703,-1.5445703,-1.5245703,-1.4945703,-1.4745703,-1.4545703,-1.4445703,-1.4245703,-1.4045703,-1.3945704,-1.3845704,-1.3745704,-1.3745704,-1.3645703,-1.3645703,-1.3545703,-1.3545703,-1.3645703,-1.3645703,-1.3745704,-1.3945704,-1.4145703,-1.4445703,-1.4745703,-1.5045704,-1.5345703,-1.5745703,-1.6145703,-1.6545703,-1.6945703
0.45542967,0.35542968,0.2554297,0.16542968,0.08542969,0.0054296874,-0.054570314,-0.11457031,-0.1745703,-0.22457032,-0.27457032,-0.3145703,-0.3445703,-0.3845703,-0.4045703,-0.42457032,-0.4345703,-0.4345703,-0.4345703,-0.42457032,-0.4145703,-0.4045703,-0.3845703,-0.3745703,-0.36457032,-0.3545703,-0.3545703,-0.33457032,-0.3245703,-0.3245703,-0.3145703,-0.3145703,-0.3145703,-0.3145703,-0.3145703,-0.3145703,-0.3145703,-0.3245703,-0.33457032,-0.3445703,-0.3545703,-0.36457032,-0.3745703,-0.39457032,-0.4045703,-0.4145703,-0.4345703,-0.45457032,-0.4745703,-0.4945703,-0.5045703,-0.5245703,-0.5445703,-0.5645703,-0.5745703,-0.59457034,-0.6145703
0.6354297,0.5554297,0.47542968,0.4054297,0.3454297,0.2854297,0.23542969,0.18542969,0.15542969,0.115429685,0.08542969,0.075429685,0.06542969,0.055429686,0.055429686,0.06542969,0.06542969,0.075429685,0.075429685,0.075429685,0.08542969,0.08542969,0.09542969,0.10542969,0.10542969,0.10542969,0.10542969,0.09542969,0.075429685,0.06542969,0.035429686,0.0054296874,-0.024570312,-0.044570312,-0.064570315,-0.08457031,-0.08457031,-0.07457031,-0.07457031,-0.044570312,-0.014570313,0.0054296874,0.035429686,0.045429688,0.045429688,0.055429686,0.045429688,0.025429688,0.0054296874,-0.024570312,-0.064570315,-0.09457031,-0.13457032,-0.1745703,-0.21457031,-0.2545703,-0.2845703
-0.07457031,-0.22457032,-0.3845703,-0.5145703,-0.6745703,-0.8145703,-0.9645703,-1.0945703,-1.2145703,-1.3045703,-1.3845704,-1.4445703,-1.4845703,-1.5245703,-1.5645703,-1.5645703,-1.5645703,-1.5745703,-1.6145703,-1.6645703,-1.7045703,-1.7745703,-1.8345703,-1.9245703,-1.9645703,-1.9945703,-2.0445702,-2.0945704,-2.1445704,-2.1945703,-2.2445703,-2.3045702,-2.3445704,-2.3945704,-2.4345703,-2.4645703,-2.4945703,-2.5345702,-2.5545702,-2.5845704,-2.5945704,-2.5945704,-2.5845704,-2.5645704,-2.5445702,-2.5145702,-2.4845703,-2.4445703,-2.3945704,-2.3545704,-2.2845702,-2.2245703,-2.1545703,-2.0745704,-1.9945703,-1.9145703,-1.8345703
-1.1345704,-1.3345703,-1.5345703,-1.7445703,-1.9445703,-2.0845704,-2.2445703,-2.3645704,-2.5045702,-2.6245704,-2.7645702,-2.9145703,-3.0645704,-3.2445703,-3.3945704,-3.5645704,-3.7145703,-3.8345704,-3.9445703,-4.0245705,-4.0645704,-4.0845704,-4.09457,-4.11457,-4.1445704,-4.17457,-4.1945705,-4.2145705,-4.2145705,-4.2045703,-4.1845703,-4.1445704,-4.1045704,-4.05457,-4.01457,-3.9645703,-3.9445703,-3.9345703,-3.9145703,-3.8945704,-3.8545704,-3.7545702,-3.6345704,-3.4545703,-3.2845702,-3.1745703,-3.1745703,-3.2545702,-3.3845704,-3.3545704,-3.0745704,-2.5545702,-1.8845704,-1.1545703,-0.4645703,0.025429688,0.17542969
-2.3445704,-2.5745704,-2.8445704,-3.0945704,-3.3745704,-3.6145704,-3.8645704,-4.1845703,-4.4645705,-4.7045703,-4.88457,-5.01457,-5.09457,-5.11457,-5.1645703,-5.2445703,-5.3345704,-5.4345703,-5.51457,-5.5245705,-5.51457,-5.4745703,-5.4545703,-5.42457,-5.3945704,-5.3545704,-5.30457,-5.2445703,-5.1945705,-5.1245704,-5.0245705,-4.9145703,-4.7745705,-4.59457,-4.40457,-4.2245703,-4.0845704,-3.9845703,-3.8445704,-3.5645704,-3.1345704,-2.6545703,-2.2345703,-1.4245703,-0.5545703,0.22542968,0.71542966,1.0054297,1.1854297,1.3554296,1.5554297,1.6154296,1.3954297,0.9254297,0.6254297,0.6454297,0.6354297
-3.6445704,-3.9245703,-4.2345705,-4.59457,-4.9945703,-5.3145704,-5.61457,-5.8745704,-6.1245704,-6.3345704,-6.5045705,-6.63457,-6.7445703,-6.82457,-6.90457,-6.9545703,-6.9445705,-6.9345703,-6.9145703,-6.8545704,-6.8545704,-6.7145705,-6.63457,-6.4745703,-6.2545705,-6.0845704,-5.90457,-5.7745705,-5.7045703,-5.57457,-5.4345703,-5.3145704,-5.13457,-4.9945703,-4.82457,-4.3545704,-3.3045702,-1.5545703,-0.07457031,0.9754297,1.7154297,1.3254297,0.5054297,-0.23457031,-0.6245703,-0.42457032,0.18542969,0.5554297,0.3654297,-0.4145703,-1.5145704,-2.5845704,-3.2145703,-3.2445703,-2.5945704,-1.7445703,-0.7345703
-4.59457,-4.9145703,-5.2745705,-5.63457,-5.9745703,-6.2745705,-6.4645705,-6.7045703,-6.8945704,-7.07457,-7.2145705,-7.3145704,-7.40457,-7.4545703,-7.4745703,-7.4445705,-7.4145703,-7.34457,-7.2345705,-7.07457,-6.82457,-6.6045704,-6.3545704,-6.15457,-5.88457,-5.5445704,-5.2045703,-4.88457,-4.5645704,-4.1945705,-3.7845702,-3.3445704,-2.9045703,-2.7145703,-2.6745703,-2.5545702,-2.0045702,-1.1845703,-0.3145703,0.52542967,1.3254297,1.4354297,0.5454297,-0.5445703,-1.1045703,-0.9545703,-0.53457034,-0.23457031,0.08542969,0.41542968,0.35542968,0.18542969,0.12542969,0.06542969,-0.16457032,-0.8045703,-1.6845703
-4.9645705,-5.2945704,-5.63457,-5.9745703,-6.2945704,-6.5245705,-6.7445703,-6.9745703,-7.2045703,-7.4145703,-7.5445704,-7.6445704,-7.61457,-7.5445704,-7.4645705,-7.32457,-7.11457,-6.90457,-6.6645703,-6.4845705,-6.3545704,-6.1945705,-6.0245705,-5.86457,-5.67457,-5.5045705,-5.4345703,-5.0645704,-4.3945704,-3.4145703,-2.6745703,-1.8345703,-0.8145703,0.06542969,0.4254297,0.2754297,-0.27457032,-0.8945703,-0.91457033,0.115429685,1.6654297,2.6054296,1.6154296,0.18542969,-1.3245703,-1.7545704,-0.9545703,-0.09457031,-0.53457034,-1.8045703,-1.8345703,-0.21457031,0.8654297,1.2754297,1.1754297,0.9854297,-0.064570315
-5.1445704,-5.4445705,-5.7345705,-5.9945703,-6.26457,-6.53457,-6.78457,-6.9645705,-7.07457,-7.15457,-7.1945705,-7.1945705,-7.1445704,-7.11457,-7.0845704,-7.0045705,-6.7745705,-6.6245704,-6.5045705,-6.4145703,-5.67457,-5.67457,-5.7345705,-5.86457,-5.7345705,-5.4545703,-4.7045703,-3.3645704,-1.9445703,-0.9245703,-0.6345703,-0.66457033,-0.4645703,0.0054296874,0.38542968,0.6354297,1.1454297,1.9154297,2.4654298,1.9954296,0.6654297,-0.7145703,-1.6645703,-1.8345703,-1.0045704,0.115429685,0.5354297,0.15542969,-0.0045703123,0.17542969,0.44542968,0.2454297,-1.0845703,-3.0745704,-3.5845704,-2.9445703,-2.5145702
-5.5445704,-5.7945704,-5.92457,-6.17457,-6.4145703,-6.5845704,-6.7145705,-6.8145704,-6.8945704,-6.9145703,-6.9845705,-7.1045704,-6.7145705,-6.3945704,-6.3945704,-6.30457,-6.4945703,-6.6445704,-6.42457,-5.8545704,-5.4845705,-5.32457,-5.1845703,-4.9845705,-4.51457,-3.8745704,-3.2045703,-2.6145704,-1.9545703,-1.3245703,-0.7345703,-0.12457031,0.38542968,0.6054297,0.5654297,0.6154297,1.0554297,1.7954297,2.4654298,2.8054297,3.3954296,3.5654297,2.5554297,0.96542966,0.23542969,0.9854297,2.8054297,3.8654296,3.0054297,1.0354297,0.6054297,1.3254297,0.52542967,-1.7645704,-3.3945704,-4.26457,-4.2245703
-6.07457,-6.2245703,-6.36457,-6.5445704,-6.7245703,-6.7345705,-6.8145704,-6.9145703,-7.0845704,-7.30457,-7.42457,-7.5845704,-7.3545704,-6.80457,-6.5645704,-6.2045703,-4.7345705,-3.6545703,-4.09457,-4.2445703,-4.4645705,-4.7545705,-3.8945704,-2.7445703,-2.0345702,-2.0245702,-2.2245703,-2.5245702,-2.5545702,-2.2145703,-1.5045704,-0.65457034,-0.13457032,-0.30457032,-0.5445703,0.4354297,2.4054296,3.4654298,3.2254298,2.1354296,0.6254297,-0.3445703,-0.48457032,-0.2845703,-0.09457031,-0.7945703,-2.2045703,-2.9445703,-2.0845704,0.20542969,2.0054297,0.7654297,-1.9645703,-3.3245704,-3.8045702,-3.2045703,-2.6245704
-5.9945703,-6.15457,-6.2545705,-6.36457,-6.3945704,-6.3545704,-6.30457,-6.2745705,-6.2245703,-6.05457,-5.90457,-5.8745704,-5.7145705,-5.42457,-5.2945704,-5.1045704,-3.9345703,-1.9645703,-0.4945703,-0.21457031,-1.4945703,-2.9545703,-3.6845703,-3.4445703,-3.0445702,-2.9145703,-2.7245703,-2.6845703,-2.7845702,-2.6545703,-2.1545703,-1.2645704,-0.6145703,-0.7645703,-0.53457034,0.8654297,2.2454298,3.3154297,4.23543,3.8254297,2.3554296,1.0554297,0.15542969,-0.7145703,-1.0045704,-0.6345703,-0.4345703,-0.7545703,-1.6945703,-2.8445704,-3.7945702,-4.3745704,-4.6645703,-3.8845704,-2.6245704,-1.9945703,-1.6545703
-5.1045704,-4.9545703,-4.9445705,-4.9845705,-5.07457,-5.07457,-5.03457,-4.8745704,-4.59457,-4.26457,-3.9245703,-3.9345703,-4.0045705,-3.9945703,-4.3545704,-4.28457,-4.2245703,-4.1945705,-3.0545702,-1.5845703,-0.8945703,-1.5345703,-2.4745703,-2.7745702,-2.7445703,-2.6745703,-2.5645704,-2.6245704,-2.7345703,-2.6445704,-2.3745704,-1.8745704,-1.1545703,-0.59457034,-0.5545703,-0.7645703,-0.15457031,0.96542966,1.2254297,1.0154297,1.2054297,0.8554297,-0.7545703,-1.3945704,-1.0945703,-0.3445703,0.12542969,-0.3545703,-0.8845703,-1.4445703,-3.2945702,-4.36457,-3.3945704,-2.2845702,-0.53457034,0.26542968,-0.5645703
-4.1045704,-4.34457,-4.53457,-4.59457,-4.63457,-4.4745703,-4.2945704,-4.11457,-3.4045703,-3.2345703,-3.5745704,-3.9345703,-3.6445704,-3.6445704,-3.2545702,-2.0845704,-1.7345703,-2.9245703,-3.3845704,-2.7945702,-2.2945702,-2.0645704,-1.8045703,-2.6145704,-2.7845702,-2.4445703,-3.0945704,-3.1645703,-2.9945703,-2.9345703,-2.6845703,-1.8545703,-0.3545703,0.18542969,-0.104570314,0.3054297,0.9754297,0.3954297,-0.4945703,-1.2845703,-2.6045704,-3.7445703,-2.5445702,-0.19457032,-0.8645703,-3.5645704,-4.13457,-1.3045703,-0.3145703,-0.7145703,-2.0345702,-1.7445703,-0.8245703,-1.7845703,-3.3745704,-2.2745702,-0.8545703
-3.6345704,-3.7945702,-3.8645704,-3.8945704,-3.9445703,-4.03457,-4.1045704,-3.5445702,-3.0745704,-3.2545702,-3.7345703,-4.2545705,-4.61457,-4.3745704,-4.1845703,-3.6945703,-3.8245704,-3.9145703,-2.5345702,-2.6145704,-2.8645704,-3.3845704,-4.2445703,-4.4645705,-4.7245703,-4.1845703,-4.01457,-3.9245703,-3.9945703,-3.4345703,-3.0345702,-2.4645703,-1.7345703,-0.9245703,-0.48457032,-0.7745703,-0.13457032,-0.3145703,-2.0245702,-2.0745704,-1.9545703,-1.7745703,-1.1445704,-0.84457034,-1.2745703,-2.1745703,-1.9945703,-1.2345703,-0.9945703,-1.3345703,-1.8645703,-1.3745704,-0.66457033,-0.6945703,-0.4645703,-1.5445703,-3.0545702
-2.9345703,-3.0845704,-3.2645702,-3.4745703,-3.6345704,-3.7945702,-3.8645704,-4.13457,-4.6945705,-4.11457,-3.5145702,-4.3345704,-4.9645705,-4.8345704,-4.8145704,-4.88457,-4.84457,-5.26457,-5.1845703,-4.2445703,-4.28457,-4.36457,-4.0645704,-4.1245704,-5.03457,-5.0645704,-4.1245704,-3.9645703,-4.42457,-4.1045704,-3.4945703,-3.1945703,-3.1045704,-3.2845702,-3.4045703,-2.7045703,-0.8145703,-0.30457032,-1.3345703,-2.2745702,-2.5845704,-2.0745704,-1.6245704,-1.1945703,-0.8045703,-0.9645703,-1.0845703,-1.0745703,-1.1045703,-1.0245703,-1.3345703,-1.4845703,-1.1245704,-0.78457034,-0.8645703,-1.8545703,-1.4045703
-3.2045703,-2.8445704,-2.9445703,-2.9445703,-2.6245704,-2.8445704,-3.7545702,-3.8945704,-4.1445704,-4.0645704,-3.9045703,-4.53457,-4.7045703,-4.76457,-5.2145705,-5.5845704,-5.63457,-5.2545705,-5.7945704,-5.7345705,-5.2945704,-4.7145705,-4.57457,-5.3945704,-6.07457,-5.76457,-5.5045705,-5.34457,-4.8145704,-4.26457,-3.8845704,-3.4245703,-3.1945703,-2.7245703,-2.2845702,-1.7145703,-0.5845703,-0.9345703,-2.1545703,-3.2945702,-4.3145704,-3.6445704,-2.6745703,-1.8145703,-1.2845703,-1.2045703,-2.3045702,-2.5945704,-2.1045704,-2.5345702,-2.6345704,-2.6145704,-1.9945703,-1.6045703,-1.5845703,-1.4345703,-1.4145703
-1.4945703,-2.1745703,-2.9345703,-3.4845703,-4.05457,-3.6545703,-3.0245702,-3.8745704,-4.2045703,-4.6245704,-5.0645704,-4.9145703,-5.76457,-6.53457,-6.4745703,-6.6245704,-6.4145703,-5.5645704,-4.6945705,-4.1945705,-4.9345703,-6.2045703,-7.0645704,-7.0645704,-6.8945704,-6.03457,-4.80457,-4.3145704,-4.0845704,-3.9045703,-3.5945704,-3.2545702,-2.9545703,-2.4345703,-2.1245704,-2.3345704,-2.6645703,-3.0945704,-2.6345704,-1.6345704,-1.3045703,-2.2845702,-2.4645703,-1.6745703,-1.6245704,-1.2145703,-0.72457033,-1.2445703,-3.2145703,-4.40457,-3.5145702,-2.3745704,-2.4645703,-1.9945703,-1.3945704,-0.59457034,-0.104570314
-3.0645704,-2.8545704,-3.3945704,-3.8545704,-4.13457,-4.55457,-4.9445705,-5.32457,-5.2745705,-4.8945704,-4.4145703,-4.92457,-6.01457,-3.9045703,-2.4645703,-4.30457,-6.2545705,-6.7445703,-6.9945703,-6.4845705,-6.0845704,-6.1245704,-6.63457,-7.3745704,-6.78457,-5.6645703,-5.15457,-4.61457,-3.6845703,-2.9445703,-2.7245703,-2.6445704,-2.8845704,-3.2945702,-3.5345702,-3.6445704,-3.9245703,-2.7545702,-1.1245704,0.2454297,-0.7145703,-1.5845703,-1.0945703,-0.9445703,-2.7945702,-2.4145703,-0.11457031,-1.5545703,-2.8245704,-3.7945702,-4.38457,-3.4545703,-1.3645703,0.09542969,0.9154297,1.2654297,1.2054297
-3.5645704,-3.7345703,-4.15457,-4.1445704,-4.6445704,-4.88457,-5.3345704,-5.5245705,-5.3945704,-5.67457,-5.7145705,-4.3745704,-4.36457,-4.9345703,-4.03457,-5.5245705,-5.84457,-6.8545704,-7.5645704,-7.84457,-8.96457,-8.904571,-8.85457,-8.954571,-8.66457,-7.4445705,-6.38457,-6.38457,-5.5245705,-3.9945703,-2.4545703,-2.0345702,-2.1345704,-2.3845704,-2.9145703,-3.3345704,-2.8545704,-1.5045704,-1.0045704,-0.9245703,-1.0445703,-0.5145703,-0.3745703,-0.9645703,-2.8045702,-2.6645703,-1.2045703,-1.8645703,-2.7145703,-3.5945704,-3.8345704,-2.7145703,-1.0245703,0.035429686,0.58542967,0.7854297,0.5054297
-2.0545702,-2.1245704,-2.8245704,-3.1045704,-3.0245702,-3.8645704,-5.57457,-6.1645703,-6.9945703,-6.59457,-6.7945704,-5.6245704,-6.2945704,-5.28457,-5.76457,-6.07457,-5.92457,-5.8945704,-5.7945704,-6.13457,-6.9445705,-7.53457,-9.17457,-9.35457,-9.41457,-9.59457,-8.62457,-8.06457,-7.1945705,-3.2845702,-2.1445704,-1.5445703,-1.6745703,-1.8545703,-2.1045704,-2.8745704,-3.0645704,-2.0145702,-1.9045703,-2.0145702,-1.4345703,-0.8145703,-1.4645703,-2.6645703,-3.3245704,-3.0445702,-1.4945703,-0.90457034,-1.4045703,-1.7945703,-1.8445703,-1.6145703,-1.3245703,-1.0645703,-0.78457034,-0.21457031,0.8654297
-2.4845703,-2.5045702,-3.1145704,-3.3045702,-3.4245703,-5.30457,-5.2545705,-5.34457,-6.3945704,-6.86457,-6.84457,-6.09457,-6.4545703,-6.76457,-6.2445703,-7.0645704,-6.4645705,-5.8345704,-5.8145704,-6.51457,-6.9745703,-7.3945704,-7.7345705,-8.25457,-8.72457,-9.074571,-9.154571,-8.64457,-7.8345704,-4.0645704,-1.8745704,-1.8245703,-1.3545703,-1.2945703,-1.4345703,-1.7445703,-1.9045703,-1.9045703,-1.7845703,-1.4245703,-1.5545703,-1.6645703,-2.5145702,-3.8445704,-2.9445703,-2.3045702,-2.5345702,-1.1945703,-0.6245703,-0.8645703,-1.5545703,-2.0445702,-2.0345702,-2.2345703,-1.0845703,1.5454297,1.9054297
