data/wind/wind-json-20190404.json
{"header": { "discipline":0, "disciplineName":"Meteorological products", "gribEdition":2, "gribLength":74603, "center":7, "centerName":"US National Weather Service - NCEP(WMC)", "subcenter":0, "refTime":"2019-04-04T00:00:00.000Z", "significanceOfRT":1, "significanceOfRTName":"Start of forecast", "productStatus":0, "productStatusName":"Operational products", "productType":1, "productTypeName":"Forecast products", "productDefinitionTemplate":0, "productDefinitionTemplateName":"Analysis/forecast at horizontal level/layer at a point in time", "parameterCategory":2, "parameterCategoryName":"Momentum", "parameterNumber":2, "parameterNumberName":"U-component_of_wind", "parameterUnit":"m.s-1", "genProcessType":2, "genProcessTypeName":"Forecast", "forecastTime":0, "surface1Type":103, "surface1TypeName":"Specified height level above ground", "surface1Value":10.0, "surface2Type":255, "surface2TypeName":"Missing", "surface2Value":0.0, "gridDefinitionTemplate":0, "gridDefinitionTemplateName":"Latitude_Longitude", "numberPoints":65160, "shape":6, "shapeName":"Earth spherical with radius of 6,371,229.0 m", "gridUnits":"degrees", "resolution":48, "winds":"true", "scanMode":0, "nx":360, "ny":181, "basicAngle":0, "lo1":0.0, "la1":90.0, "lo2":359.0, "la2":-90.0, "dx":1.0, "dy":1.0 }, "data":
[rows 78 to 103 of 181, columns 59 to 117 of 360]
-2.969668,-2.699668,-2.329668,-1.849668,-1.4596679,-1.179668,-0.67966795,-0.10966797,1.190332,2.100332,2.160332,0.990332,0.69033206,0.43033203,0.620332,1.690332,0.14033203,0.47033203,-0.039667968,-0.569668,0.670332,0.09033203,-2.099668,-2.609668,-2.599668,-2.339668,-2.229668,-2.5096679,-2.859668,-2.869668,-2.669668,-2.339668,-1.7096679,-1.529668,-1.039668,-1.559668,-1.539668,-1.4396679,-1.859668,-2.5196679,-0.53966796,2.950332,0.04033203,-0.39966798,-0.42966798,0.45033205,-0.699668,-0.069667965,-0.79966795,-0.66966796,0.50033206,-3.679668,-3.109668,-3.149668,-3.489668,-3.659668,-3.789668,-4.1296678,-4.089668
-2.719668,-2.5196679,-2.249668,-1.979668,-1.619668,-1.2096679,-0.68966794,-0.07966797,0.42033204,0.96033204,1.2903321,1.240332,0.63033205,0.84033203,1.620332,1.760332,1.590332,-0.519668,0.670332,-3.499668,-0.09966797,-1.099668,-2.939668,-3.339668,-3.139668,-2.699668,-2.749668,-3.059668,-3.379668,-3.499668,-3.309668,-3.0196679,-2.319668,-2.089668,-2.2696679,-2.839668,-3.149668,-2.799668,-3.679668,-3.289668,-0.41966796,-0.21966797,-0.719668,-0.879668,-2.109668,-0.45966798,-1.669668,-2.0096679,-2.819668,-2.439668,-4.479668,-4.069668,-3.479668,-3.819668,-4.039668,-4.179668,-4.699668,-5.069668,-4.249668
-2.7596679,-2.719668,-2.299668,-1.999668,-1.8396679,-1.599668,-1.119668,-0.589668,-0.12966797,0.51033205,1.1603321,1.5403321,1.150332,1.270332,1.480332,0.870332,0.36033204,-2.389668,-1.739668,-1.019668,-0.35966796,-1.5796679,-2.949668,-3.159668,-3.499668,-3.149668,-3.209668,-3.559668,-3.839668,-3.709668,-3.549668,-3.699668,-4.539668,-3.669668,-3.339668,-3.2596679,-3.429668,-2.589668,-1.369668,-1.509668,-0.039667968,-1.739668,-1.929668,-1.479668,-1.8396679,-3.799668,-4.3996677,-2.669668,-7.509668,-6.909668,-5.569668,-4.269668,-3.889668,-4.209668,-4.809668,-5.499668,-5.959668,-6.779668,-6.739668
-2.919668,-2.739668,-2.5196679,-1.9696679,-1.859668,-1.4496679,-1.119668,-0.649668,-0.11966797,0.35033202,1.0603321,1.460332,1.250332,1.3103321,1.120332,0.75033206,0.24033204,-1.349668,-1.289668,-0.14966796,1.900332,-1.659668,1.110332,-3.079668,-4.209668,-3.479668,-3.149668,-3.7696679,-4.019668,-3.889668,-3.839668,-4.239668,-4.609668,-3.859668,-3.2796679,-2.799668,-2.289668,-1.499668,-0.709668,-1.5796679,0.670332,-0.12966797,-2.869668,-2.949668,-3.249668,-4.3996677,-2.499668,-5.849668,-6.729668,-6.539668,-5.679668,-4.619668,-3.799668,-5.219668,-5.359668,-4.939668,-5.989668,-4.8796678,-2.659668
-3.069668,-2.889668,-2.569668,-2.209668,-1.649668,-1.1996679,-0.829668,-0.509668,-0.16966797,0.40033203,1.250332,1.700332,1.2803321,1.090332,0.620332,-0.07966797,-0.12966797,-1.489668,-1.139668,2.000332,1.490332,-0.84966797,0.10033203,-0.819668,-1.6996679,-2.339668,-3.129668,-3.149668,-2.929668,-4.119668,-3.919668,-3.979668,-3.489668,-3.059668,-2.379668,-2.589668,-1.4396679,-2.399668,-3.229668,-4.409668,-1.5696679,-1.269668,-3.559668,-3.809668,-3.909668,-4.1296678,-4.949668,-6.059668,-5.859668,-5.859668,-5.669668,-5.349668,-4.219668,-4.609668,-4.849668,-4.829668,-4.279668,-6.1496677,-5.999668
-2.819668,-2.729668,-2.399668,-1.999668,-1.559668,-1.149668,-0.819668,-0.40966797,0.06033203,0.540332,1.510332,2.000332,1.690332,0.780332,-0.16966797,-0.019667968,-0.15966797,-0.649668,-0.78966796,-0.26966798,-1.4396679,-1.179668,0.89033204,2.360332,-2.139668,-1.8396679,-0.699668,-0.589668,-2.0296679,-3.039668,-3.449668,-1.929668,-2.819668,-2.649668,-1.909668,-0.13966797,-0.519668,-0.899668,-2.889668,-2.809668,-4.569668,-0.899668,-3.0096679,-3.629668,-3.839668,-4.269668,-4.779668,-5.329668,-5.279668,-4.889668,-5.439668,-5.509668,-4.359668,-4.259668,-4.749668,-5.639668,-6.689668,-7.559668,-4.499668
-2.359668,-2.149668,-1.799668,-1.479668,-1.179668,-0.78966796,-0.38966796,0.13033204,0.15033203,0.95033205,1.9103321,2.860332,0.47033203,0.16033202,0.70033205,1.0303321,-0.38966796,-2.049668,-2.419668,-1.999668,-2.679668,-3.669668,0.44033203,-1.539668,-2.159668,-2.0096679,-0.39966798,0.620332,0.730332,-0.93966794,-0.589668,-2.7696679,-3.449668,-2.729668,-2.459668,-1.279668,1.4203321,2.190332,0.07033203,-0.07966797,-0.769668,-3.739668,-0.59966797,0.680332,-2.719668,-3.369668,-4.349668,-4.509668,-4.559668,-4.409668,-5.009668,-5.279668,-4.709668,-4.229668,-4.319668,-4.229668,-4.419668,-0.629668,-0.65966797
-2.689668,-2.139668,-1.549668,-1.229668,-0.48966798,-0.09966797,0.38033202,0.680332,0.88033205,1.590332,1.7903321,2.4703321,-0.519668,-0.26966798,-0.879668,-1.279668,-2.209668,-2.619668,-2.209668,-1.9396679,-2.199668,-2.669668,-2.479668,-2.0196679,-1.799668,-2.129668,-0.899668,0.09033203,-0.29966795,0.24033204,-2.329668,-1.759668,-3.289668,-1.919668,-1.769668,-1.639668,-2.709668,-0.509668,0.43033203,2.390332,-0.25966796,-0.98966795,-0.34966797,0.110332035,0.790332,-2.849668,-3.389668,-3.909668,-4.279668,-3.719668,-4.049668,-4.559668,-4.349668,-4.139668,-3.959668,-3.389668,-0.65966797,-0.98966795,-0.43966797
-3.0296679,-2.419668,-2.099668,-1.559668,-1.049668,-0.79966795,0.20033203,0.50033206,2.100332,0.600332,1.200332,2.500332,0.010332031,-1.279668,-1.859668,-2.319668,-2.499668,-2.299668,-1.4696679,-1.259668,-1.629668,-1.509668,-2.189668,-2.179668,-2.039668,-1.889668,-1.399668,0.110332035,-0.959668,-0.30966797,-1.179668,-2.399668,-2.899668,-2.169668,-1.129668,-1.479668,-1.559668,-3.239668,-0.639668,0.95033205,2.180332,0.14033203,-0.709668,0.29033202,0.42033204,-1.729668,-2.469668,-2.829668,-3.949668,-2.039668,-3.089668,-3.239668,-3.189668,-2.989668,-4.229668,-1.1896679,-0.48966798,-0.39966798,0.51033205
-2.929668,-2.909668,-2.499668,-1.909668,-1.489668,-0.629668,0.22033203,1.6703321,1.7803321,1.130332,0.83033204,1.200332,0.08033203,-1.419668,-2.199668,-2.2696679,-2.0096679,-1.299668,-0.59966797,-0.17966796,-1.309668,-1.649668,-1.869668,-2.139668,-2.199668,-1.809668,-1.619668,-0.34966797,-1.769668,-0.949668,-0.839668,-2.959668,-2.239668,-1.489668,-1.409668,-1.2096679,-1.999668,-0.879668,-2.379668,-0.719668,0.740332,2.050332,-0.98966795,-0.67966795,-0.13966797,-1.299668,-1.5896679,-2.309668,-1.389668,-3.039668,-2.709668,-2.159668,-1.889668,-1.639668,-1.019668,-0.85966796,-0.17966796,0.09033203,0.540332
-1.5796679,-1.519668,-1.039668,-0.709668,-1.029668,-0.529668,0.34033203,1.850332,1.520332,1.110332,0.83033204,0.010332031,-0.10966797,-0.72966796,-1.489668,-1.129668,-0.949668,-0.53966796,-0.029667968,0.21033204,-0.11966797,-0.879668,-1.299668,-1.809668,-2.149668,-1.8196679,-1.549668,-1.399668,-1.249668,-1.0696679,-0.43966797,-1.629668,-2.149668,-2.059668,-2.229668,-1.679668,-1.1996679,-1.3296679,-0.719668,-1.639668,-0.23966797,0.47033203,0.020332031,-3.989668,-0.25966796,0.64033204,-0.31966797,-0.65966797,-1.0796679,-1.759668,-2.419668,-0.09966797,-2.849668,-0.509668,-0.629668,-0.509668,-0.18966797,0.26033202,0.46033204
-1.099668,-0.36966798,0.33033204,1.020332,1.520332,-0.11966797,0.550332,1.340332,1.610332,1.4203321,1.100332,0.37033203,0.28033203,0.24033204,0.020332031,0.930332,1.1603321,0.06033203,0.52033204,0.75033206,1.580332,0.48033202,-0.44966796,-1.1896679,-2.179668,-1.979668,-2.069668,-1.369668,-0.72966796,-1.489668,-1.499668,-2.149668,-3.079668,-2.389668,-2.209668,-1.559668,-1.009668,-0.949668,-1.739668,1.7803321,-1.409668,0.660332,-0.11966797,0.21033204,-1.1996679,-0.53966796,0.740332,1.730332,0.990332,0.83033204,-1.519668,-0.09966797,-0.19966798,-0.31966797,-0.39966798,-0.09966797,-0.16966797,0.800332,0.06033203
-0.519668,-0.17966796,0.25033203,1.0403321,1.580332,2.330332,2.350332,1.240332,1.6803321,1.500332,1.440332,1.730332,1.980332,2.150332,1.700332,2.890332,1.880332,0.77033204,1.9103321,3.440332,2.4803321,-0.059667967,1.610332,-0.629668,-0.41966796,-2.349668,-2.7596679,-1.629668,-0.26966798,-2.0096679,-1.769668,-1.109668,-1.559668,-0.769668,-0.579668,-0.33966798,0.050332032,-0.47966796,0.15033203,0.43033203,-1.549668,-1.119668,0.31033203,-0.08966797,0.07033203,-1.9596679,0.12033203,0.37033203,0.03033203,1.0403321,-2.929668,-0.35966796,-0.07966797,-0.11966797,-0.20966797,-0.07966797,0.04033203,0.37033203,0.51033205
-0.29966795,-0.08966797,0.12033203,0.57033205,1.0403321,1.4303321,1.650332,2.060332,2.530332,2.890332,3.290332,3.400332,3.520332,3.810332,2.410332,3.320332,2.620332,3.010332,3.380332,3.790332,2.000332,1.900332,1.7803321,0.780332,-0.07966797,0.010332031,-2.169668,-1.9696679,-1.659668,-2.219668,-1.4596679,-1.2196679,-0.46966797,-0.14966796,0.010332031,0.19033203,0.36033204,0.65033203,1.340332,0.790332,0.76033205,-2.789668,0.930332,-0.07966797,0.25033203,0.88033205,-2.429668,-2.429668,-0.889668,0.31033203,-2.5196679,-0.61966795,-0.32966796,0.020332031,-0.30966797,-0.37966797,-0.43966797,0.110332035,0.660332
-0.25966796,-0.07966797,0.40033203,0.49033204,0.83033204,1.340332,2.030332,2.560332,3.060332,3.570332,3.9903321,4.770332,4.6203322,4.310332,3.870332,4.320332,4.330332,4.200332,4.330332,3.000332,3.070332,3.010332,2.7303321,0.910332,3.3203125E-4,-0.38966796,0.20033203,0.22033203,-2.139668,-1.749668,-1.129668,-0.30966797,-0.21966797,0.12033203,-0.069667965,0.43033203,0.59033203,0.530332,0.45033205,-0.009667968,-0.92966795,-1.539668,-1.269668,0.720332,0.010332031,0.43033203,-1.729668,0.24033204,-1.0796679,0.58033204,0.57033205,-1.9496679,-0.11966797,0.110332035,0.10033203,-0.36966798,0.35033202,0.50033206,0.96033204
0.24033204,0.670332,0.75033206,1.1703321,1.5303321,1.980332,2.560332,2.9703321,3.430332,3.850332,4.860332,4.430332,5.1203322,4.970332,4.970332,4.980332,4.660332,3.610332,3.330332,3.560332,3.680332,3.570332,2.4803321,2.270332,0.800332,-0.30966797,-0.25966796,0.08033203,-0.31966797,-1.1996679,-0.16966797,-0.949668,-0.11966797,0.14033203,0.07033203,0.740332,0.010332031,-0.36966798,-0.20966797,-0.529668,-0.97966796,-1.099668,-2.669668,-0.61966795,0.18033203,-0.019667968,3.3203125E-4,0.20033203,-0.09966797,0.10033203,0.16033202,0.13033204,0.12033203,0.14033203,0.21033204,-0.24966797,-0.32966796,0.16033202,1.130332
0.56033206,0.910332,1.470332,1.600332,2.2303321,2.640332,3.090332,4.150332,4.130332,4.190332,5.300332,4.8703322,5.990332,5.550332,4.780332,4.110332,3.870332,2.810332,3.210332,3.800332,3.210332,3.500332,2.830332,0.82033205,0.75033206,0.24033204,-0.579668,-1.1896679,-0.34966797,-0.16966797,0.58033204,-0.009667968,-0.18966797,0.04033203,0.08033203,-0.039667968,-0.41966796,-0.54966795,-0.73966795,-0.33966798,-1.1896679,-1.009668,-0.879668,-2.679668,-0.39966798,0.47033203,0.04033203,2.460332,0.90033203,1.010332,1.1703321,1.380332,1.590332,2.2203321,1.570332,1.0503321,0.27033204,1.630332,1.150332
1.2903321,1.320332,1.980332,1.510332,2.680332,3.210332,3.320332,4.440332,4.500332,4.540332,5.740332,5.230332,5.740332,5.220332,4.500332,4.760332,3.040332,3.000332,3.4703321,3.120332,3.310332,2.630332,1.760332,0.610332,0.51033205,1.5403321,-0.90966797,-1.519668,-1.039668,-0.32966796,-1.0796679,-0.949668,-0.54966795,-0.24966797,-0.639668,-0.629668,0.04033203,-1.479668,-0.60966796,-0.66966796,0.38033202,-2.209668,-2.0196679,-2.629668,-3.169668,-0.72966796,1.370332,1.990332,-0.949668,-0.68966794,-0.029667968,0.660332,-0.009667968,-0.14966796,0.660332,1.200332,1.6703321,2.630332,3.430332
1.6603321,1.760332,2.7403321,1.590332,2.250332,3.170332,4.210332,4.560332,5.380332,5.310332,5.6203322,5.110332,4.840332,5.000332,4.810332,4.660332,3.860332,3.870332,3.570332,3.660332,2.590332,2.510332,1.5403321,0.600332,1.140332,0.10033203,-0.649668,-2.369668,-0.899668,-2.7796679,-1.9696679,-1.389668,-0.78966796,-1.0796679,-1.099668,-0.93966794,-2.959668,-2.139668,-0.949668,-3.039668,-3.219668,-3.449668,-3.599668,-3.539668,-2.989668,-1.779668,-0.17966796,-1.019668,-2.369668,-2.0296679,-1.5796679,-1.849668,-1.309668,-0.61966795,-0.579668,-0.17966796,0.44033203,0.90033203,1.440332
2.2403321,2.820332,2.570332,2.290332,2.580332,3.080332,3.760332,4.320332,4.450332,5.270332,5.190332,4.910332,5.020332,5.040332,4.300332,4.860332,4.050332,3.510332,3.450332,3.750332,3.280332,2.290332,1.4103321,0.530332,0.71033204,-0.61966795,-0.639668,-2.939668,-3.109668,-3.299668,-2.229668,-2.379668,-2.0296679,-1.229668,-1.259668,-2.669668,-3.219668,-3.069668,-4.499668,-4.559668,-4.769668,-4.099668,-4.459668,-4.849668,-3.579668,-4.199668,-4.809668,-2.829668,-0.019667968,0.21033204,0.30033204,-0.73966795,-1.039668,-0.28966796,-0.589668,0.57033205,0.600332,1.090332,0.89033204
2.870332,3.170332,2.850332,2.870332,2.280332,3.040332,2.910332,3.680332,4.260332,5.230332,4.570332,4.880332,4.430332,2.800332,4.010332,4.150332,3.670332,3.060332,3.400332,3.750332,3.060332,2.2203321,0.96033204,0.21033204,-2.039668,-1.739668,-1.3296679,-2.999668,-3.739668,-3.499668,-3.0296679,-3.049668,-3.249668,-3.439668,-3.899668,-3.7596679,-3.849668,-4.489668,-4.3796678,-5.169668,-5.359668,-5.449668,-5.449668,-5.6296678,-5.659668,-5.519668,-6.209668,-5.659668,-5.849668,-3.309668,-3.399668,-3.249668,-1.249668,0.70033205,-0.38966796,-0.25966796,1.150332,0.33033204,-0.34966797
3.110332,3.260332,3.460332,2.840332,1.6803321,2.130332,2.2303321,1.480332,2.810332,3.680332,4.320332,4.1003323,1.360332,2.880332,4.080332,2.940332,2.050332,1.8103321,2.790332,3.520332,2.930332,-0.029667968,-1.1896679,-2.889668,-3.0096679,-2.419668,-2.339668,-2.879668,-3.339668,-3.819668,-3.919668,-5.119668,-5.519668,-5.279668,-4.869668,-3.589668,-4.619668,-4.749668,-5.509668,-6.669668,-6.349668,-6.239668,-6.059668,-5.889668,-5.929668,-6.349668,-5.549668,-5.969668,-5.699668,-4.719668,-4.199668,-6.049668,-5.049668,-5.049668,-4.339668,-2.319668,-3.139668,-3.789668,-1.509668
2.880332,3.4803321,3.090332,2.030332,1.370332,-0.32966796,-0.66966796,-1.5896679,1.770332,2.950332,0.84033203,0.27033204,0.680332,-0.61966795,-0.21966797,-0.42966798,-1.629668,-0.48966798,2.000332,2.560332,0.860332,-1.619668,-2.549668,-4.1496677,-3.459668,-3.2596679,-3.219668,-3.299668,-3.909668,-4.199668,-5.249668,-5.819668,-5.309668,-4.999668,-4.779668,-3.7796679,-5.3796678,-5.509668,-6.979668,-6.869668,-6.409668,-6.299668,-6.499668,-6.209668,-5.989668,-5.859668,-6.169668,-5.6296678,-5.319668,-4.739668,-4.779668,-5.819668,-5.199668,-4.6496677,-4.429668,-3.749668,-3.5296679,-3.349668,-3.589668
0.70033205,2.270332,-0.08966797,-0.48966798,-1.499668,-2.0096679,-2.0096679,-2.569668,-0.879668,-2.399668,-1.609668,-2.079668,-2.159668,-2.049668,-1.429668,-1.909668,-2.119668,-0.38966796,0.57033205,-0.15966797,-0.67966795,-0.879668,-5.419668,-5.219668,-4.179668,-3.829668,-4.049668,-4.469668,-4.889668,-5.309668,-6.329668,-6.199668,-5.419668,-5.249668,-4.979668,-4.809668,-6.319668,-6.229668,-7.389668,-6.969668,-6.859668,-6.769668,-6.569668,-6.609668,-6.269668,-6.369668,-6.029668,-5.809668,-5.459668,-4.919668,-4.869668,-5.049668,-5.019668,-4.469668,-4.289668,-4.139668,-4.019668,-3.739668,-3.459668
-0.79966795,-2.749668,-3.419668,-3.109668,-2.929668,-2.099668,-1.9596679,-1.769668,-1.559668,-2.689668,-2.5096679,-3.409668,-3.459668,-1.9696679,-4.119668,-3.7696679,-1.779668,-0.20966797,-0.759668,-1.989668,-1.499668,-3.309668,-6.749668,-5.729668,-5.069668,-5.409668,-5.359668,-5.729668,-6.369668,-6.479668,-6.419668,-6.249668,-6.199668,-5.839668,-4.799668,-6.389668,-6.549668,-7.189668,-7.139668,-7.419668,-7.219668,-6.8996677,-6.849668,-6.6496677,-6.199668,-6.689668,-6.289668,-5.889668,-5.929668,-5.639668,-5.559668,-5.389668,-5.089668,-4.839668,-4.639668,-4.449668,-4.3996677,-4.009668,-3.439668
-4.739668,-5.289668,-4.269668,-3.709668,-3.209668,-2.729668,-2.219668,-1.859668,-2.139668,-3.179668,-3.749668,-4.3796678,-4.759668,-4.499668,-4.029668,-3.149668,-1.0796679,-1.529668,-1.8396679,-3.339668,-5.459668,-6.139668,-6.519668,-6.979668,-6.589668,-6.669668,-6.509668,-6.339668,-8.039668,-7.409668,-7.1296678,-6.449668,-6.339668,-5.949668,-6.389668,-6.409668,-7.009668,-7.8796678,-7.8996677,-7.619668,-7.549668,-6.999668,-7.059668,-6.929668,-6.419668,-6.419668,-6.259668,-6.289668,-5.969668,-5.889668,-5.669668,-5.519668,-5.309668,-4.989668,-4.6296678,-4.409668,-4.019668,-3.499668,-2.909668
