data/wind/wind-json-20190403.json
{"header": { "discipline":0, "disciplineName":"Meteorological products", "gribEdition":2, "gribLength":74387, "center":7, "centerName":"US National Weather Service - NCEP(WMC)", "subcenter":0, "refTime":"2019-04-03T00:00:00.000Z", "significanceOfRT":1, "significanceOfRTName":"Start of forecast", "productStatus":0, "productStatusName":"Operational products", "productType":1, "productTypeName":"Forecast products", "productDefinitionTemplate":0, "productDefinitionTemplateName":"Analysis/forecast at horizontal level/layer at a point in time", "parameterCategory":2, "parameterCategoryName":"Momentum", "parameterNumber":3, "parameterNumberName":"V-component_of_wind", "parameterUnit":"m.s-1", "genProcessType":2, "genProcessTypeName":"Forecast", "forecastTime":0, "surface1Type":103, "surface1TypeName":"Specified height level above ground", "surface1Value":10.0, "surface2Type":255, "surface2TypeName":"Missing", "surface2Value":0.0, "gridDefinitionTemplate":0, "gridDefinitionTemplateName":"Latitude_Longitude", "numberPoints":65160, "shape":6, "shapeName":"Earth spherical with radius of 6,371,229.0 m", "gridUnits":"degrees", "resolution":48, "winds":"true", "scanMode":0, "nx":360, "ny":181, "basicAngle":0, "lo1":0.0, "la1":90.0, "lo2":359.0, "la2":-90.0, "dx":1.0, "dy":1.0 }, "data":
[rows 52 to 77 of 181, columns 232 to 289 of 360]
-5.4698777,-4.229878,-2.949878,-1.2498779,0.7401221,1.8801221,2.1601222,-1.9198779,0.8001221,1.150122,-0.98987794,2.6301222,0.32012206,10.380122,8.130122,5.890122,6.0101223,6.2601223,4.5701222,1.4401221,1.530122,0.69012207,2.520122,1.9501221,2.120122,4.330122,3.3901222,1.790122,0.95012206,0.39012206,-0.73987794,-0.66987795,-1.589878,-2.0998778,-1.7898779,-0.47987792,-0.39987794,-0.42987794,2.8901222,3.820122,3.580122,2.290122,0.7201221,1.0101221,1.310122,1.4901221,1.8401221,-0.5698779,0.7501221,0.41012207,-1.589878,-3.3398778,-6.079878,-6.189878,-11.749878,-9.229877,4.590122,9.300122
-4.789878,-4.149878,-3.179878,-1.9898779,-0.8398779,-0.55987793,1.140122,0.8601221,-2.919878,0.49012208,0.40012208,5.970122,9.8101225,7.980122,9.750122,1.3701221,1.8201221,2.4201221,0.49012208,2.9101222,2.1301222,-1.0298779,4.3201222,2.480122,6.790122,2.9401221,1.140122,-1.7698779,-4.229878,-2.399878,-2.389878,-0.84987795,-0.009877929,1.540122,0.8601221,-0.04987793,0.21012206,1.3501221,3.1901221,3.090122,1.900122,0.71012205,0.38012207,-0.22987793,0.70012206,1.060122,0.37012208,-1.2498779,1.180122,-0.5098779,-2.789878,-4.2398777,-9.539878,-14.579878,-13.019878,11.440122,4.7601223,0.9901221
-4.999878,-4.869878,-4.519878,-3.729878,-2.679878,-2.029878,-0.91987795,1.7001221,1.7301221,-1.5198779,-0.71987796,5.100122,6.710122,6.7801223,10.950122,10.000122,7.200122,4.500122,5.270122,3.1501222,2.4201221,2.710122,4.110122,2.990122,5.5501223,-0.5098779,-2.5698779,-1.1698779,8.490122,5.480122,3.710122,3.8801222,4.000122,2.560122,1.900122,1.8501221,1.8301221,3.800122,2.980122,1.890122,0.44012207,-0.16987793,-0.11987793,-0.40987793,1.640122,-0.31987792,-2.189878,2.040122,0.6801221,-1.5098779,-3.959878,-3.929878,-10.339878,-21.299877,24.170122,10.400122,11.150122,19.090122
-4.829878,-4.7398777,-4.689878,-4.1998777,-3.3698778,-2.179878,-0.86987793,-1.859878,1.300122,-4.439878,4.000122,3.6801221,-2.129878,6.620122,10.370122,9.180122,6.690122,6.150122,7.180122,4.7801223,1.3401221,2.260122,3.580122,2.4001222,4.750122,4.3001223,3.510122,7.0501223,5.970122,5.230122,3.870122,3.820122,3.240122,2.510122,1.9801221,1.920122,2.350122,2.3901222,0.90012205,-0.10987793,-0.7698779,-0.5198779,-0.42987794,0.16012207,-2.039878,-1.9898779,1.670122,1.310122,-0.20987792,-2.269878,-4.259878,-2.659878,-14.669878,-14.949878,9.440122,14.720122,16.030123,16.320122
-4.4298778,-4.249878,-3.979878,-3.549878,-2.5598779,-1.219878,-0.6898779,-1.819878,-1.5198779,1.290122,3.1601222,1.920122,4.980122,6.460122,5.220122,4.430122,2.510122,3.530122,5.110122,6.480122,5.660122,6.110122,7.390122,0.82012206,4.160122,3.6701221,5.910122,7.860122,6.770122,5.060122,3.810122,2.8901222,3.460122,2.1401222,1.650122,1.4901221,1.3801221,0.25012207,-0.43987793,-1.1198779,-0.6498779,-1.1698779,-0.92987794,-0.41987792,-2.479878,0.30012208,0.89012206,0.15012208,-0.8798779,-0.96987796,-2.739878,-8.799878,-10.409878,-6.909878,6.980122,11.140122,13.020123,13.920122
-3.959878,-3.429878,-3.219878,-3.459878,-2.909878,-1.939878,-1.6198779,-2.6198778,-1.579878,-0.60987794,-0.6998779,1.7101221,2.3801222,1.3601221,3.040122,4.680122,3.820122,3.1901221,0.7901221,4.170122,2.350122,4.430122,5.0101223,3.950122,5.060122,5.890122,5.980122,8.240122,5.870122,4.900122,4.0101223,3.850122,2.600122,1.4801221,0.8501221,0.52012205,0.41012207,-0.06987793,-1.1398779,-0.97987795,-0.8898779,-0.5798779,-1.4298779,-1.8998779,-0.55987793,-0.71987796,-0.15987793,-0.7698779,-1.2898779,-4.649878,-4.889878,-5.2398777,-5.099878,0.07012207,5.380122,7.480122,11.980122,12.550122
-4.609878,-4.839878,-4.799878,-4.2398777,-3.0798779,-3.0598779,-3.6198778,-4.609878,-3.469878,-1.7798779,-2.709878,-2.299878,2.4201221,1.0901221,5.830122,7.830122,6.540122,5.5301223,5.810122,5.490122,3.240122,3.460122,3.270122,3.210122,3.510122,3.590122,7.120122,8.230122,5.950122,5.090122,3.810122,2.330122,1.5901221,1.2207031E-4,-0.06987793,-0.73987794,-0.43987793,-1.2898779,-1.349878,-0.66987795,-1.3098779,-1.0298779,-0.65987796,-0.90987796,0.18012208,0.34012207,-0.7698779,-2.189878,-6.519878,-6.759878,-6.509878,-3.6098778,-0.6898779,1.410122,3.580122,6.120122,11.790122,11.150122
-3.1098778,-3.279878,-3.529878,-3.699878,-3.939878,-4.289878,-4.919878,-4.649878,-3.3198779,-3.3398778,-4.779878,-4.729878,0.04012207,-2.0798779,4.770122,8.500122,5.860122,7.840122,7.440122,7.240122,4.540122,-0.27987793,1.020122,2.120122,3.220122,0.31012207,8.570122,7.5501223,6.750122,4.690122,3.510122,1.7301221,0.090122074,-0.59987795,-1.1698779,-1.209878,-1.2898779,-1.189878,-1.1698779,-0.60987794,-0.5798779,-0.8898779,-1.579878,-0.11987793,0.20012207,-0.8298779,-0.85987794,-4.009878,-6.9698777,-7.639878,-6.039878,-3.719878,-1.069878,0.34012207,1.8501221,7.410122,10.380122,9.590122
-2.979878,-3.039878,-3.459878,-3.939878,-4.519878,-4.619878,-4.4498777,-3.1198778,-3.479878,-4.459878,-5.019878,-4.869878,-3.8698778,0.8701221,4.440122,7.690122,6.290122,7.810122,7.350122,6.340122,5.410122,2.700122,1.2201221,2.270122,5.640122,4.520122,5.5301223,7.5301223,6.500122,4.440122,3.100122,1.280122,0.9101221,0.71012205,0.82012206,-0.9598779,-3.0598779,-2.199878,-0.60987794,1.890122,2.560122,0.6801221,0.84012204,0.15012208,2.230122,-2.219878,-1.1298779,-6.249878,-8.4398775,-7.709878,-5.669878,-3.659878,-2.769878,-1.5198779,4.020122,7.850122,8.370122,7.670122
-3.0798779,-3.3498778,-3.739878,-4.299878,-4.279878,-3.489878,-2.739878,-3.439878,-4.069878,-4.609878,-4.779878,-4.559878,-3.649878,-0.92987794,3.790122,0.7301221,4.810122,5.5501223,7.140122,4.430122,3.730122,1.9901221,0.9101221,3.1601222,3.580122,1.660122,3.9401221,7.000122,3.8901222,2.560122,2.950122,4.420122,3.240122,3.4001222,1.9601221,1.6201221,1.270122,2.530122,2.980122,-0.91987795,-2.199878,-2.679878,-2.659878,-2.5798779,-1.8898779,-2.209878,-2.8098779,-2.8098779,-8.6898775,-7.2198777,-5.589878,-4.4498777,-2.0798779,2.070122,6.0301223,6.970122,6.460122,6.100122
-3.3298779,-3.909878,-4.369878,-3.899878,-3.009878,-3.139878,-3.729878,-4.159878,-4.389878,-4.619878,-4.879878,-4.689878,-4.009878,-1.5298779,-5.029878,1.400122,4.960122,3.500122,7.360122,3.6401222,2.9001222,3.850122,3.4101222,2.550122,2.580122,6.240122,1.910122,5.730122,4.630122,3.790122,1.7301221,1.5701221,1.520122,0.52012205,-0.35987794,-0.66987795,-1.5298779,-2.0798779,-3.0798779,-4.529878,-4.999878,-5.339878,-4.939878,-5.329878,-5.139878,-4.899878,-1.7898779,-1.7798779,-6.4898777,-4.859878,-1.819878,-0.6398779,0.34012207,3.4001222,4.910122,6.160122,5.650122,5.290122
-2.969878,-1.4898779,-2.039878,-3.0598779,-3.429878,-4.019878,-4.329878,-4.4898777,-4.639878,-4.959878,-5.019878,-4.549878,-3.989878,-3.0598779,1.430122,4.640122,-0.7598779,3.980122,4.640122,2.800122,2.210122,4.350122,2.210122,-2.549878,1.680122,1.050122,-0.05987793,2.080122,6.400122,1.9801221,0.15012208,0.48012206,0.5601221,0.14012207,-0.6398779,-1.4198779,-2.539878,-2.949878,-3.669878,-4.339878,-5.259878,-5.599878,-5.1998777,-7.049878,-7.649878,-7.529878,-1.9098779,-2.739878,-1.8998779,0.96012205,-0.65987796,0.6801221,2.120122,1.410122,4.040122,4.840122,4.660122,4.290122
-2.3498778,-3.249878,-3.8398778,-4.189878,-4.4498777,-4.559878,-4.629878,-4.619878,-4.829878,-5.1798778,-5.079878,-4.309878,-3.239878,-2.0598779,-0.8198779,-0.73987794,1.290122,5.3001223,4.8001223,2.770122,2.4001222,1.560122,2.360122,2.780122,-2.229878,-1.339878,0.21012206,-0.6998779,4.0101223,1.170122,-0.28987792,-1.3698779,-0.37987792,-0.73987794,-1.2898779,-2.009878,-2.389878,-2.979878,-3.259878,-3.689878,-4.819878,-5.209878,-5.169878,-7.039878,-7.999878,-7.049878,-3.889878,-0.06987793,-1.109878,3.580122,1.2201221,0.8101221,2.070122,0.40012208,3.330122,4.150122,3.370122,3.460122
-3.399878,-4.049878,-4.4498777,-4.619878,-4.729878,-4.849878,-4.919878,-5.069878,-5.159878,-5.059878,-4.499878,-3.649878,-2.6098778,-1.5198779,-0.8998779,-0.91987795,-0.53987795,2.3801222,4.080122,1.4501221,1.650122,1.0801221,2.720122,2.460122,-2.689878,-4.479878,-5.079878,-0.9498779,-0.53987795,0.84012204,-1.099878,-0.92987794,-1.699878,-1.839878,-2.3598778,-2.5698779,-2.919878,-3.409878,-4.189878,-4.809878,-5.319878,-5.639878,-6.269878,-6.909878,-7.499878,-6.389878,-2.989878,-0.98987794,2.530122,2.080122,-2.169878,2.8801222,0.7901221,0.25012207,3.460122,2.850122,2.850122,2.9401221
-3.8198779,-4.259878,-4.549878,-4.639878,-4.729878,-4.879878,-5.049878,-5.079878,-4.819878,-4.249878,-3.639878,-2.909878,-1.969878,-1.459878,-1.3798779,-1.079878,-0.5898779,0.090122074,0.8101221,1.8301221,1.170122,0.7401221,0.82012206,3.1701221,4.5501223,2.9101222,-1.0498779,1.410122,1.2401221,0.95012206,0.7201221,-0.9498779,-2.3298779,-2.999878,-2.8298779,-3.3098779,-3.8398778,-5.479878,-6.049878,-5.999878,-5.4698777,-5.539878,-5.829878,-6.599878,-6.269878,-4.649878,-4.4898777,-2.8398778,-0.9998779,-0.07987793,0.7501221,0.90012205,-1.459878,0.76012206,3.010122,1.7401221,1.660122,1.8701221
-3.739878,-4.019878,-4.249878,-4.4498777,-4.6798778,-4.819878,-4.749878,-4.539878,-4.119878,-3.539878,-3.149878,-2.6098778,-2.169878,-1.9998779,-1.1798779,0.08012207,0.24012206,-0.40987793,-0.34987792,3.1601222,1.3701221,-0.85987794,-0.029877929,1.1101221,3.010122,5.490122,5.690122,6.3001223,1.6301221,4.160122,-1.439878,-2.489878,-3.5898778,-3.0598779,-3.439878,-4.619878,-5.509878,-6.069878,-6.799878,-6.359878,-5.2198777,-3.8298779,-2.299878,-4.149878,-4.539878,-4.559878,-3.239878,-3.189878,-1.719878,-2.429878,-1.4098779,-2.0798779,-1.099878,1.6301221,2.120122,0.96012205,0.6601221,1.310122
-3.8098779,-4.009878,-4.089878,-4.289878,-4.4498777,-4.4498777,-4.289878,-4.129878,-3.769878,-3.489878,-3.169878,-2.8498778,-2.5998778,-1.8798779,-0.6498779,0.01012207,0.15012208,-0.71987796,-0.7098779,-0.04987793,-0.8198779,-0.6498779,-2.0598779,0.12012207,0.7301221,3.260122,4.210122,-0.6298779,2.210122,2.220122,-1.719878,-3.449878,-3.0598779,-1.479878,-1.6698779,-2.749878,-4.4698777,-6.709878,-6.959878,-4.939878,-1.5598779,-0.18987793,-0.11987793,-0.7698779,0.6701221,1.020122,2.4101222,2.220122,0.20012207,-3.199878,-2.199878,-1.7898779,-0.38987792,1.530122,0.7901221,0.20012207,0.11012207,0.96012205
-3.8498778,-3.8098779,-3.8198779,-4.049878,-4.209878,-4.269878,-4.129878,-4.079878,-3.939878,-3.6098778,-3.449878,-3.179878,-2.679878,-1.5298779,-0.60987794,0.01012207,0.01012207,-0.9398779,-1.449878,-1.4898779,-2.009878,-1.339878,-0.54987794,-0.21987793,-0.92987794,2.250122,2.370122,2.830122,-3.779878,-1.099878,0.25012207,-4.909878,-2.489878,-1.6698779,-0.15987793,-1.689878,-3.439878,-6.369878,-2.229878,-2.3598778,-0.18987793,1.060122,1.8401221,0.8101221,1.030122,0.88012207,0.31012207,0.9301221,0.23012207,0.10012207,-1.7498779,-3.269878,-1.1798779,1.8601221,-0.97987795,-2.0998778,-1.709878,0.05012207
-3.749878,-3.789878,-4.059878,-4.309878,-4.439878,-4.2198777,-4.159878,-4.099878,-3.779878,-3.669878,-3.5798779,-3.429878,-2.649878,-1.9898779,-1.6598779,-1.349878,-0.97987795,-1.4898779,-2.009878,-2.179878,-2.489878,-2.149878,-1.6798779,0.9901221,4.900122,4.140122,2.1701221,4.720122,2.3801222,-4.499878,-0.32987794,-1.3098779,-6.659878,-3.1098778,-0.31987792,-0.7098779,-3.449878,-6.399878,-1.7698779,1.2207031E-4,1.0101221,2.020122,0.64012206,-0.6398779,-0.92987794,-1.229878,-1.5098779,-1.4898779,-1.3898779,-1.1398779,0.22012207,0.48012206,1.0701221,-0.30987793,-4.139878,-2.1098778,-3.5798779,-0.42987794
-3.8098779,-3.879878,-3.969878,-3.989878,-3.8298779,-3.789878,-3.899878,-3.8498778,-3.759878,-3.6198778,-3.5798779,-3.459878,-2.949878,-2.469878,-1.719878,-1.0298779,-1.5598779,-2.429878,-2.739878,-2.729878,-2.959878,-2.049878,-0.9498779,-1.1498779,0.9901221,0.25012207,1.8801221,0.8601221,1.2201221,2.9401221,8.920122,0.65012205,-7.139878,-3.759878,-2.919878,-2.5998778,-4.119878,-2.0998778,-0.8898779,0.49012208,0.88012207,0.6101221,-0.5098779,-1.2998779,-1.8898779,-1.8098779,-1.7798779,-1.819878,-2.379878,-1.6698779,0.06012207,0.71012205,1.780122,0.6201221,-2.749878,-1.069878,-1.599878,0.76012206
-3.449878,-3.499878,-3.489878,-3.439878,-3.399878,-3.5898778,-3.759878,-3.799878,-3.679878,-3.489878,-3.5898778,-3.5898778,-3.229878,-2.629878,-1.689878,-1.709878,-2.159878,-3.219878,-3.519878,-3.509878,-2.8398778,-1.7698779,-0.8398779,-0.5698779,-0.8398779,0.10012207,2.100122,1.9801221,0.15012208,4.100122,4.340122,-1.0198779,-3.5698779,-1.4098779,-3.659878,-2.469878,-2.539878,-2.3298779,-0.59987795,0.27012208,0.64012206,-0.86987793,-1.8798779,-2.489878,-2.879878,-2.679878,-2.8298779,-2.989878,-3.3398778,-3.729878,1.9601221,-0.6998779,0.21012206,1.7501221,0.7401221,2.120122,3.1601222,0.9801221
-3.209878,-3.3698778,-3.499878,-3.519878,-3.5698779,-3.649878,-3.669878,-3.639878,-3.6098778,-3.889878,-4.139878,-4.029878,-3.5598779,-2.789878,-2.5798779,-2.759878,-2.8598778,-3.519878,-3.909878,-3.919878,-3.0998778,-2.209878,-1.839878,-1.699878,-1.6498779,-0.92987794,-0.5098779,-1.339878,0.47012207,1.650122,2.1401222,1.1201221,-2.289878,-4.149878,-1.4298779,-2.499878,-0.85987794,-1.709878,-0.92987794,-0.15987793,-1.8898779,-2.3498778,-3.1198778,-2.879878,-3.149878,-3.499878,-3.379878,-2.699878,-2.3398778,-1.859878,-0.08987793,-0.8898779,-0.48987794,-0.26987794,-0.08987793,1.290122,0.17012207,-1.0498779
-3.209878,-3.289878,-3.399878,-3.429878,-3.489878,-3.5998778,-3.5798779,-3.729878,-4.1798778,-4.439878,-4.389878,-4.229878,-3.959878,-3.639878,-3.5798779,-3.3598778,-3.0898778,-3.739878,-4.129878,-4.129878,-3.289878,-2.899878,-2.8098779,-2.769878,-2.679878,-2.299878,-1.6198779,-1.1598779,-0.8998779,-0.21987793,1.050122,1.520122,2.1901221,-12.889878,-2.3698778,-1.969878,-4.809878,1.160122,-0.28987792,-0.24987793,-3.029878,-2.899878,-1.8098779,-1.7698779,-2.439878,-3.549878,-3.169878,-2.479878,-1.7998779,-1.5098779,-1.7598779,-1.6598779,-1.339878,-0.53987795,-0.39987794,-1.3798779,-1.939878,-2.159878
-3.009878,-3.149878,-3.249878,-3.129878,-3.129878,-3.439878,-4.059878,-4.329878,-4.439878,-4.579878,-4.549878,-4.269878,-4.079878,-3.8398778,-3.8198779,-3.5598779,-3.389878,-3.739878,-3.8198779,-3.669878,-3.249878,-3.179878,-3.249878,-3.249878,-3.3198779,-3.189878,-2.519878,-2.169878,-1.6498779,-0.33987793,0.84012204,2.010122,-2.799878,-5.619878,-2.509878,-1.5498779,0.25012207,-3.009878,-1.3998779,-2.549878,-2.3098779,-1.3798779,-0.45987794,-0.8298779,-1.229878,-3.019878,-3.289878,-2.8598778,-2.0698779,-2.229878,-2.6198778,-3.149878,-2.429878,-2.649878,-2.429878,-2.739878,-2.8198779,-2.409878
-3.279878,-3.249878,-3.299878,-3.709878,-4.139878,-4.209878,-4.2398777,-4.4298778,-4.639878,-4.4898777,-4.249878,-4.139878,-4.029878,-4.009878,-3.6198778,-3.529878,-3.419878,-3.379878,-3.449878,-3.659878,-3.8298779,-3.659878,-3.379878,-3.449878,-3.979878,-3.659878,-2.709878,-2.3698778,-1.7998779,-0.54987794,1.530122,-1.5598779,-1.7898779,-3.129878,-2.8698778,-1.3898779,-1.0198779,0.76012206,1.0101221,1.4501221,-0.79987794,-1.2698779,-0.78987795,-0.8198779,-0.08987793,-3.469878,-3.409878,-2.649878,-2.5698779,-3.189878,-3.8398778,-4.059878,-3.6198778,-3.3698778,-3.5898778,-3.249878,-2.979878,-2.409878
-3.229878,-3.3598778,-3.669878,-4.099878,-4.2398777,-4.299878,-4.569878,-4.589878,-4.289878,-4.049878,-4.029878,-3.929878,-3.929878,-3.519878,-3.529878,-3.5698779,-3.469878,-3.219878,-3.3498778,-3.789878,-4.029878,-4.069878,-4.459878,-4.4498777,-3.979878,-3.429878,-2.8098779,-2.3198779,-1.709878,-0.6298779,-1.1598779,-1.0098779,-1.9198779,-2.8698778,-2.239878,-0.25987792,0.6001221,1.4401221,4.5301223,3.270122,2.1401222,0.88012207,-1.599878,-0.92987794,-0.46987793,-2.769878,-2.959878,-3.019878,-3.509878,-3.929878,-4.609878,-4.9898777,-5.439878,-5.609878,-4.7198777,-4.059878,-3.739878,-2.8098779
