data/wind/wind-json-20190402.json
{"header": { "discipline":0, "disciplineName":"Meteorological products", "gribEdition":2, "gribLength":74222, "center":7, "centerName":"US National Weather Service - NCEP(WMC)", "subcenter":0, "refTime":"2019-04-02T00:00:00.000Z", "significanceOfRT":1, "significanceOfRTName":"Start of forecast", "productStatus":0, "productStatusName":"Operational products", "productType":1, "productTypeName":"Forecast products", "productDefinitionTemplate":0, "productDefinitionTemplateName":"Analysis/forecast at horizontal level/layer at a point in time", "parameterCategory":2, "parameterCategoryName":"Momentum", "parameterNumber":3, "parameterNumberName":"V-component_of_wind", "parameterUnit":"m.s-1", "genProcessType":2, "genProcessTypeName":"Forecast", "forecastTime":0, "surface1Type":103, "surface1TypeName":"Specified height level above ground", "surface1Value":10.0, "surface2Type":255, "surface2TypeName":"Missing", "surface2Value":0.0, "gridDefinitionTemplate":0, "gridDefinitionTemplateName":"Latitude_Longitude", "numberPoints":65160, "shape":6, "shapeName":"Earth spherical with radius of 6,371,229.0 m", "gridUnits":"degrees", "resolution":48, "winds":"true", "scanMode":0, "nx":360, "ny":181, "basicAngle":0, "lo1":0.0, "la1":90.0, "lo2":359.0, "la2":-90.0, "dx":1.0, "dy":1.0 }, "data":
[rows 78 to 103 of 181, columns 171 to 227 of 360]
-2.7245703,-2.9045703,-2.8945704,-2.7245703,-2.6945703,-2.0945704,-1.0545703,-1.7945703,-2.2245703,-2.2745702,-2.5245702,-2.9045703,-3.4345703,-3.8345704,-3.8045702,-3.7245703,-3.5945704,-3.5345702,-3.7245703,-3.8645704,-3.9045703,-4.2345705,-4.55457,-4.76457,-4.42457,-4.53457,-4.4645705,-5.0645704,-5.42457,-5.1245704,-4.2045703,-4.4845705,-3.1145704,-2.8445704,-3.5045702,-3.4145703,-3.0445702,-2.8845704,-2.7645702,-2.2545702,-1.8645703,-2.0045702,-2.2945702,-2.6845703,-2.8045702,-2.8145704,-3.2345703,-4.0245705,-4.1045704,-4.36457,-4.38457,-4.2345705,-4.1645703,-4.07457,-4.0245705,-3.8145704,-3.5345702
-3.3645704,-3.2945702,-2.9845703,-2.6945703,-2.4345703,-2.4645703,-3.0745704,-3.7245703,-3.7645702,-3.6945703,-3.7045703,-3.7945702,-3.8245704,-4.1645703,-4.2445703,-4.2945704,-4.7745705,-4.86457,-4.4645705,-4.5445704,-4.7145705,-4.8345704,-4.6645703,-4.2245703,-4.65457,-4.7045703,-4.9545703,-5.2445703,-4.8745704,-4.4845705,-4.4945703,-4.4345703,-4.2145705,-3.9045703,-3.5545702,-3.1545703,-2.8245704,-2.7045703,-2.7545702,-2.7745702,-2.5845704,-2.5345702,-2.6445704,-2.7345703,-2.6845703,-3.0045702,-3.4545703,-3.7045703,-3.8945704,-3.9545703,-4.1445704,-4.11457,-4.01457,-4.03457,-4.09457,-3.6745703,-3.5645704
-4.13457,-4.3745704,-4.86457,-5.1645703,-5.11457,-4.61457,-4.4745703,-4.4345703,-4.4545703,-4.17457,-3.7945702,-4.1945705,-4.2245703,-3.6545703,-4.03457,-4.9445705,-5.42457,-4.9745703,-5.0045705,-5.26457,-5.55457,-4.7245703,-4.5645704,-5.07457,-5.07457,-4.9945703,-5.11457,-4.4945703,-3.8845704,-3.9045703,-3.7145703,-4.40457,-4.3345704,-3.9445703,-3.6945703,-3.5245702,-3.4145703,-3.4245703,-3.1245704,-3.1845703,-3.5845704,-3.3745704,-3.2345703,-2.9345703,-2.7445703,-2.7445703,-3.2045703,-3.5945704,-3.8845704,-3.9945703,-3.7545702,-3.7545702,-3.8845704,-4.1245704,-4.0645704,-4.01457,-4.03457
-6.1245704,-6.2045703,-5.9345703,-5.7045703,-5.6645703,-5.2145705,-4.9845705,-4.5845704,-4.1945705,-3.6645703,-3.7845702,-3.5645704,-3.7245703,-4.36457,-5.2545705,-5.8745704,-5.7945704,-5.5845704,-5.5845704,-5.80457,-4.9645705,-4.4445705,-4.8145704,-5.1045704,-6.0045705,-6.15457,-5.4545703,-4.51457,-4.5245705,-5.2745705,-4.8345704,-4.5845704,-4.2945704,-3.9045703,-3.6145704,-3.4645703,-3.5745704,-3.6045704,-3.7745702,-3.7345703,-3.8945704,-4.0845704,-3.7545702,-3.4445703,-3.1745703,-3.3445704,-3.6245704,-3.8045702,-4.05457,-3.8345704,-3.5745704,-3.4245703,-3.9045703,-4.09457,-4.0445704,-4.28457,-3.9545703
-6.4145703,-6.01457,-5.7745705,-5.11457,-4.13457,-4.1645703,-4.2745705,-4.1645703,-3.7945702,-3.7245703,-3.5745704,-3.9945703,-4.2445703,-5.3345704,-5.63457,-4.9745703,-4.17457,-4.2345705,-5.2045703,-4.28457,-4.5645704,-4.9845705,-5.51457,-5.7245703,-5.5045705,-5.09457,-4.5845704,-4.80457,-5.3345704,-5.4645705,-4.7045703,-4.40457,-4.3145704,-3.9845703,-3.9145703,-3.9345703,-3.8945704,-3.9045703,-4.01457,-4.26457,-4.01457,-4.1845703,-3.8045702,-3.1845703,-2.9345703,-3.3445704,-4.0245705,-4.34457,-4.4945703,-4.38457,-4.1445704,-4.1045704,-3.8045702,-3.9145703,-4.17457,-4.03457,-3.8045702
-6.3745704,-5.17457,-3.8745704,-3.2845702,-3.0945704,-3.5445702,-3.8845704,-3.8345704,-3.7145703,-3.6945703,-3.8845704,-4.2345705,-4.80457,-4.59457,-3.9845703,-3.9445703,-3.9345703,-3.7245703,-3.8445704,-4.42457,-4.9445705,-4.8745704,-5.17457,-5.5045705,-5.90457,-4.7545705,-4.76457,-5.42457,-5.4545703,-5.05457,-4.5245705,-4.36457,-4.15457,-3.9445703,-4.0245705,-4.01457,-4.1645703,-4.28457,-4.26457,-4.1245704,-4.38457,-4.13457,-3.5445702,-2.7845702,-2.9245703,-3.2245703,-3.5145702,-3.6545703,-3.9145703,-4.2445703,-4.4745703,-4.26457,-4.2745705,-4.2045703,-4.3145704,-4.09457,-3.9845703
-4.15457,-3.9345703,-3.6645703,-3.7345703,-3.6045704,-3.4745703,-3.8045702,-3.9445703,-3.7945702,-4.32457,-4.4445705,-4.8345704,-3.9845703,-3.4745703,-3.5145702,-3.3145704,-2.6445704,-3.0645704,-3.6045704,-4.3745704,-4.4945703,-4.7445703,-5.2345705,-5.0645704,-5.3345704,-5.3345704,-5.28457,-5.05457,-4.7945704,-4.2545705,-4.26457,-3.5745704,-3.3445704,-3.0845704,-3.7145703,-4.2945704,-4.4545703,-4.55457,-4.0845704,-4.42457,-4.4345703,-4.13457,-3.3445704,-3.2145703,-3.3745704,-3.4745703,-3.1745703,-3.1245704,-2.9745703,-3.2545702,-3.5345702,-4.2945704,-4.28457,-4.4845705,-4.4445705,-4.3745704,-3.9345703
-2.9745703,-3.5745704,-3.3245704,-3.1045704,-3.0745704,-3.2345703,-2.9845703,-3.0445702,-3.8245704,-4.2245703,-3.6945703,-3.7845702,-3.9745703,-3.5745704,-3.3545704,-2.9545703,-3.1145704,-3.2845702,-3.6345704,-4.0045705,-4.1645703,-4.0445704,-4.15457,-4.4645705,-4.67457,-5.38457,-4.2945704,-4.0445704,-3.6845703,-3.3345704,-2.8745704,-2.9845703,-3.2345703,-3.2445703,-3.3845704,-3.5745704,-3.5145702,-3.5045702,-3.4345703,-3.2145703,-3.1745703,-3.4545703,-3.6145704,-3.2445703,-3.0345702,-3.1045704,-3.1545703,-3.5545702,-3.2545702,-3.1045704,-2.8645704,-3.0545702,-4.2945704,-4.5245705,-4.55457,-4.3345704,-3.8545704
-2.8045702,-2.7045703,-3.2545702,-3.2645702,-3.3145704,-3.8645704,-3.8945704,-3.7945702,-3.4545703,-3.4845703,-3.8045702,-3.4945703,-3.1145704,-3.5145702,-3.1345704,-2.9045703,-3.6345704,-3.4545703,-3.8445704,-3.9645703,-3.9645703,-3.7645702,-4.01457,-4.11457,-3.6945703,-2.3745704,-2.4645703,-2.2645702,-2.0345702,-2.0945704,-2.2145703,-2.7245703,-2.8945704,-3.6345704,-3.4845703,-3.1245704,-3.3645704,-3.2045703,-3.1945703,-3.4245703,-3.3545704,-3.2245703,-3.0745704,-2.8345704,-2.6245704,-2.2645702,-2.4045703,-2.7945702,-2.9645703,-3.0245702,-3.0745704,-3.1845703,-3.1445704,-3.0245702,-3.3845704,-3.3045702,-3.3045702
-1.9045703,-2.3245704,-2.2945702,-2.4845703,-2.7145703,-3.2545702,-3.3145704,-3.4145703,-3.3945704,-3.6445704,-3.3745704,-2.8945704,-2.5745704,-2.3845704,-2.5745704,-2.9445703,-2.9245703,-3.5445702,-3.5345702,-3.5545702,-3.4745703,-3.5545702,-3.7745702,-3.6945703,-3.1145704,-2.1845703,-2.4345703,-2.7145703,-2.3145704,-2.4345703,-2.4845703,-2.7945702,-3.0345702,-3.2645702,-3.0245702,-2.8245704,-2.6145704,-2.7345703,-2.8845704,-2.9645703,-3.1845703,-2.9845703,-2.5745704,-2.1245704,-2.1545703,-2.2745702,-2.3545704,-2.2445703,-2.3345704,-2.8945704,-3.0345702,-3.2745702,-3.3245704,-3.3345704,-3.5245702,-3.3745704,-3.3245704
-1.7945703,-1.6345704,-2.0445702,-2.3445704,-2.3145704,-2.4245703,-2.7945702,-2.6745703,-2.6345704,-2.7145703,-3.1845703,-3.1145704,-2.6745703,-2.2045703,-2.4245703,-2.3145704,-2.9945703,-3.4145703,-3.6645703,-4.03457,-4.03457,-3.7945702,-3.7045703,-3.0245702,-3.1345704,-2.6345704,-2.6645703,-3.2245703,-3.1545703,-2.7345703,-2.5645704,-2.6145704,-2.7345703,-2.4445703,-2.4445703,-2.3545704,-2.3945704,-2.5845704,-2.6145704,-2.3745704,-2.4545703,-2.2545702,-2.0445702,-2.3545704,-2.2345703,-2.1345704,-2.3045702,-1.9345703,-1.8345703,-1.6745703,-1.3545703,-1.5645703,-1.7045703,-2.3945704,-2.4645703,-2.7445703,-2.1945703
-2.0145702,-2.1345704,-1.8045703,-2.2545702,-2.5745704,-2.6745703,-2.7145703,-2.9145703,-2.9445703,-2.8645704,-2.8845704,-2.6745703,-2.2845702,-2.2745702,-1.9645703,-1.7745703,-2.1945703,-3.6045704,-3.6745703,-3.7645702,-3.9745703,-3.0745704,-3.2145703,-2.7745702,-2.3945704,-2.7945702,-2.9945703,-2.6845703,-2.0345702,-2.3345704,-3.1845703,-3.4445703,-3.1645703,-3.2545702,-2.9845703,-2.9745703,-2.6845703,-2.6045704,-2.3745704,-2.2645702,-1.8145703,-1.8845704,-1.8545703,-1.7445703,-1.4745703,-1.8645703,-1.9645703,-1.5745703,-1.3145703,-0.97457033,-0.8045703,-0.064570315,-0.20457031,-0.72457033,-0.8645703,-0.27457032,0.44542968
-2.2645702,-2.0345702,-2.0345702,-2.5145702,-2.8445704,-3.0045702,-2.9945703,-3.0345702,-2.9545703,-2.8345704,-2.6645703,-2.5545702,-2.3945704,-2.4145703,-2.3445704,-2.2345703,-2.4745703,-2.3845704,-2.4945703,-2.3645704,-2.1545703,-2.4545703,-2.0845704,-2.4545703,-2.5245702,-2.5445702,-2.7245703,-2.2245703,-2.1845703,-2.2445703,-2.6345704,-2.6545703,-2.2345703,-1.3945704,-1.4745703,-1.5645703,-1.7445703,-1.6645703,-1.7045703,-2.0545702,-2.3145704,-2.2445703,-2.0345702,-1.4645703,-1.0545703,-1.3745704,-1.2645704,-1.1145703,-0.8845703,-0.2545703,0.41542968,0.06542969,0.15542969,0.08542969,0.13542968,0.6154297,0.9554297
-1.6445704,-2.7245703,-2.7745702,-2.7545702,-2.7845702,-3.0245702,-3.2045703,-3.2245703,-2.9845703,-2.7945702,-2.6045704,-2.7545702,-2.8045702,-2.7945702,-2.5645704,-2.4445703,-2.5945704,-2.2845702,-2.4345703,-2.4545703,-2.7445703,-2.7045703,-2.3245704,-1.9045703,-2.3645704,-2.6545703,-2.9545703,-3.3545704,-3.1845703,-3.2045703,-2.3945704,-1.8945704,-2.0645704,-2.0745704,-1.9545703,-1.8445703,-1.9545703,-2.0145702,-1.9745703,-1.5645703,-1.5245703,-1.7545704,-1.6045703,-1.7245703,-1.9445703,-1.1445704,-0.8845703,-0.8245703,-0.36457032,-0.09457031,0.17542969,0.4054297,-0.104570314,-0.024570312,0.38542968,0.6854297,0.96542966
-1.9145703,-2.0945704,-2.8045702,-2.7845702,-3.1745703,-3.3645704,-3.2945702,-2.6145704,-2.5745704,-2.5645704,-2.9545703,-2.9445703,-2.9745703,-2.8445704,-2.7245703,-1.4745703,-1.0445703,-2.0445702,-1.5145704,-1.8345703,-1.8345703,-1.9945703,-2.2545702,-2.3145704,-2.2145703,-2.5345702,-2.4445703,-3.3145704,-3.1045704,-2.5245702,-2.5645704,-2.4645703,-2.0845704,-1.7845703,-1.8445703,-1.9845703,-2.1245704,-2.3645704,-2.5645704,-2.6645703,-2.5745704,-2.4645703,-2.5045702,-2.0045702,-1.5045704,-1.0045704,-0.4645703,0.06542969,0.2554297,0.3454297,0.3154297,0.0054296874,0.5054297,0.09542969,-0.22457032,0.2554297,0.6754297
-1.3145703,-1.6645703,-2.3345704,-3.1745703,-3.5945704,-3.3445704,-3.0245702,-3.0645704,-3.0645704,-2.7845702,-1.9045703,-1.3245703,-2.0045702,-2.6645703,-1.6745703,-1.0545703,-0.3145703,0.2754297,-0.4145703,-1.7145703,-2.0445702,-1.9045703,-2.1345704,-2.6545703,-2.8545704,-2.9345703,-2.6745703,-2.3845704,-2.6545703,-2.7345703,-2.5845704,-2.1645703,-1.8645703,-1.6245704,-1.9545703,-1.6845703,-1.4145703,-2.1745703,-2.2145703,-2.1445704,-2.0945704,-2.0745704,-1.8645703,-1.7345703,-1.6945703,-1.3845704,-0.7645703,0.6254297,1.3154297,1.1754297,1.4254297,1.2554297,0.8054297,0.5654297,0.71542966,0.20542969,-0.22457032
-0.044570312,-0.5845703,-1.0945703,-3.0945704,-3.3845704,-3.4845703,-2.6145704,-2.8045702,-2.5245702,-2.3245704,-2.2845702,-1.9945703,-0.9845703,-0.3245703,-0.23457031,-0.48457032,-0.5245703,-0.4745703,-0.8745703,-0.9645703,-1.8545703,-2.4045703,-2.8445704,-2.1945703,-1.7745703,-2.4145703,-2.7145703,-3.0745704,-2.8745704,-3.1845703,-2.3845704,-2.2645702,-2.0545702,-1.8345703,-1.8745704,-2.4445703,-2.1745703,-1.4345703,-1.6745703,-1.7245703,-1.7845703,-1.5145704,-1.4445703,-1.5745703,-1.5645703,-1.2545704,-0.16457032,0.7654297,1.5054297,1.6054296,1.7954297,2.2154298,1.5254297,0.8554297,1.1554297,-0.24457031,0.06542969
0.65542966,-0.12457031,-0.7145703,-1.2145703,-2.0545702,-2.4945703,-3.1945703,-2.9945703,-2.5145702,-2.2745702,-1.7145703,-1.5045704,-0.65457034,-0.5745703,-0.4645703,-0.7545703,-0.5545703,-0.3445703,0.20542969,0.2854297,-0.4645703,-0.29457033,-0.3845703,-0.7545703,-1.4645703,-1.2345703,-2.7045703,-2.0845704,-2.3745704,-2.3145704,-1.9045703,-1.7145703,-1.7745703,-1.7045703,-1.6645703,-1.8145703,-1.8145703,-1.7845703,-1.6645703,-1.8045703,-1.6045703,-1.8145703,-1.3945704,-1.2145703,-1.5445703,-0.1745703,0.45542967,0.6354297,0.7654297,1.0954297,1.6054296,2.4054296,2.3854296,2.6354296,2.3354297,2.2154298,2.2154298
0.9354297,0.8154297,0.4354297,-0.13457032,-0.59457034,-1.3645703,-2.3445704,-3.3645704,-2.8945704,-2.1545703,-1.6545703,-1.2145703,-1.1245704,-0.8045703,-0.7745703,-0.90457034,-0.18457031,-0.24457031,-0.53457034,-0.7145703,-0.6445703,0.14542969,-0.59457034,-1.0745703,-1.1345704,-1.1545703,-0.8845703,-1.4545703,-2.0345702,-1.8245703,-2.0545702,-1.9645703,-1.6445704,-1.2745703,-1.0945703,-1.4445703,-1.9945703,-2.3345704,-1.8745704,-1.3645703,-1.5545703,-1.1345704,-1.2445703,-0.48457032,0.5454297,1.3954297,2.0254297,1.7954297,1.8454297,1.5054297,1.6854297,1.9854296,1.7354296,2.0654297,2.3054297,2.3954296,2.9254296
0.5354297,0.4654297,0.3454297,-0.2845703,-1.1845703,-1.9045703,-2.0445702,-2.4845703,-2.0145702,-1.8945704,-1.7845703,-0.9245703,-0.5045703,-0.7545703,-0.78457034,-0.5045703,-0.24457031,0.015429688,-0.4945703,0.06542969,0.4654297,0.3954297,0.6754297,0.22542968,-0.9345703,-0.8145703,-0.7745703,-1.1045703,-2.0245702,-1.6545703,-1.7545704,-1.6745703,-1.9045703,-1.4945703,-1.1945703,-1.3645703,-2.0945704,-2.0445702,-2.8045702,-2.4845703,-1.3345703,-1.2945703,-0.7545703,-0.48457032,0.9254297,1.3254297,1.5954297,1.8354297,2.1354296,2.4154296,2.3054297,2.1554296,2.0754297,2.3754296,2.2754297,1.8654296,1.9454297
-0.3445703,0.6654297,0.23542969,-0.42457032,-1.0145704,-1.9445703,-2.8845704,-1.6745703,-1.9945703,-1.2445703,-1.4445703,-1.3745704,-1.0645703,-0.7145703,-0.8745703,-1.0145704,-0.8045703,-0.3545703,-0.36457032,-0.22457032,-0.4045703,-0.6445703,-0.5045703,-0.18457031,-0.5245703,-0.84457034,-0.4445703,-0.30457032,-0.15457031,-0.8145703,-0.9945703,-1.6845703,-1.7945703,-1.5845703,-1.3145703,-1.8445703,-2.0045702,-2.6245704,-2.6045704,-2.0445702,-1.4045703,-0.22457032,0.3954297,0.9554297,0.26542968,0.59542966,1.2954297,1.7854297,2.2454298,2.8054297,3.2454298,3.2954297,2.5354297,2.1154296,1.8254297,1.6754297,1.2954297
-1.5045704,-1.0245703,0.055429686,0.22542968,-1.2445703,-1.4645703,-1.6745703,-1.8845704,-1.9845703,-1.5845703,-2.1045704,-1.9745703,-1.8045703,-1.3145703,-0.8145703,-0.3245703,-0.6445703,-0.7745703,-0.044570312,-0.5545703,-0.6845703,-1.2945703,-1.1145703,-1.0945703,-0.72457033,-0.3845703,-1.5245703,-2.1545703,-2.3145704,-1.6245704,-0.7145703,-2.7845702,-1.8045703,-1.2045703,-1.6845703,-1.7145703,-2.1345704,-2.8345704,-2.7245703,-2.3545704,-1.8045703,-1.1045703,0.045429688,0.8254297,1.1454297,1.2354296,1.1954297,1.2354296,1.4854296,1.8454297,2.2554297,2.3054297,2.8654296,2.7454298,2.3254297,1.9054297,1.3154297
-1.7345703,-1.8445703,-1.6245704,-0.8745703,-0.5245703,-0.8945703,-1.2345703,-1.5545703,-2.1045704,-2.2545702,-1.6945703,-1.0345703,-1.5645703,-1.8045703,-1.0245703,-0.0045703123,0.055429686,-1.2645704,-1.2745703,-0.72457033,-0.8745703,-1.2145703,-1.4945703,-1.2645704,-1.2345703,-0.6145703,-1.4045703,-3.0045702,-3.3445704,-3.0145702,-2.1545703,-1.5245703,-1.8745704,-1.9645703,-1.8045703,-1.9045703,-2.1245704,-2.3045702,-2.6145704,-2.6145704,-3.0445702,-2.3245704,-1.6845703,-0.7145703,-0.014570313,0.26542968,0.19542968,0.29542968,0.6954297,1.3854297,2.0454297,2.6654296,2.3854296,2.0954297,2.0354297,2.0554297,2.3054297
-2.2345703,-2.0245702,-2.1645703,-2.0045702,-1.8645703,-0.8645703,-0.5545703,-0.90457034,-1.0145704,-1.5445703,-1.7145703,-0.044570312,-1.4945703,-1.3745704,-1.0445703,-0.5845703,-0.1745703,-0.7145703,-1.3645703,-1.8245703,-1.1445704,-1.2645704,-1.6445704,-2.0445702,-1.7545704,-1.6545703,-2.1745703,-3.6745703,-3.8045702,-3.8345704,-3.5045702,-3.2245703,-2.8245704,-2.5045702,-2.2745702,-1.8845704,-2.3545704,-2.4445703,-2.3545704,-1.9545703,-2.4445703,-3.3945704,-2.5245702,-2.0845704,-1.1945703,-0.4945703,-0.45457032,-0.36457032,0.08542969,0.5354297,0.9354297,1.2154297,1.2254297,1.7554297,1.5454297,1.4154297,1.9454297
-2.1145704,-1.9045703,-3.2545702,-3.6645703,-3.0845704,-2.6045704,-1.8245703,-0.5245703,-0.11457031,-0.23457031,-0.45457032,-0.7145703,-0.7045703,-1.2345703,-0.8045703,-0.8145703,-1.2245703,-1.8545703,-1.4345703,-1.1845703,-2.6245704,-2.0045702,-1.8045703,-1.3045703,-3.0245702,-3.0845704,-2.6745703,-3.3645704,-4.11457,-4.05457,-4.15457,-4.2745705,-3.9845703,-3.5545702,-3.1245704,-2.3745704,-1.5145704,-0.4645703,-0.16457032,-0.4745703,-1.0145704,-2.4945703,-2.6745703,-2.3745704,-1.7545704,-0.7645703,-0.4745703,-0.66457033,-0.36457032,-0.024570312,0.16542968,0.6854297,0.6954297,0.47542968,1.1754297,1.5054297,1.7654297
-0.9645703,-1.1445704,-1.6045703,-3.9945703,-3.0145702,-3.0345702,-2.0345702,-0.90457034,-0.3545703,-0.13457032,0.41542968,0.4954297,-0.45457032,-1.7245703,-1.3545703,-1.0245703,-1.4245703,-1.7845703,-2.2045703,-2.2445703,-2.3245704,-3.2145703,-2.9445703,-2.7245703,-2.7545702,-2.2045703,-2.8545704,-3.2145703,-3.5045702,-3.3745704,-4.4745703,-5.2445703,-4.90457,-4.40457,-4.0245705,-3.5045702,-2.7245703,-1.9545703,-1.6145703,-1.4445703,-0.8045703,-0.1745703,-0.09457031,-0.8845703,-1.3745704,-0.4345703,-0.3445703,-0.4945703,-0.6245703,-0.3545703,0.06542969,0.2554297,0.7254297,1.3354297,-0.65457034,0.2554297,0.8254297
