data/wind/wind-json-20190404.json
{"header": { "discipline":0, "disciplineName":"Meteorological products", "gribEdition":2, "gribLength":74545, "center":7, "centerName":"US National Weather Service - NCEP(WMC)", "subcenter":0, "refTime":"2019-04-04T00:00:00.000Z", "significanceOfRT":1, "significanceOfRTName":"Start of forecast", "productStatus":0, "productStatusName":"Operational products", "productType":1, "productTypeName":"Forecast products", "productDefinitionTemplate":0, "productDefinitionTemplateName":"Analysis/forecast at horizontal level/layer at a point in time", "parameterCategory":2, "parameterCategoryName":"Momentum", "parameterNumber":3, "parameterNumberName":"V-component_of_wind", "parameterUnit":"m.s-1", "genProcessType":2, "genProcessTypeName":"Forecast", "forecastTime":0, "surface1Type":103, "surface1TypeName":"Specified height level above ground", "surface1Value":10.0, "surface2Type":255, "surface2TypeName":"Missing", "surface2Value":0.0, "gridDefinitionTemplate":0, "gridDefinitionTemplateName":"Latitude_Longitude", "numberPoints":65160, "shape":6, "shapeName":"Earth spherical with radius of 6,371,229.0 m", "gridUnits":"degrees", "resolution":48, "winds":"true", "scanMode":0, "nx":360, "ny":181, "basicAngle":0, "lo1":0.0, "la1":90.0, "lo2":359.0, "la2":-90.0, "dx":1.0, "dy":1.0 }, "data":
[rows 26 to 51 of 181, columns 59 to 117 of 360]
0.2421521,0.3621521,1.1121521,1.292152,1.3821521,1.0921521,1.3521521,2.192152,1.2521521,1.4421521,1.7421521,1.8921521,2.0821521,1.9321522,2.162152,2.5821521,2.5321522,2.702152,2.722152,3.362152,4.082152,4.222152,3.602152,1.6821522,1.1321521,1.4421521,1.2621521,0.4521521,0.2821521,0.6521521,1.3721521,1.9321522,1.6521521,1.3121521,0.8821521,0.5721521,0.1621521,-1.1578479,-1.577848,-0.8678479,-2.397848,-2.637848,-1.4778479,-1.337848,-1.2878479,-0.4578479,0.3621521,0.5221521,0.5521521,0.4421521,-0.1778479,0.9221521,1.5721521,1.3421521,1.5021521,1.1121521,0.4821521,0.2121521,0.0621521
1.412152,1.042152,0.8321521,1.7721521,2.132152,1.532152,2.2521522,1.7221521,1.8021522,1.7221521,1.792152,2.442152,2.482152,1.9621521,2.212152,2.5721521,2.7921522,3.0521522,3.2921522,3.5621521,2.602152,2.0421522,1.7421521,1.3721521,1.5021521,1.1121521,0.8721521,0.7121521,0.8521521,0.7621521,0.9421521,1.0921521,1.1921521,0.9821521,-0.3278479,-1.2378479,-0.8778479,-1.4278479,-2.887848,-3.027848,-3.4578478,-3.4378479,-1.6978478,0.7221521,0.3721521,0.5221521,0.1921521,0.2221521,0.2921521,-0.1078479,0.0321521,0.1421521,-0.1778479,-0.1978479,-0.2978479,-0.2978479,-0.4478479,-0.2278479,-0.2378479
2.0821521,0.6021521,1.8221521,1.6921521,1.2721521,1.4021521,1.4421521,1.4321522,1.8721521,1.6921521,1.7421521,1.9321522,3.2621522,3.192152,3.212152,2.932152,3.0421522,2.8321521,1.922152,1.5821521,1.2621521,1.4421521,1.3921521,1.6321521,1.292152,0.9621521,0.3421521,0.6721521,0.5121521,0.8421521,0.9121521,1.4321522,1.7121521,1.3021522,0.5121521,0.4521521,-0.8178479,-2.377848,-3.307848,-2.907848,-3.097848,-2.567848,-1.4778479,-0.6278479,-0.1478479,-0.2478479,-0.1178479,-0.1878479,-0.7078479,-0.4278479,-0.3678479,-0.6778479,-0.9178479,-0.5278479,-0.7278479,-0.7178479,-0.6378479,-0.4578479,-0.4778479
0.6221521,0.2921521,1.0821521,1.282152,1.3021522,1.5221521,1.3121521,1.3121521,1.3621521,1.5221521,2.372152,1.8821521,2.0821521,2.172152,2.382152,2.122152,1.6821522,2.0521522,1.6421521,1.3221521,1.3721521,1.4521521,1.2521521,1.1321521,1.032152,1.1021521,1.1521521,1.0721521,1.0821521,1.0121521,0.8821521,1.9921521,1.5821521,0.8621521,0.4521521,0.1421521,-0.2878479,-1.1678479,-2.1678479,-2.397848,-2.387848,-2.377848,-1.967848,-1.4378479,-0.4978479,0.0121521,0.0121521,-0.2778479,-0.5778479,-1.3778479,-1.3078479,-1.1678479,-1.967848,-1.9878479,-1.7378479,-0.8378479,-0.4578479,-0.0378479,0.0821521
-0.027847901,0.7221521,1.3521521,1.1021521,0.7321521,0.6021521,0.4521521,0.3421521,0.0321521,0.2021521,0.7121521,0.9821521,1.0821521,1.1021521,1.0221521,0.9821521,0.6521521,0.5521521,0.4321521,0.3121521,0.3121521,0.5821521,0.9021521,1.0121521,1.292152,0.9821521,1.2321521,0.9921521,1.1421521,1.2021521,1.0121521,1.1821522,0.7021521,0.4521521,0.0921521,-1.1378479,-2.127848,-2.767848,-1.8178478,-2.127848,-1.7478479,-1.3178478,-0.4678479,-0.4578479,-0.3378479,-0.1478479,0.2321521,-0.0078479005,-0.8778479,-0.8678479,-0.9978479,-1.577848,-2.087848,-1.9378479,-0.6278479,-0.3478479,-0.2378479,-0.4178479,-0.5778479
-0.6178479,-0.4278479,-0.4978479,-0.3278479,-0.3778479,-0.6778479,-0.8478479,-0.8978479,-1.0578479,-0.8578479,-0.5478479,-0.5278479,-0.5478479,-0.5878479,-0.7378479,-0.6078479,-0.4678479,-0.6578479,-0.5278479,-0.4878479,-0.3378479,0.1521521,1.0821521,1.042152,0.9321521,0.6921521,0.5321521,0.4221521,0.3621521,0.5721521,0.5821521,0.2421521,-0.2178479,-0.9178479,-0.3378479,-0.1178479,-0.7878479,-1.0178479,-0.8378479,-0.5178479,0.0521521,-0.2378479,-0.3778479,-0.2578479,-0.1778479,0.0821521,-0.5478479,-0.9678479,-0.4478479,-0.5778479,-0.7078479,-1.1078479,-1.4978479,-1.5078479,0.1221521,0.3121521,0.2721521,0.6121521,0.4321521
-1.087848,-1.3978479,-1.2778479,-1.7378479,-1.8478479,-2.027848,-1.9478478,-2.147848,-1.9078479,-1.5078479,-1.3578479,-1.3778479,-1.1478479,-1.3678479,-1.0078479,-0.7678479,-1.1078479,-0.6278479,-0.4978479,-0.3478479,-0.1678479,0.0321521,0.2821521,0.2421521,0.3921521,0.0221521,0.1521521,0.0521521,0.0121521,-0.2378479,-0.5778479,-0.8078479,-0.8878479,-0.8378479,-0.7778479,-0.3978479,0.2621521,-0.1178479,-0.1978479,-0.3078479,-0.4878479,-0.5378479,-0.2878479,-0.3678479,-0.4478479,-0.5078479,-0.2278479,-0.3678479,-0.5678479,-0.0878479,0.18215209,0.8121521,0.1521521,-1.8178478,-1.2278479,-0.1878479,0.9521521,2.5421522,1.7421521
-1.337848,-1.7378479,-2.0078478,-2.4778478,-2.9778478,-2.387848,-2.4878478,-2.517848,-1.9778479,-1.8778479,-2.1978478,-1.5478479,-1.327848,-1.1778479,-0.7978479,-0.9078479,-0.7378479,-0.6578479,-0.5978479,-0.6878479,-0.5778479,-0.5578479,-0.5578479,-0.4278479,-0.4578479,-0.5678479,-0.2678479,-0.3778479,-0.6678479,-0.6278479,-0.8378479,-0.9478479,-1.0278479,-0.9378479,-0.7778479,0.3321521,0.2921521,-0.1078479,-0.2078479,-0.1978479,-0.017847901,-0.0478479,-0.5478479,-0.3778479,-0.4378479,-0.0878479,-0.2478479,-0.1978479,0.1921521,0.6321521,0.2721521,-1.3778479,-0.6978479,-0.8678479,-0.3978479,-0.7978479,0.1721521,0.3921521,-0.5378479
-1.4978479,-2.067848,-3.907848,-4.117848,-3.6678479,-3.527848,-3.027848,-2.857848,-2.527848,-2.537848,-2.4278479,-2.337848,-2.1778479,-1.967848,-1.8678479,-1.6078479,-1.0278479,-0.8978479,-0.6878479,-0.8078479,-1.1278479,-1.1578479,-1.0678478,-0.9078479,-1.0378479,-0.9578479,-1.2378479,-1.1078479,-0.9878479,-0.9578479,-0.7778479,-1.0478479,-0.7778479,-0.5778479,-0.3778479,-0.2678479,-0.5578479,-0.2978479,0.1521521,-0.017847901,-0.4778479,-0.0078479005,-0.4078479,-0.2678479,-0.2678479,-0.1978479,-0.3478479,0.1521521,-0.9878479,0.5321521,-0.6378479,1.1921521,0.2221521,1.8621521,-0.6278479,-0.027847901,-1.4478478,-1.4078479,-1.837848
-0.7078479,-3.067848,-4.257848,-4.0678477,-3.577848,-3.2378478,-2.9378479,-2.2078478,-1.707848,-1.6078479,-1.4378479,-1.337848,-1.1978478,-1.0078479,-0.6878479,-0.9278479,-1.3478479,-1.6878479,-2.347848,-1.9378479,-1.1278479,-0.8078479,-0.8378479,-1.4278479,-1.2278479,-1.4078479,-1.8478479,-3.547848,-2.137848,-0.4278479,1.1521521,-0.4478479,-1.6078479,-0.7578479,-0.4878479,0.3821521,-0.2678479,0.7821521,0.3821521,0.4821521,-0.5878479,-0.4778479,-0.0878479,-0.2578479,-0.5878479,-0.6278479,-0.7578479,-0.1178479,-1.077848,-0.2678479,1.2721521,1.8721521,0.4321521,-1.3078479,0.4121521,-3.287848,-1.3178478,-0.1778479,-0.4278479
-4.5678477,-4.8178477,-4.507848,-3.4578478,-2.887848,-2.547848,-1.6078479,-1.3478479,-1.577848,-1.0678478,-0.6078479,-0.5078479,-0.4278479,-0.8878479,-1.2978479,-0.9978479,-0.6978479,-0.8578479,-0.5678479,-0.6678479,-0.8878479,-1.0078479,-1.3078479,-1.7778479,-2.1678479,-2.537848,-3.377848,-2.6778479,-2.2378478,-0.7478479,-0.1878479,-0.0678479,-2.767848,-2.557848,-1.5078479,-0.5378479,0.3121521,1.8121521,2.692152,0.0921521,0.5121521,0.7221521,0.3221521,-0.6778479,-1.4078479,-1.0178479,-1.6078479,-1.8178478,-0.9778479,-6.707848,2.3321521,-0.1578479,-0.4078479,-4.907848,-4.757848,-3.267848,-1.1878479,-1.9178479,-2.6978478
-4.967848,-4.0678477,-4.2978477,-2.887848,-1.337848,0.7321521,2.212152,2.452152,2.712152,2.7621522,2.232152,1.4621521,-0.0478479,-0.6978479,-2.267848,-2.317848,-2.6678479,-2.117848,-1.3578479,-0.3778479,-0.1978479,-0.6078479,-0.8278479,-1.5378479,-2.657848,-1.7978479,-2.617848,-2.117848,-0.9878479,0.9721521,0.2321521,-2.7078478,-1.2278479,0.0921521,1.282152,1.7021521,0.6621521,-0.2878479,-1.6078479,-0.0678479,3.0321522,0.2921521,1.1121521,0.6821521,-1.0078479,-1.5478479,-3.317848,-2.9478478,-2.7078478,-0.4978479,-1.9378479,-2.6678479,-5.577848,-5.007848,-4.807848,-5.827848,-5.1078477,-4.617848,-5.227848
-2.807848,0.0421521,2.112152,2.722152,3.102152,3.432152,3.592152,3.4921522,3.0821521,2.0721521,0.7521521,0.0521521,0.3121521,-0.3278479,1.1321521,0.5121521,-0.4578479,-1.6678479,-0.5478479,1.6121521,1.3221521,0.9521521,-0.1478479,-2.367848,-1.337848,-0.3078479,1.1321521,1.2421521,0.5821521,1.9821521,2.8021522,2.0321522,1.5821521,0.3721521,0.7721521,-0.4678479,-0.4678479,1.1821522,1.5621521,2.2721522,0.7621521,2.232152,0.18215209,-0.0078479005,-0.4578479,-0.7778479,-1.717848,-0.9978479,-2.527848,-3.117848,-2.517848,-4.247848,-3.607848,-4.687848,-5.487848,-5.867848,-5.497848,-7.557848,-5.537848
2.652152,3.0721521,3.5721521,3.982152,4.172152,3.8321521,3.632152,3.2921522,3.222152,3.3221521,2.852152,1.3721521,-0.5378479,-0.5878479,0.2421521,0.1521521,0.2521521,0.4721521,0.0121521,-0.2778479,0.0621521,2.0221522,4.562152,3.422152,1.6921521,2.482152,2.602152,1.662152,1.2721521,1.042152,3.2921522,1.4821521,2.172152,1.9821521,1.672152,1.7421521,1.4521521,1.6221521,0.7921521,1.1221521,-0.6978479,0.2221521,0.3121521,-0.1778479,-0.6878479,-1.5578479,-2.7278478,-1.5178479,-3.827848,-3.287848,-3.277848,-4.447848,-5.277848,-5.577848,-5.787848,-7.217848,-9.647848,-9.407848,-6.117848
5.022152,5.092152,5.482152,5.102152,4.762152,4.512152,4.282152,3.8321521,3.5621521,3.5821521,3.0721521,1.8021522,-0.5178479,-1.577848,-0.9678479,0.0421521,0.0621521,0.8421521,0.8021521,0.6921521,0.3721521,0.8521521,3.5721521,1.4421521,0.8321521,-0.9878479,1.6521521,2.9921522,3.472152,3.0521522,1.2421521,-1.707848,2.872152,-0.3578479,-1.1878479,-0.027847901,2.0621521,-0.4378479,0.3821521,1.1321521,0.7521521,0.8921521,0.7921521,0.7921521,-0.5778479,0.2921521,-1.8978479,1.3621521,-3.567848,-1.4978479,-4.157848,-4.917848,-6.717848,-7.897848,-8.867847,-11.527848,-11.437848,-10.597848,-9.027848
6.092152,6.462152,6.112152,5.712152,5.402152,4.472152,4.032152,3.372152,3.092152,2.862152,2.2421522,0.8121521,-0.2578479,-1.1378479,-0.1878479,0.0921521,-0.3978479,-1.0078479,-2.1678479,-0.7478479,0.7621521,1.4821521,3.662152,2.432152,-2.017848,-0.5578479,2.5121522,1.4521521,0.8821521,1.5621521,1.6321521,2.3121521,1.282152,0.5821521,0.3921521,1.4921521,2.122152,4.222152,2.2821522,2.5521522,1.042152,0.7321521,1.3721521,-0.3678479,0.8021521,1.6021521,1.6021521,-1.4478478,-1.7378479,-1.8478479,-4.8378477,-7.827848,-8.917848,-9.557848,-10.407848,-10.867847,-10.637848,-10.0378475,-9.167848
5.712152,5.992152,5.502152,5.022152,4.752152,3.7421522,3.452152,3.402152,2.5421522,1.5921521,0.6621521,0.0621521,-0.6678479,-0.5678479,-1.5378479,-3.1678479,-2.4478478,-2.9278479,-2.017848,-1.5478479,-0.6578479,1.6921521,-0.2478479,-1.077848,-2.4778478,1.412152,-1.7778479,-1.087848,-2.077848,-0.4878479,0.6221521,3.112152,1.3621521,2.362152,0.5121521,3.182152,3.922152,2.0421522,3.372152,4.512152,2.2521522,1.5721521,-0.0078479005,-1.5678478,-1.4778479,-0.3678479,-2.2478478,-3.2278478,-4.737848,-4.3378477,-5.7978477,-7.257848,-8.907848,-8.317848,-8.167848,-8.547848,-9.137848,-9.617847,-8.417848
4.792152,4.762152,3.952152,4.172152,3.2621522,2.5021522,2.2921522,1.6121521,1.1421521,0.4421521,-0.4078479,-1.2378479,-1.8478479,-2.617848,-2.407848,-3.817848,-3.767848,-3.907848,-3.4578478,-2.1778479,-2.7578478,1.3521521,-0.3978479,-1.9078479,-0.7978479,0.6921521,1.9921521,-0.1778479,5.212152,2.5721521,0.6021521,-1.0078479,0.6521521,3.702152,2.372152,2.0621521,4.982152,2.672152,0.5721521,-0.4578479,-0.7478479,-0.9178479,1.542152,1.1521521,-0.2078479,-1.1378479,-2.9678478,-3.117848,-4.967848,-4.517848,0.4121521,-7.847848,-10.757848,-10.987848,-9.927848,-9.527848,-9.417848,-9.107848,-8.467848
2.422152,2.592152,3.102152,2.472152,1.8221521,1.5921521,-0.0078479005,-0.0478479,0.5521521,0.3221521,0.0121521,-1.3778479,-2.877848,-2.847848,-2.367848,-1.0278479,-3.037848,-1.5578479,0.5521521,-0.017847901,0.7121521,1.9021521,2.5221522,3.692152,2.2821522,3.862152,-1.9278479,-0.6978479,1.2421521,2.092152,0.8721521,0.6421521,-0.6778479,0.1221521,-0.2478479,4.1821523,1.8821521,2.2921522,0.6821521,-1.2678479,-3.2378478,-2.2278478,-2.097848,-1.1978478,-1.6878479,-2.787848,-2.267848,-3.387848,-6.097848,-7.0478477,-1.8078479,-7.307848,-9.207848,-9.497848,-10.147848,-9.427848,-8.597848,-9.3278475,-9.867847
1.8321521,2.182152,1.5221521,0.4721521,0.0221521,-2.117848,-0.4378479,0.1621521,0.6221521,1.912152,0.3321521,-1.6878479,-2.147848,-1.5678478,0.1021521,0.0021520995,-1.0178479,-4.2978477,-3.087848,1.042152,1.5921521,3.0821521,0.3021521,0.1921521,-0.4278479,-2.2278478,-2.117848,1.0021521,0.1721521,-0.2778479,-0.1278479,-0.5478479,-0.4578479,-0.8878479,0.0521521,-2.297848,2.0621521,-1.2478479,-0.6678479,-0.0978479,-0.7878479,-1.9178479,-0.2878479,0.5821521,-0.8578479,-1.7778479,-1.7678479,-1.3078479,-3.887848,-3.267848,-3.537848,-6.237848,-6.277848,-8.047848,-8.407848,-9.647848,-9.817848,-8.937848,-9.387848
0.3021521,-0.7378479,-1.1478479,-2.037848,-3.307848,-1.3578479,-0.4478479,0.6521521,1.4621521,0.0721521,0.5121521,0.3421521,1.9321522,-0.4278479,-3.7278478,-3.7578478,-1.4478478,-3.2178478,-4.687848,-0.2978479,-2.2078478,-3.137848,-2.2278478,-0.6478479,1.1021521,3.192152,4.1821523,3.202152,1.5021521,2.602152,1.4921521,1.0021521,4.592152,3.8121521,6.052152,1.2221521,-1.3778479,1.1221521,-0.4778479,-1.587848,-2.867848,-1.577848,-1.0278479,2.202152,0.4021521,-0.5978479,-3.2378478,-2.9578478,-5.147848,-8.027848,-7.8178477,-6.197848,-7.707848,-9.217848,-8.777848,-7.707848,-7.427848,-8.837848,-8.947848
-1.9878479,-2.6878479,-3.097848,-3.827848,-3.6878479,0.7321521,3.932152,3.182152,0.1921521,-1.077848,-1.4478478,-0.2378479,-1.1678479,-1.2978479,-2.517848,-2.7078478,-2.7178478,1.672152,3.372152,1.8621521,4.612152,1.2221521,1.172152,4.852152,6.132152,2.702152,1.4021521,-1.3478479,1.8121521,0.3721521,-3.4278479,-1.8778479,-0.7678479,-1.1278479,-0.9178479,-1.8778479,1.292152,2.122152,-0.5878479,-0.6778479,-0.9078479,-2.4478478,-3.527848,-3.4478478,-3.367848,-1.6478479,-4.5678477,-6.007848,-7.147848,-1.5978479,-2.5078478,-4.187848,-4.937848,-1.9278479,-3.387848,-3.297848,-3.397848,-4.957848,-5.437848
-3.087848,-3.597848,-3.9778478,-4.407848,-0.2578479,0.6921521,1.5221521,0.3621521,-0.6778479,-1.4978479,-1.467848,1.7521521,-0.6878479,1.6321521,-0.2878479,0.9121521,1.2121521,4.032152,4.732152,6.402152,2.5721521,2.4921522,-1.8878479,-0.4878479,-3.637848,-0.1278479,-1.217848,0.0021520995,0.4621521,2.162152,0.8121521,4.8921523,1.4921521,0.6721521,1.8821521,1.4321522,3.182152,1.542152,0.4121521,-1.1278479,-1.7478479,-1.6778479,-0.8378479,0.0821521,0.0221521,-3.847848,-3.577848,1.4521521,3.3221521,-0.0478479,0.3021521,0.1121521,1.0121521,0.5121521,0.2021521,-1.9978479,-1.9178479,-1.0978479,-2.897848
-4.947848,-4.707848,-4.0678477,-3.017848,-1.3478479,-0.8278479,-0.9478479,-1.0078479,-1.9278479,-3.4678478,-0.8478479,-1.1778479,0.4721521,0.6421521,-1.837848,1.7021521,2.8221521,5.312152,2.112152,1.532152,1.8321521,-1.2678479,-1.3178478,-0.7478479,0.8721521,1.542152,0.0921521,-1.6478479,0.4021521,1.2721521,1.1221521,0.6121521,-1.9278479,-0.1478479,-0.7878479,0.7621521,0.4121521,0.6821521,-0.0778479,-0.7178479,-0.9578479,-1.8178478,-0.5178479,1.5621521,0.5321521,1.3821521,0.0521521,0.1021521,-1.9278479,0.2921521,1.1921521,0.2821521,0.0821521,1.292152,0.8421521,0.8421521,0.2021521,-0.1078479,1.3521521
-5.597848,-4.1078477,-3.6678479,-2.887848,-2.367848,-2.827848,-1.957848,-0.8278479,-1.6478479,-0.8878479,0.3221521,1.782152,0.18215209,2.602152,2.662152,1.4021521,2.212152,-1.327848,-1.4978479,-0.7978479,-0.1478479,-0.7278479,-0.8778479,-1.4178479,-1.0178479,-0.6878479,-0.7978479,1.2121521,1.6321521,0.7121521,3.922152,1.1221521,1.4621521,2.8121521,5.222152,5.112152,2.7821522,2.0021522,2.902152,1.0621521,-0.3078479,1.0921521,0.1321521,0.7921521,-0.0078479005,-1.8578479,-2.9678478,-1.7378479,1.542152,-0.2078479,0.5921521,1.0121521,2.5121522,2.942152,1.1521521,2.472152,2.0421522,-0.1378479,1.792152
-2.5078478,-2.4978478,-2.9878478,-3.4778478,-2.7278478,-2.6678479,-2.9178479,-1.9078479,1.7121521,1.4921521,-1.707848,-3.047848,1.172152,2.432152,0.6821521,2.372152,0.1021521,-1.3178478,-0.5678479,0.3021521,1.1821522,1.3821521,0.6021521,0.5421521,-0.9578479,-2.4578478,2.652152,5.042152,4.012152,3.0721521,2.2921522,2.362152,0.1321521,-2.807848,-5.497848,-2.4578478,-3.137848,-1.7578479,-0.8778479,-0.5378479,-1.0378479,1.3021522,1.6921521,0.9921521,-0.9878479,0.7421521,-0.0978479,-0.9178479,-2.7478478,0.4421521,0.9621521,-0.057847902,2.7421522,1.9721521,0.1921521,-1.3678479,-0.3078479,4.232152,5.212152
