data/wind/wind-json-20190328.json
{"header": { "discipline":0, "disciplineName":"Meteorological products", "gribEdition":2, "gribLength":74902, "center":7, "centerName":"US National Weather Service - NCEP(WMC)", "subcenter":0, "refTime":"2019-03-28T00:00:00.000Z", "significanceOfRT":1, "significanceOfRTName":"Start of forecast", "productStatus":0, "productStatusName":"Operational products", "productType":1, "productTypeName":"Forecast products", "productDefinitionTemplate":0, "productDefinitionTemplateName":"Analysis/forecast at horizontal level/layer at a point in time", "parameterCategory":2, "parameterCategoryName":"Momentum", "parameterNumber":2, "parameterNumberName":"U-component_of_wind", "parameterUnit":"m.s-1", "genProcessType":2, "genProcessTypeName":"Forecast", "forecastTime":0, "surface1Type":103, "surface1TypeName":"Specified height level above ground", "surface1Value":10.0, "surface2Type":255, "surface2TypeName":"Missing", "surface2Value":0.0, "gridDefinitionTemplate":0, "gridDefinitionTemplateName":"Latitude_Longitude", "numberPoints":65160, "shape":6, "shapeName":"Earth spherical with radius of 6,371,229.0 m", "gridUnits":"degrees", "resolution":48, "winds":"true", "scanMode":0, "nx":360, "ny":181, "basicAngle":0, "lo1":0.0, "la1":90.0, "lo2":359.0, "la2":-90.0, "dx":1.0, "dy":1.0 }, "data":
[rows 26 to 51 of 181, columns 285 to 341 of 360]
-6.1571217,-6.3071218,-5.9471216,-4.7571216,-2.6271217,-2.3171215,-3.0871215,-3.0971215,-1.7371216,0.48287842,0.5428784,-1.6371216,0.5128784,2.3828783,3.2928784,4.0728784,7.1028786,8.622878,8.892879,8.982879,8.842878,8.532879,8.282879,4.212878,3.1928785,1.6928784,5.0828786,7.0828786,5.6828785,6.8528786,8.642879,11.702878,14.582878,17.502878,9.752878,6.0428786,10.712878,12.102879,11.862879,10.562879,9.622878,9.702878,10.652879,11.082878,11.212878,12.272879,13.352879,13.712878,13.452878,13.282879,12.992878,12.612879,11.842878,6.7828784,5.9928784,4.0428786,4.4528785
-6.7571216,-7.3071218,-7.7171216,-8.437121,-6.3671217,-4.3971214,-2.0371215,1.4228784,-0.9171216,-2.3171215,1.9428784,2.4628785,3.4028785,3.5028784,5.5328784,8.752878,9.292878,9.482879,9.552878,9.482879,9.032879,8.582878,7.6728783,7.482878,4.0428786,0.73287845,5.5728784,4.3528786,3.7528784,5.1028786,7.212878,10.732879,8.232879,2.8328784,6.0328784,8.102879,9.162878,9.122878,10.232879,11.892879,12.632878,12.902879,12.272879,13.112879,14.282879,14.302878,13.272879,11.952878,11.4328785,11.332878,11.252878,11.112879,10.982879,10.912878,10.452878,10.562879,10.902879
-1.3871216,-1.7371216,-1.4771216,-5.287122,-5.4771214,-5.4871216,-5.9571214,-4.8471217,-3.0571215,1.6128784,1.6928784,1.6028785,2.3928785,5.1328783,6.2228785,8.322879,8.672878,8.842878,8.842878,8.622878,7.9528785,7.2028785,6.8828783,6.712878,6.2928786,3.9428785,1.4928784,3.3428783,1.3028784,2.7928784,4.502878,8.562879,10.6828785,6.712878,3.2728784,5.6728783,7.7428784,11.842878,13.552878,14.162878,13.952878,13.302878,14.512878,14.862879,14.352879,11.692879,9.912878,9.412878,9.192879,9.322879,9.352879,9.662878,9.552878,9.392879,9.372878,9.082878,8.962878
-5.287122,-4.5671215,-2.6171217,-0.7971216,-0.007121582,-1.7571216,-2.4471216,-2.6971216,-2.2671216,-1.0771216,-1.3371216,-1.9371216,-1.3071216,0.7028784,2.9928784,5.0728784,6.5628786,7.2228785,7.5128784,7.2928786,6.3728786,5.3928785,5.5828786,5.2828784,5.002878,6.002878,7.3028784,5.1528783,7.252878,4.8328786,-1.8271216,8.702878,3.4128785,6.7628784,12.302878,15.342878,16.432878,16.282879,15.632878,14.732879,13.992878,15.212878,15.372878,14.722878,12.472878,11.382878,9.942879,9.122878,8.372878,8.282879,8.072879,7.7728786,7.9528785,7.5828786,6.9928784,6.3928785,6.3628783
-3.1771216,-4.1971216,-4.2971215,-3.9371216,-3.1471217,-1.6771216,-2.7671216,-2.5171216,-2.3771217,-1.4071215,-2.2871215,-0.7771216,-2.7971215,-2.4671216,-0.82712156,1.5028784,4.002878,5.4328785,6.1328783,6.1628785,5.7728786,5.002878,4.6228786,3.5928783,4.4928784,6.8728786,9.902879,11.462878,11.142879,13.242878,14.822879,13.792878,17.752878,18.652878,19.13288,18.872879,17.54288,15.802878,14.702878,14.6828785,15.702878,15.992878,14.942879,13.232879,12.072879,10.4328785,9.512878,8.782879,8.172878,7.3228784,7.0228786,6.4428782,5.5928783,5.2828784,4.4328785,3.5428784,6.3928785
6.8528786,2.0928783,-1.4971216,-2.7071216,-2.8271215,-1.6671215,-2.9271216,-3.0771215,-3.2471216,-3.3371215,-4.0071216,1.6728784,2.2828784,-1.3771216,-1.1071216,0.9028784,2.4528785,4.9228783,6.462878,7.482878,6.8628783,4.712878,5.6828785,4.6928782,4.4228783,6.2928786,8.062879,10.142879,12.482879,13.972878,14.992878,15.892879,15.452878,15.1828785,14.592878,14.522879,14.782879,14.9328785,15.112879,16.122879,16.55288,15.572879,14.152879,13.022879,11.212878,10.722878,9.832878,8.262878,7.3728786,6.6228786,5.6128783,4.4528785,3.4328785,7.6228786,10.622878,9.902879,8.332878
7.4928784,6.6328783,3.6028783,2.6428785,0.61287844,-1.3671216,-1.5371215,-2.4771216,-2.6971216,-3.0471215,-2.1471217,0.35287842,3.1028783,2.4128785,1.1528784,1.6628784,3.7928784,5.2928786,7.3428783,9.622878,11.872878,13.342878,9.322879,6.7828784,7.1428785,6.9228783,8.352879,9.9328785,11.152879,12.272879,13.272879,13.632878,13.872878,14.1828785,14.232879,14.252878,14.702878,15.252878,16.202879,16.902878,16.012878,15.1828785,14.252878,12.362879,12.472878,11.052878,8.472878,7.4328785,6.4028783,5.5528784,4.982878,10.452878,11.392879,9.562879,8.842878,8.422878,8.002878
7.4928784,7.0228786,6.1528783,4.462878,2.9328785,3.5328784,2.2728784,0.7528784,-1.0471215,-1.1171216,-1.7571216,-0.17712158,-0.037121583,1.2628784,1.8028784,1.9228784,4.8128786,7.0928783,7.9128785,9.632878,11.782879,14.1828785,15.652879,16.832878,17.012878,15.892879,15.172878,15.1828785,15.782879,16.38288,16.782879,16.752878,16.182878,15.022879,14.002878,14.212878,15.002878,15.912878,16.672878,16.192879,15.372878,15.102879,13.202878,13.622878,12.292878,9.782879,8.372878,7.7728786,6.8128786,9.632878,12.022879,9.612879,9.222878,8.672878,8.282879,7.6828785,7.2728786
5.3828783,5.8328786,7.1328783,7.8728786,6.0128784,8.212878,4.7228785,4.3328786,2.8128784,1.2128785,-0.017121581,2.5528784,0.21287842,0.9528784,0.5728784,1.3628784,2.3428783,4.462878,7.4428782,8.882878,10.002878,11.462878,12.792878,13.302878,14.772879,15.172878,15.422878,15.732879,16.012878,15.602879,14.772879,14.272879,14.152879,14.032879,13.852879,14.602879,15.502878,15.832878,15.262878,15.382878,15.332878,13.722878,13.6828785,12.352879,10.102879,9.332878,9.602879,8.142879,11.952878,9.9328785,9.232879,8.822879,8.272879,7.6828785,7.1128783,7.0128784,7.1528783
5.7828784,6.9428782,8.002878,7.462878,7.7828784,6.8928785,6.5528784,5.3628783,5.0128784,3.0028784,3.0728784,1.2428784,0.74287844,1.9028784,0.44287843,0.24287842,1.0728784,2.5328784,3.0228784,3.3328784,4.9328785,7.9528785,11.532879,12.492878,13.152879,13.592878,13.942879,14.482879,14.842878,15.102879,15.082878,15.082878,14.802878,14.122878,14.172878,14.602879,14.482879,14.712878,14.632878,14.012878,13.202878,12.582878,11.532879,10.172878,9.202878,7.8828783,8.952878,10.832878,8.732879,8.962878,8.352879,7.6028786,6.9928784,6.6328783,6.6528783,7.0528784,7.0828786
4.482878,4.6628785,6.0428786,5.1128783,4.8528786,5.6428785,4.4228783,4.0328784,3.9128785,3.1728785,0.9028784,1.4728785,3.4028785,2.4728785,0.23287842,-0.09712158,0.04287842,0.5128784,1.9528785,2.8728783,3.6628785,4.3428783,6.9428782,11.532879,12.122878,12.172878,12.282879,11.882878,11.922878,12.232879,12.632878,13.002878,13.022879,13.232879,14.112879,14.702878,14.522879,13.162878,12.272879,12.022879,11.142879,10.122878,8.962878,6.5128784,5.1328783,10.212878,8.442879,8.132878,7.8628783,7.6328783,7.0528784,6.4328785,6.1128783,6.4928784,7.1528783,5.8628783,5.8328786
5.1228786,5.4028783,5.4228783,4.7028785,5.232878,5.5928783,4.1628785,4.1728783,2.7128785,3.2328784,2.8528783,3.5028784,1.4828784,1.4628785,1.0728784,0.20287842,1.1628784,1.3928784,1.7428784,2.6328783,4.2628784,4.5528784,6.9528785,8.482879,10.282879,10.982879,11.452878,11.702878,11.812879,11.942879,12.152879,12.212878,12.342878,12.922878,14.022879,14.242878,12.952878,11.752878,11.732879,10.412878,10.022879,9.692879,8.662878,7.4928784,9.912878,7.1228786,7.1428785,6.6628785,6.6228786,6.232878,5.6028786,5.3628783,6.1328783,5.2828784,4.6128783,4.6028786,4.6228786
3.5128784,3.6628785,3.8828783,5.0328784,4.5928783,2.9528785,0.7028784,2.7828784,2.2728784,2.1728785,2.7928784,2.1228783,3.8228784,1.6728784,3.0328784,1.9728785,1.0728784,1.0728784,4.4128785,6.0328784,7.982878,8.592878,8.9328785,8.672878,8.762878,9.162878,10.112879,10.852879,11.272879,11.232879,11.152879,10.872878,11.292878,12.102879,12.102879,11.302878,11.002878,11.162878,9.4328785,8.882878,8.652879,8.062879,7.7928786,9.282879,6.9328785,6.5728784,6.4428782,6.3128786,5.7628784,5.1328783,4.5128784,4.5628786,4.0928783,3.7328784,3.4928784,3.5028784,3.7228785
2.6728785,2.5128784,3.1828785,2.4828784,1.6828784,2.2028785,1.4928784,0.08287842,0.022878418,0.11287842,0.3328784,1.8628784,2.4928784,2.7128785,2.2528784,2.7028785,4.0428786,4.1428785,3.3328784,2.3928785,4.962878,3.6928785,4.5328784,6.982878,7.7828784,8.1828785,8.622878,9.092878,9.332878,9.172878,9.022879,9.542878,9.342878,9.622878,9.722878,9.482879,9.582878,8.042878,6.7728786,6.8228784,5.1428785,7.9428782,7.2628784,6.8428783,6.3528786,6.462878,6.252878,5.4028783,4.7628784,3.7128785,3.9828784,3.1328783,2.5528784,2.4128785,2.6028783,2.6228783,2.1528785
1.9328784,2.1128783,1.4828784,1.1028785,1.2828784,1.3928784,-0.027121581,-1.0771216,-3.1671216,-6.787122,-3.5871215,-0.5971216,2.7128785,4.9028783,5.252878,4.5128784,4.7028785,1.9128784,3.1128783,2.8528783,5.1528783,5.3428783,5.2628784,5.3528786,5.6328783,5.712878,5.7228785,5.9428782,6.2028785,6.9128785,7.0228786,7.1428785,7.2828784,7.232878,6.8328786,7.4428782,6.6628785,3.7228785,3.2328784,2.8128784,7.232878,5.462878,5.7828784,5.8528786,5.9528785,5.7228785,4.8528786,4.2828784,3.4128785,3.2028785,1.9528785,1.4128784,1.3528785,1.4428784,0.8328784,-0.027121581,-0.30712157
1.4128784,2.6028783,1.3128784,0.4028784,2.0028784,2.6628785,0.8228784,4.3228784,-0.13712159,1.4128784,1.7628784,3.3828783,3.9728785,4.3728786,4.4428782,4.1628785,2.0728784,0.9028784,1.9128784,1.8828784,0.4328784,-0.14712158,3.2228785,3.3228784,2.9528785,2.6928785,2.5028784,2.9928784,3.7028785,4.0428786,4.3228784,4.7828784,4.5228786,4.6028786,4.6828785,4.0528784,1.3728784,2.1228783,5.8228784,5.8528786,4.8128786,4.7428784,5.3928785,5.6528783,5.0728784,4.3128786,4.3028784,2.6428785,2.0528784,1.8428785,0.8328784,0.23287842,-0.09712158,-1.1771216,-1.9571216,-2.2171216,-2.6671216
1.2828784,1.4628785,1.0428784,1.5528784,3.0428784,1.0528784,2.1728785,1.8128784,-0.37712157,-1.7071216,-0.48712158,1.6728784,2.4128785,1.6128784,0.92287844,0.9728784,0.56287843,1.4728785,1.1228784,0.81287843,1.7628784,-0.81712157,-0.9271216,0.3928784,0.22287841,0.04287842,0.4028784,0.7928784,0.99287844,1.2628784,1.1728784,1.6028785,1.8528785,2.2328784,2.1328783,0.23287842,0.20287842,6.1628785,4.2728786,4.3728786,3.9328785,4.6028786,5.2928786,4.752878,3.1928785,3.4328785,3.8628783,1.7628784,0.5828784,0.45287842,-0.57712156,-1.0571216,-2.5171216,-3.1071215,-3.6471217,-4.1071215,-4.4271216
0.16287842,1.3028784,0.31287843,0.002878418,2.3328784,2.1128783,1.6828784,-0.08712158,0.012878418,0.7028784,-0.51712155,-1.2871215,-0.46712157,-0.2871216,-0.057121582,-0.17712158,1.8528785,2.1928785,2.5928783,1.5928785,0.6928784,-1.2471216,-1.6371216,-2.0671215,-2.2471216,-2.2971215,-2.1971216,-2.0771215,-2.2471216,-1.7471216,-1.8571216,-1.1671215,-0.9871216,-0.9971216,-1.7771215,2.4128785,6.1528783,4.3128786,4.6128783,4.3128786,3.8528783,4.1328783,4.5228786,3.2128785,2.6328783,3.1628785,3.2628784,1.1728784,0.14287841,-0.8571216,-1.3671216,-3.3071215,-3.5371215,-3.8471215,-4.3771214,-4.9471216,-5.4171214
-0.29712158,1.0528784,0.47287843,-0.69712156,0.8528784,1.1428784,0.34287843,0.6928784,-0.12712158,-0.26712158,0.12287842,-2.2371216,-1.7871215,-2.6471217,0.012878418,-1.3971215,-0.20712158,0.7228784,0.6328784,0.41287842,-1.1171216,-4.3771214,-5.4571214,-4.5071216,-4.8271217,-4.8971214,-4.6071215,-4.8671217,-4.2571216,-4.247122,-4.2971215,-4.3871217,-3.7271216,-1.9171215,6.5228786,4.9328785,4.9328785,3.9428785,3.7928784,3.8528783,3.6428785,3.8528783,4.3628783,3.3528783,2.8328784,3.5128784,2.0828784,1.2528784,-0.57712156,-1.5771216,-2.9171216,-3.7271216,-3.5571215,-3.9971216,-4.5571218,-5.6171217,-6.2971215
0.5428784,0.25287843,-1.6071216,-0.8971216,0.10287842,0.4328784,0.08287842,0.62287843,2.5428784,2.7128785,0.3028784,0.7828784,-0.16712159,1.9328784,-0.5371216,-2.7271216,-1.9471216,-1.7671216,-2.4171216,-2.1671216,-3.2871215,-4.8171215,-5.7771215,-5.9871216,-6.1671214,-5.7971215,-5.8571215,-5.7271214,-6.1471214,-5.6171217,-6.3471217,-4.3871217,3.9928784,4.4328785,5.9128785,3.7828784,3.9028785,3.4628785,3.2228785,3.2128785,3.3428783,3.5728784,3.1628785,2.3328784,1.7728784,2.2228785,1.3928784,0.55287844,-1.3671216,-2.8071215,-3.7971215,-3.3971217,-3.4971216,-3.9671216,-4.6571217,-5.8171215,-7.017122
-0.6471216,0.6028784,-0.5571216,-1.3671216,0.24287842,0.4228784,3.2628784,3.8828783,2.5028784,1.1528784,0.12287842,1.0728784,-1.3471216,-2.6571217,-3.8271215,-3.7471216,-3.9571216,-4.2371216,-4.6371217,-4.8971214,-5.2371216,-6.1171217,-6.4171214,-6.6671214,-6.7271214,-6.6871214,-6.3371215,-6.9671216,-5.7171216,-2.5371215,3.3928785,4.4228783,5.5328784,5.1428785,4.6128783,4.3028784,3.7728784,3.5228784,3.3928785,3.0328784,2.8928785,1.5528784,0.7228784,-1.0071216,-0.30712157,0.48287842,-0.017121581,-1.2971215,-2.6171217,-3.5871215,-3.6771216,-3.1671216,-3.3071215,-3.9071217,-4.6771216,-5.8271217,-6.8571215
-0.9271216,-0.43712157,0.11287842,0.23287842,-0.94712156,0.6328784,1.9228784,1.6828784,1.0728784,2.4328785,0.9528784,-3.2071216,-3.8671217,-4.9271216,-5.4471216,-5.5671215,-5.3871217,-5.7371216,-6.3271217,-6.6371217,-6.5871215,-7.3471217,-7.3671217,-7.3371215,-7.3071218,-7.3071218,-7.2071214,-5.8671217,6.0428786,2.0228784,5.4028783,5.732878,4.4528785,2.6128783,3.4128785,3.7228785,3.3328784,2.9728785,3.0128784,2.4928784,2.3528783,0.8228784,0.21287842,-0.3471216,-0.46712157,-0.6171216,-1.7771215,-3.1871216,-3.3471215,-3.8471215,-3.1171217,-3.0371215,-2.9271216,-3.3071215,-3.9871216,-4.7571216,-5.6271214
-0.51712155,0.6028784,0.5928784,0.56287843,-0.45712158,-1.2171216,-0.43712157,-1.4371216,-1.7571216,-1.9371216,-3.4771216,-4.0571218,-5.017122,-5.4171214,-6.1171217,-6.7271214,-6.4171214,-6.7971215,-7.1671214,-7.2371216,-7.7171216,-8.087122,-8.027122,-8.267121,-7.3871217,-7.0871215,-3.6571217,3.6628785,3.5128784,3.5628784,4.5128784,5.1928782,4.0128784,2.5528784,3.2428784,3.3028784,2.7328784,2.4528785,2.2528784,1.7628784,1.2828784,0.62287843,1.7428784,-1.5571216,-1.6371216,-2.3271215,-3.8171215,-3.9971216,-3.7571216,-3.5771215,-2.7671216,-3.1671216,-3.0171216,-2.8171215,-3.0371215,-3.5171216,-4.3871217
-0.08712158,-0.88712156,-0.22712158,-1.1771216,-2.6671216,-3.1371217,-3.6471217,-4.267122,-4.0771217,-4.6671214,-4.8271217,-5.2971215,-5.8871217,-5.8371215,-6.497122,-6.6371217,-6.6571217,-6.9671216,-7.3871217,-8.097121,-9.017121,-8.977121,-8.407122,-6.517122,-4.9471216,0.6628784,6.0828786,2.6028783,3.3328784,3.0228784,4.4128785,5.252878,3.3328784,2.9628785,3.0628784,2.9128785,2.0928783,1.8528785,0.6428784,-0.87712157,-2.5971215,-1.1871216,0.12287842,-1.6071216,-2.7071216,-3.8471215,-4.4071217,-4.267122,-3.9671216,-3.3971217,-2.7771215,-3.4171216,-3.3171215,-2.9371216,-2.8471215,-3.1371217,-3.8371215
-1.9771216,-3.4971216,-3.3571215,-4.1371217,-5.0071216,-5.767122,-6.1171217,-6.0271215,-6.1371217,-6.2271214,-5.7371216,-6.0071216,-5.9871216,-6.0071216,-6.2771215,-6.247122,-6.4171214,-6.4771214,-7.2271214,-7.747122,-8.597121,-9.047122,-7.3571215,-3.4571216,4.7228785,6.6428785,4.6428785,3.9528785,3.6028783,3.5928783,3.8228784,3.1728785,2.8328784,2.6528785,2.3628783,2.4528785,2.0228784,0.56287843,-1.4271216,-1.6471215,-3.1371217,-2.6371217,-0.8671216,-1.9771216,-3.2371216,-4.3471217,-4.4871216,-4.287122,-3.8071215,-3.6171217,-3.3771217,-3.4871216,-3.6771216,-3.2671216,-3.2971215,-3.8571215,-4.3471217
-3.9071217,-4.8271217,-4.8271217,-5.8271217,-6.8771214,-7.1171217,-7.0671215,-7.2771215,-7.3671217,-6.747122,-6.3571215,-6.1471214,-5.7571216,-5.6671214,-6.037122,-5.747122,-5.1771216,-6.3271217,-6.7171216,-7.3571215,-7.0571218,-6.7571216,-2.5871215,7.0728784,6.3328786,4.212878,3.7728784,3.8428783,4.0828786,3.7628784,3.1228783,1.9628785,1.9628785,1.4428784,1.8428785,1.3628784,-1.1171216,-1.8071216,-1.6671215,-1.9471216,-2.4871216,-2.7271216,-2.9871216,-2.4271216,-3.5771215,-4.2171216,-4.787122,-3.8371215,-3.6071215,-3.6471217,-3.6971216,-3.8571215,-3.9671216,-4.037122,-4.5871215,-5.3371215,-5.4871216
