data/wind/wind-json-20190326.json
{"header": { "discipline":0, "disciplineName":"Meteorological products", "gribEdition":2, "gribLength":75430, "center":7, "centerName":"US National Weather Service - NCEP(WMC)", "subcenter":0, "refTime":"2019-03-26T00:00:00.000Z", "significanceOfRT":1, "significanceOfRTName":"Start of forecast", "productStatus":0, "productStatusName":"Operational products", "productType":1, "productTypeName":"Forecast products", "productDefinitionTemplate":0, "productDefinitionTemplateName":"Analysis/forecast at horizontal level/layer at a point in time", "parameterCategory":2, "parameterCategoryName":"Momentum", "parameterNumber":3, "parameterNumberName":"V-component_of_wind", "parameterUnit":"m.s-1", "genProcessType":2, "genProcessTypeName":"Forecast", "forecastTime":0, "surface1Type":103, "surface1TypeName":"Specified height level above ground", "surface1Value":10.0, "surface2Type":255, "surface2TypeName":"Missing", "surface2Value":0.0, "gridDefinitionTemplate":0, "gridDefinitionTemplateName":"Latitude_Longitude", "numberPoints":65160, "shape":6, "shapeName":"Earth spherical with radius of 6,371,229.0 m", "gridUnits":"degrees", "resolution":48, "winds":"true", "scanMode":0, "nx":360, "ny":181, "basicAngle":0, "lo1":0.0, "la1":90.0, "lo2":359.0, "la2":-90.0, "dx":1.0, "dy":1.0 }, "data":
[rows 0 to 25 of 181, columns 116 to 173 of 360]
0.6208374,0.6608374,0.7008374,0.7408374,0.7808374,0.8208374,0.8608374,0.89083743,0.9308374,0.9708374,1.0008374,1.0408374,1.0808374,1.1108375,1.1508374,1.1808374,1.2208374,1.2508374,1.2908374,1.3208374,1.3508373,1.3908374,1.4208374,1.4508374,1.4808373,1.5108374,1.5508374,1.5808374,1.6108375,1.6308374,1.6608374,1.6908374,1.7208374,1.7508374,1.7708374,1.8008374,1.8208374,1.8508373,1.8708375,1.9008374,1.9208374,1.9408374,1.9708374,1.9908375,2.0108373,2.0308373,2.0508375,2.0708375,2.0908375,2.1008375,2.1208375,2.1408374,2.1508374,2.1708374,2.1808374,2.2008374,2.2108374,2.2208374
0.4908374,0.5408374,0.5908374,0.64083743,0.6908374,0.7408374,0.7808374,0.8308374,0.8808374,0.9308374,0.9708374,1.0208374,1.0608374,1.1008373,1.1508374,1.1908374,1.2308373,1.2708374,1.3108374,1.3408374,1.3808374,1.4108374,1.4508374,1.4808373,1.5208374,1.5508374,1.5808374,1.6108375,1.6408374,1.6708374,1.7008374,1.7208374,1.7508374,1.7808374,1.8008374,1.8208374,1.8508373,1.8708375,1.8908374,1.9108374,1.9308374,1.9508374,1.9608374,1.9808373,2.0008373,2.0108373,2.0308373,2.0408373,2.0508375,2.0708375,2.0808375,2.1008375,2.1108375,2.1208375,2.1308374,2.1408374,2.1508374,2.1508374
0.8408374,0.9208374,0.9908374,1.0608374,1.1308374,1.2008374,1.2708374,1.3408374,1.4008374,1.4608374,1.5308374,1.5808374,1.6408374,1.7008374,1.7608374,1.8108374,1.8608375,1.9108374,1.9608374,2.0108373,2.0508375,2.0908375,2.1308374,2.1708374,2.2108374,2.2408373,2.2708373,2.3008375,2.3308375,2.3508375,2.3708375,2.4008374,2.4108374,2.4308374,2.4408374,2.4608374,2.4708374,2.4708374,2.4808373,2.4808373,2.4808373,2.4808373,2.4708374,2.4708374,2.4708374,2.4608374,2.4508374,2.4408374,2.4308374,2.4108374,2.4008374,2.3808374,2.3608375,2.3408375,2.3208375,2.3008375,2.2808373,2.2608373
0.7508374,0.8708374,1.0108374,1.1408374,1.2608374,1.3808374,1.4908375,1.5608374,1.6408374,1.7308373,1.8208374,1.9208374,2.0008373,2.0708375,2.1608374,2.2408373,2.3108375,2.3908374,2.4408374,2.4908373,2.5408373,2.5808375,2.6308374,2.6708374,2.7208374,2.7508373,2.7808373,2.8008375,2.8408375,2.8808374,2.8908374,2.8808374,2.8908374,2.9008374,2.9008374,2.9008374,2.9008374,2.9008374,2.9108374,2.9008374,2.8808374,2.8708375,2.8708375,2.8508375,2.8308375,2.8108375,2.7908373,2.7808373,2.7608373,2.7408373,2.7108374,2.6808374,2.6608374,2.6208375,2.5808375,2.5408373,2.5008373,2.4508374
2.5208373,2.6608374,2.7708373,2.8908374,3.0208373,3.0908375,3.1808374,3.2508373,3.3108375,3.4108374,3.4608374,3.5308373,3.6108375,3.6908374,3.7508373,3.8308375,3.8908374,3.9208374,3.9808373,4.0008373,4.0208373,4.0808372,4.1108375,4.1508374,4.1708374,4.160837,4.1508374,4.1308374,4.160837,4.160837,4.1108375,4.0808372,4.0808372,4.0808372,4.0208373,4.0008373,3.9908373,3.9808373,3.8908374,3.8408375,3.7908373,3.7208374,3.6708374,3.6208375,3.5808375,3.5508375,3.4908373,3.4008374,3.3508375,3.3008375,3.2608373,3.1608374,3.1008375,3.0508375,3.0108373,2.9308374,2.8608375,2.7908373
4.0408373,4.2208376,4.4008374,4.5208373,4.620837,4.6908374,4.7508373,4.8008375,4.850837,4.870837,4.9008374,4.9208374,4.9408374,4.9608374,4.9808373,5.0008373,5.0008373,5.0108376,5.0308375,5.0608373,5.0808372,5.100837,5.120837,5.140837,5.1708374,5.1808376,5.1908374,5.160837,5.1308374,5.1508374,5.120837,5.0808372,5.0308375,4.9408374,4.8608375,4.7808375,4.7208376,4.6808376,4.6308374,4.620837,4.5608373,4.4708376,4.4208374,4.3808374,4.3108373,4.2108374,4.1508374,4.0708375,3.9808373,3.9308374,3.8508375,3.7608373,3.6608374,3.5708375,3.4908373,3.4008374,3.3108375,3.2308373
5.7908373,5.9608374,6.120837,6.2408376,6.3008375,6.3608375,6.4408374,6.4708376,6.4908376,6.4908376,6.4608374,6.4408374,6.4008374,6.3408375,6.2808375,6.2108374,6.140837,6.0808372,6.0308375,5.9708376,5.9608374,5.9308376,5.9008374,5.8408375,5.8608375,5.850837,5.8208375,5.8108373,5.7408376,5.6708374,5.5708375,5.4608374,5.3808374,5.3008375,5.2408376,5.1908374,5.0908375,5.0108376,4.9408374,4.8608375,4.7908373,4.6908374,4.5908375,4.5108376,4.4308376,4.3408375,4.2508373,4.160837,4.100837,4.0308375,3.9508374,3.8608375,3.8108375,3.7208374,3.6308374,3.5408373,3.4508374,3.3708375
6.910837,7.0108376,7.120837,7.2408376,7.3208375,7.390837,7.410837,7.370837,7.2908373,7.1908374,7.0308375,6.9208374,6.8308372,6.7508373,6.7208376,6.6908374,6.660837,6.640837,6.5608373,6.5008373,6.390837,6.2908373,6.1708374,6.0808372,5.9808373,5.870837,5.7708373,5.6508374,5.620837,5.5008373,5.410837,5.350837,5.2208376,5.1708374,5.0608373,4.9508376,4.870837,4.7908373,4.6808376,4.5908375,4.5108376,4.410837,4.350837,4.2708373,4.1908374,4.120837,4.0608373,4.0008373,3.9508374,3.9108374,3.8308375,3.7808373,3.7308373,3.6908374,3.6308374,3.5808375,3.5508375,3.5208373
7.600837,7.6808376,7.7208376,7.7008376,7.600837,7.350837,7.0308375,6.7108374,6.4908376,6.3808374,6.3008375,6.3308372,6.390837,6.3408375,6.1808376,6.0108376,5.8808374,5.7908373,5.7208376,5.660837,5.620837,5.5708375,5.5408373,5.4908376,5.4308376,5.370837,5.3108373,5.2608376,5.1708374,5.1108375,5.0408373,4.9708376,4.9008374,4.8208375,4.7608376,4.6508374,4.5508375,4.4808373,4.390837,4.2808375,4.2108374,4.1308374,4.0608373,4.0008373,3.9508374,3.9108374,3.8808374,3.8608375,3.8808374,3.8608375,3.8408375,3.8108375,3.7808373,3.7908373,3.7908373,3.7508373,3.7308373,3.6908374
7.2208376,7.100837,6.870837,6.660837,6.5108376,6.390837,6.2408376,6.0708375,5.9308376,5.850837,5.8108373,5.7408376,5.660837,5.6308374,5.6108375,5.6308374,5.600837,5.6108375,5.600837,5.5708375,5.5408373,5.4808373,5.4608374,5.4508376,5.4008374,5.3308372,5.3008375,5.1808376,5.0908375,4.9808373,4.9208374,4.7808375,4.6908374,4.6108375,4.4908376,4.3608375,4.2708373,4.1708374,4.0708375,4.0008373,3.9008374,3.8308375,3.7708373,3.7308373,3.7108374,3.7108374,3.7308373,3.7008374,3.7008374,3.7108374,3.7308373,3.7208374,3.7808373,3.7708373,3.7908373,3.7908373,3.7908373,3.7708373
7.2008376,7.0108376,6.7708373,6.4808373,6.2408376,5.9908376,5.8308372,5.7008376,5.600837,5.5208373,5.4708376,5.4708376,5.4708376,5.5008373,5.5308375,5.5508375,5.600837,5.6508374,5.6508374,5.640837,5.660837,5.6508374,5.6108375,5.5508375,5.4508376,5.4008374,5.3308372,5.2208376,5.1108375,5.0108376,4.8608375,4.7008376,4.5508375,4.390837,4.2608376,4.120837,4.0408373,3.9308374,3.8208375,3.7108374,3.6508374,3.6008375,3.5508375,3.5008373,3.4808373,3.5108373,3.4908373,3.4908373,3.5008373,3.5508375,3.6208375,3.7008374,3.7608373,3.8308375,3.8708375,3.8808374,3.8908374,3.8708375
7.160837,6.9508376,6.7808375,6.6508374,6.5308375,6.4208374,6.3308372,6.2708373,6.2208376,6.1708374,6.1508374,6.1508374,6.160837,6.1908374,6.2508373,6.2508373,6.2608376,6.2408376,6.2108374,6.140837,6.0408373,5.9508376,5.8208375,5.7408376,5.5508375,5.410837,5.2508373,5.0908375,4.9308376,4.8008375,4.660837,4.4808373,4.3208375,4.140837,4.0608373,3.9808373,3.8008375,3.6508374,3.5208373,3.3908374,3.2808373,3.2008374,3.1308374,3.1008375,3.0908375,3.1208375,3.1708374,3.2708373,3.3908374,3.5208373,3.6208375,3.7608373,3.8608375,3.9208374,3.9308374,3.8808374,3.7608373,3.6508374
7.5708375,7.4808373,7.4808373,7.5008373,7.4808373,7.4508376,7.410837,7.370837,7.3308372,7.2708373,7.2908373,7.3108373,7.2908373,7.2008376,7.1308374,6.9908376,6.8308372,6.6508374,6.4408374,6.2308373,6.0308375,5.8308372,5.6308374,5.4408374,5.2308373,5.0508375,4.9008374,4.7008376,4.5308375,4.3608375,4.1708374,3.9708374,3.8208375,3.6808374,3.5208373,3.3108375,3.1408374,2.9708374,2.8108375,2.6908374,2.6108375,2.5408373,2.5208373,2.5408373,2.6508374,2.7908373,3.0008373,3.1808374,3.3608375,3.5208373,3.6508374,3.6308374,3.5108373,3.3708375,3.2508373,3.1108375,2.9408374,2.7708373
8.220838,8.430838,8.400837,8.360837,8.390838,8.400837,8.400837,8.370837,8.190838,8.030837,7.890837,7.7108374,7.4908376,7.2508373,7.0108376,6.7708373,6.5308375,6.2908373,6.0108376,5.7308373,5.4708376,5.2308373,5.0008373,4.7608376,4.4208374,4.1808376,3.9508374,3.7308373,3.5608375,3.4008374,3.2408373,3.1008375,2.9408374,2.7308373,2.5408373,2.3708375,2.2108374,2.0808375,1.9608374,1.9108374,1.8708375,1.9208374,2.0208373,2.2108374,2.4308374,2.6108375,2.7608373,2.8208375,2.8308375,2.7408373,2.6108375,2.4308374,2.2208374,2.0208373,1.8008374,1.5908374,1.3808374,1.1708374
9.280837,8.850838,8.570837,8.480838,8.450837,8.500837,8.440838,8.200837,7.9908376,7.8208375,7.6108375,7.2808375,6.9708376,6.6308374,6.3108373,6.0208373,5.7108374,5.5108376,5.370837,5.120837,4.9708376,5.0308375,4.7208376,3.8208375,3.1708374,3.1908374,3.3308375,3.2308373,2.8908374,2.5508375,2.1808374,1.9408374,1.7908374,1.6408374,1.4708374,1.2908374,1.1608374,1.1008373,1.1008373,1.1608374,1.2608374,1.4208374,1.6408374,1.8308374,1.9208374,1.9108374,1.7908374,1.5308374,1.2008374,0.8508374,0.4908374,0.1508374,-0.17916259,-0.49916258,-0.7991626,-1.0691626,-1.3191626,-1.5191627
7.2008376,7.4008374,7.4908376,7.5608373,7.6308374,7.5608373,7.4308376,7.2108374,6.9808373,6.7608376,6.5108376,6.1508374,5.7608376,5.4008374,5.0208373,4.6908374,4.3408375,4.0608373,3.8108375,3.5308373,3.3008375,3.2108374,2.6208375,2.2808373,2.1208375,2.1108375,1.9408374,1.6708374,1.4508374,1.3008374,1.0908374,0.7908374,0.6608374,0.5808374,0.4108374,0.3208374,0.3308374,0.3908374,0.4808374,0.6208374,0.8108374,0.9508374,0.9408374,0.7108374,0.28083742,-0.2391626,-0.7491626,-1.2191626,-1.6591626,-2.0791626,-2.4391625,-2.7391627,-3.0391626,-3.2691627,-3.4991627,-3.6991625,-3.8891625,-3.9991627
6.0208373,5.890837,6.0708375,6.4608374,6.6308374,6.4208374,6.2908373,5.9808373,5.4508376,4.8808374,4.5108376,4.2808375,4.1708374,4.0408373,3.8708375,3.6308374,3.3408375,3.0008373,2.6408374,2.2508373,1.9108374,1.7308373,1.5208374,1.3108374,1.1108375,0.9608374,0.8708374,0.5408374,0.28083742,0.1108374,-0.009162597,-0.0691626,-0.0991626,-0.1291626,-0.1091626,-0.0691626,-0.049162596,-0.019162597,-0.0391626,-0.17916259,-0.4891626,-0.9991626,-1.5691626,-2.1291625,-2.5791626,-2.9491625,-3.3191626,-3.6991625,-4.0791626,-4.4591627,-4.8091626,-5.1191626,-5.3891625,-5.609163,-5.7391624,-5.8191624,-5.7891626,-5.6991625
3.8408375,4.3208375,5.4408374,5.870837,5.8308372,5.8208375,5.6908374,4.410837,2.2708373,2.2908373,2.9408374,3.0808375,2.9908373,3.2508373,3.2908373,2.8808374,2.4908373,2.1308374,1.8208374,1.5308374,1.2508374,0.9908374,0.8608374,0.8208374,0.7708374,0.7308374,0.5408374,0.120837405,-0.2291626,-0.3091626,-0.1691626,-0.049162596,-0.059162598,-0.1991626,-0.4191626,-0.7191626,-1.0791626,-1.4991626,-1.9991626,-2.5491626,-3.0391626,-3.4591627,-3.8791625,-4.2791624,-4.6891627,-5.0691624,-5.399163,-5.7091627,-6.0291624,-6.2291627,-6.3891625,-6.4791627,-6.4791627,-6.4391627,-6.359163,-6.2391624,-6.2091627,-6.0691624
4.4808373,4.2908373,3.9008374,3.7608373,3.9008374,3.5408373,2.7208374,1.4408374,0.4408374,1.0108374,1.6808374,1.6308374,1.6808374,2.4708374,3.0108373,2.5908375,2.1508374,1.9608374,1.7908374,1.4808373,1.0808374,0.9308374,1.0708374,1.1008373,0.8508374,0.4108374,0.25083742,0.1508374,-0.17916259,-0.2791626,8.3740236E-4,-0.019162597,-0.6191626,-1.5091625,-1.9991626,-2.4091625,-2.8991625,-3.3991625,-3.9391625,-4.4991627,-5.0291624,-5.4791627,-5.839163,-6.089163,-6.2191625,-6.3691626,-6.5191627,-6.609163,-6.609163,-6.5791626,-6.6891627,-6.7291627,-6.6391625,-6.589163,-6.5991626,-6.609163,-6.5491624,-6.4091625
3.7508373,3.6908374,3.4808373,3.2508373,2.5408373,2.6608374,2.3808374,1.7608374,1.0308374,1.0208374,0.8008374,0.7308374,1.1008373,0.2608374,1.0408374,1.5908374,1.5608374,1.2708374,1.1408374,0.8808374,0.5808374,0.5608374,0.5208374,0.3708374,0.4208374,0.3608374,0.18083741,0.1308374,-0.019162597,-0.3491626,-0.5291626,-0.9791626,-1.4891626,-1.8891625,-2.5991626,-3.1791625,-4.1791625,-5.0491624,-5.5691624,-5.629163,-5.5191627,-5.7191625,-6.2491627,-6.7191625,-6.6691628,-6.4491625,-6.5591626,-6.5191627,-6.4391627,-6.4091625,-6.4491625,-6.5291624,-6.6191626,-6.5991626,-6.5291624,-6.6391625,-6.839163,-6.6891627
3.2008374,3.4908373,3.0308373,2.1408374,1.5008374,0.7108374,0.3508374,0.6508374,0.4508374,0.1108374,0.4908374,0.3008374,0.120837405,0.9208374,0.4908374,0.4108374,1.0308374,0.5608374,0.2008374,-0.8791626,-1.3591626,-0.6991626,-0.6291626,-0.059162598,1.0508374,0.5208374,0.3708374,0.1408374,-0.3591626,-1.2091626,-1.5591626,-2.0491626,-1.6091626,-2.2991626,-2.7091627,-2.9991627,-5.4191628,-5.5391626,-6.0391626,-6.589163,-6.6991625,-6.5791626,-6.399163,-6.5491624,-6.9191628,-6.3691626,-5.5391626,-4.7891626,-4.6591625,-5.109163,-5.7191625,-6.379163,-6.8491626,-7.7591624,-7.5491624,-3.3891625,-3.2891626,-4.9091625
2.1408374,2.3408375,1.5208374,0.8408374,0.3808374,-0.14916259,-0.3491626,-0.0791626,0.0708374,-0.0991626,-0.8791626,-0.0991626,0.2008374,0.4908374,0.21083741,-0.1091626,0.5108374,-0.9691626,-0.8291626,-0.5991626,-0.9991626,0.120837405,0.5208374,-0.3491626,0.4008374,-0.0391626,0.1008374,-0.5691626,-1.2491626,-1.9191626,-2.2391627,-2.8791625,-2.5491626,-2.8791625,-3.8991625,-5.5691624,-7.0591626,-7.4991627,-8.109162,-7.629163,-8.559162,-7.4791627,-7.7791624,-8.829163,-8.959163,-6.9691625,-3.7891626,-5.3691626,-6.5391626,-4.1391625,-3.6291625,-3.6891625,-4.0791626,-5.0991626,-6.089163,-4.1991625,-5.1591625,-5.9491625
0.5208374,0.6108374,0.5608374,0.1308374,-0.1091626,-0.059162598,-0.5291626,-0.8391626,-1.4791626,-1.5191627,-0.5191626,0.3508374,0.4208374,-0.5491626,-1.2091626,-0.6491626,-0.1691626,-1.0091625,-1.6691626,-1.3891625,-1.4591626,0.0508374,1.0708374,1.4608374,-0.1691626,-0.2291626,-0.46916258,-0.7091626,-1.1691626,-1.7791626,-2.5191627,-2.1491625,-1.6391625,-2.9891627,-5.4091625,-7.359163,-6.9291625,-7.3091626,-7.3291626,-7.2791624,-6.5091624,-6.3191624,-6.6991625,-5.649163,-3.7891626,-4.5991626,-2.3391626,-2.4791627,-3.3491626,-2.4691627,-2.7591627,-4.0591626,-4.0591626,-3.6591625,-4.3691626,-5.6691628,-5.6991625,-4.5591626
-0.5891626,-0.7991626,-0.8191626,-0.6591626,-1.4491626,-1.0791626,-1.4591626,-1.7191626,-2.3691626,-2.1491625,-0.009162597,0.9508374,0.5608374,-0.5591626,0.5408374,0.040837403,-0.6191626,-0.4591626,-0.8491626,-0.2391626,-0.5391626,0.040837403,0.1308374,-0.3091626,0.5508374,-0.3591626,0.1508374,-0.2591626,-0.3791626,-0.7391626,-2.8991625,-4.2791624,-2.7291627,-2.4191625,-6.4991627,-8.019162,-7.5091624,-5.9991627,-6.109163,-6.3291626,-5.8291626,-5.1191626,-4.6391625,-2.7391627,-2.3091626,-3.0691626,-4.9391627,-3.5991626,-1.8591626,-2.3291626,-3.5891626,-5.4991627,-3.6491625,-5.8291626,-10.559162,-10.799163,-11.9091625,-11.869163
-1.2291626,-1.5891626,-1.3591626,-1.1691626,-0.7991626,-1.2891626,-2.2691627,-2.1291625,-1.6691626,-1.8791625,-0.7591626,0.6308374,-0.6691626,-0.049162596,-0.7791626,-1.1091626,-0.6691626,-0.3091626,-0.8291626,-1.1791626,-1.0891626,-0.5591626,-0.8691626,-0.019162597,-0.3891626,-0.8391626,-1.6391625,-1.3991627,1.0208374,1.1208375,-2.5791626,-3.1291625,-2.8491626,-5.7391624,-7.8291626,-8.099163,-5.1391625,-4.8091626,-5.4491625,-6.6191626,-7.0391626,-5.5191627,-6.1791625,-4.7991624,-4.1991625,-3.7191627,-5.2091627,-5.5791626,-5.0691624,-4.1691628,-4.4191628,-5.1991625,-7.4091625,-11.4091625,-11.009163,-10.429163,-12.619163,-14.149162
-0.5391626,-0.8291626,-0.8491626,-0.6191626,-0.5291626,-0.46916258,-1.0091625,-2.4391625,-2.2991626,-2.7391627,-1.4291626,-1.8591626,-0.6391626,-1.0291626,-2.9991627,-1.9091626,-0.3591626,0.2408374,-0.0391626,-0.60916257,-2.2391627,-2.2491627,-1.5891626,-0.9891626,-0.0991626,-2.4491625,-3.6291625,-2.7391627,-3.6191626,-2.6891625,-2.4091625,-3.1991625,-5.2091627,-3.6691625,-6.9291625,-9.479162,-5.589163,-2.6991625,-3.0091627,-4.6391625,-7.0591626,-6.2991624,-2.8091626,-4.5091624,-3.6891625,-3.0591626,-3.5291626,-6.4991627,-6.4491625,-7.3191624,-6.7991624,-7.1191626,-8.639163,-8.219163,-10.539163,-11.859162,-11.639163,-9.259163
