data/wind/wind-json-20190331.json
{"header": { "discipline":0, "disciplineName":"Meteorological products", "gribEdition":2, "gribLength":74306, "center":7, "centerName":"US National Weather Service - NCEP(WMC)", "subcenter":0, "refTime":"2019-03-31T00:00:00.000Z", "significanceOfRT":1, "significanceOfRTName":"Start of forecast", "productStatus":0, "productStatusName":"Operational products", "productType":1, "productTypeName":"Forecast products", "productDefinitionTemplate":0, "productDefinitionTemplateName":"Analysis/forecast at horizontal level/layer at a point in time", "parameterCategory":2, "parameterCategoryName":"Momentum", "parameterNumber":2, "parameterNumberName":"U-component_of_wind", "parameterUnit":"m.s-1", "genProcessType":2, "genProcessTypeName":"Forecast", "forecastTime":0, "surface1Type":103, "surface1TypeName":"Specified height level above ground", "surface1Value":10.0, "surface2Type":255, "surface2TypeName":"Missing", "surface2Value":0.0, "gridDefinitionTemplate":0, "gridDefinitionTemplateName":"Latitude_Longitude", "numberPoints":65160, "shape":6, "shapeName":"Earth spherical with radius of 6,371,229.0 m", "gridUnits":"degrees", "resolution":48, "winds":"true", "scanMode":0, "nx":360, "ny":181, "basicAngle":0, "lo1":0.0, "la1":90.0, "lo2":359.0, "la2":-90.0, "dx":1.0, "dy":1.0 }, "data":
[rows 52 to 77 of 181, columns 0 to 59 of 360]
-6.53042,-4.31042,-5.79042,-6.74042,-6.51042,-7.12042,-7.54042,-7.8604198,-8.10042,-6.8604198,-3.41042,-0.92041993,0.12958008,-1.2304199,0.6095801,1.4195801,1.46958,1.8995801,2.2395802,2.2195802,-0.8604199,-2.57042,-2.07042,0.6095801,-2.33042,-3.16042,-4.09042,-2.7404199,-2.08042,-0.98041993,-3.9904199,-5.59042,-2.42042,-1.6704199,-4.32042,-1.7904199,-3.19042,-3.2404199,-3.66042,-4.51042,-6.06042,-5.58042,-3.8004198,-2.58042,-3.22042,-0.8804199,-5.21042,-2.83042,-2.16042,-1.4204199,-5.53042,-4.80042,-2.7904198,-0.6404199,2.1995802,3.32958,2.6995802,1.6895801,0.9795801,4.08958
-6.01042,-4.69042,-3.10042,-1.88042,-1.28042,-0.42041993,-2.45042,-0.8104199,-0.90041995,-1.1904199,-0.66041994,-0.15041992,2.04958,1.2695801,-2.7604198,0.9895801,2.10958,3.32958,2.83958,1.5095801,2.67958,-2.2604198,-1.13042,0.7395801,-1.0804199,-0.3204199,-0.26041993,-3.0104198,-2.7304199,-3.09042,-0.34041992,-1.4804199,-3.15042,3.31958,-0.020419922,-0.22041993,-0.43041992,-5.32042,-4.41042,-5.55042,-3.94042,-8.34042,-8.90042,-5.39042,-2.2504199,-1.26042,-1.4704199,-3.5004199,-5.49042,-3.2504199,-1.5804199,-2.41042,-0.19041993,1.60958,5.15958,1.72958,0.64958006,-1.0604199,-0.6104199,-0.16041993
-3.95042,-1.3604199,-1.28042,-0.12041992,-1.88042,0.9895801,2.34958,1.60958,0.65958005,-0.79041994,-0.78041995,-0.21041992,2.5195801,4.89958,4.78958,2.0095801,1.87958,1.2895801,0.6995801,1.6395801,2.09958,1.0695801,-0.67041993,0.34958008,0.95958006,2.59958,3.2395802,3.06958,-0.17041992,0.5495801,0.9395801,-1.1804199,-0.5104199,-1.62042,-2.94042,-4.30042,-1.89042,2.03958,4.39958,3.9695802,2.82958,-2.12042,-4.12042,-9.23042,-9.96042,-3.43042,-2.08042,-5.09042,-3.60042,-3.2304199,3.7695801,-0.8104199,0.3995801,-0.5204199,0.3395801,-3.63042,0.16958007,-2.85042,-0.9304199,-2.32042
-2.0504198,-1.9204199,-0.72041994,-1.00042,-0.06041992,-1.6104199,-0.8304199,1.4595801,2.4895802,0.8695801,-0.5504199,-0.97041994,0.38958007,3.16958,4.81958,4.33958,3.2395802,3.1995802,2.32958,2.64958,3.2395802,-0.8104199,-2.0004199,0.95958006,2.18958,0.9295801,3.86958,8.31958,0.90958005,2.7195802,3.7595801,0.5695801,-1.16042,0.20958008,-0.9304199,-5.93042,-4.35042,-1.4204199,-0.020419922,-0.12041992,1.4295801,1.7695801,-5.39042,-8.17042,-9.94042,-5.6104198,-3.71042,-2.60042,-2.20042,-4.51042,-2.35042,-2.06042,-4.24042,-2.87042,-1.7004199,-2.12042,-1.62042,-2.17042,-1.2404199,-0.8904199
-4.10042,-3.44042,-3.7704198,0.8795801,0.8795801,-1.5704199,-2.20042,-1.4204199,-0.90041995,0.6095801,-2.87042,-1.3504199,-0.6104199,1.72958,3.13958,3.7095802,4.39958,4.03958,3.2695801,1.97958,2.9495802,5.52958,1.4395801,3.82958,8.25958,7.03958,5.43958,8.09958,9.34958,6.56958,7.71958,8.48958,4.90958,4.08958,5.98958,4.3895802,2.64958,2.9795802,0.21958008,-0.3204199,-0.5004199,4.52958,-3.89042,-10.22042,-2.22042,-6.50042,-5.51042,-5.05042,-3.34042,-3.11042,-1.3604199,0.64958006,-4.68042,-2.91042,-3.92042,-2.08042,-2.66042,-0.78041995,0.16958007,0.16958007
-3.71042,-5.78042,-5.03042,-2.3004198,-2.91042,-2.7904198,-2.62042,-3.11042,-3.08042,-3.69042,-2.81042,-1.66042,-1.3304199,1.5795801,3.38958,2.9595802,3.9995801,5.1395802,4.06958,3.9895802,1.73958,3.90958,5.97958,5.47958,8.80958,9.50958,8.92958,6.40958,8.28958,9.71958,9.31958,10.95958,9.66958,9.3795805,9.11958,9.22958,6.1395802,5.3895802,2.83958,4.64958,0.29958007,2.33958,-4.85042,-4.58042,-1.9604199,-9.24042,-10.61042,-4.05042,-4.70042,-3.21042,-0.24041992,-1.0604199,0.079580076,-1.5904199,-2.46042,-3.60042,-0.8904199,-0.030419922,-2.97042,-1.26042
-5.48042,-7.16042,-5.25042,-7.80042,-4.09042,-3.47042,-3.71042,-3.20042,-3.60042,-3.9904199,-4.89042,-2.0104198,-0.98041993,0.9195801,0.82958007,2.05958,2.90958,4.47958,6.00958,5.72958,4.96958,2.78958,3.68958,3.7095802,6.65958,9.73958,9.57958,9.31958,7.60958,6.91958,7.77958,9.11958,9.73958,9.6295805,8.95958,6.77958,7.15958,5.53958,2.67958,4.47958,2.4595802,4.01958,-5.84042,0.04958008,-3.2904198,-10.04042,-11.46042,-7.91042,-4.89042,-4.00042,-3.61042,0.3095801,-0.12041992,-2.58042,-0.31041992,-0.9404199,-0.84041995,0.06958008,-2.72042,-4.39042
-3.7404199,-6.9204197,-9.02042,-6.48042,-6.39042,-5.06042,-5.00042,-4.3604198,-4.22042,-5.01042,-5.45042,-4.6104198,-2.34042,-2.61042,-3.0104198,-0.6804199,1.2895801,2.36958,5.25958,6.83958,7.37958,4.97958,4.74958,3.18958,3.59958,6.64958,8.44958,8.82958,9.52958,10.20958,5.3295803,4.1195803,6.0995803,8.63958,7.03958,5.8295803,6.1395802,3.89958,2.61958,2.41958,2.89958,3.02958,-4.24042,0.119580075,-6.00042,-9.63042,-6.87042,-9.39042,-4.37042,-3.9904199,-3.47042,-1.62042,0.8095801,0.8195801,-2.87042,-0.15041992,-2.2904198,0.21958008,-1.9504199,-5.00042
-3.65042,-5.32042,-7.79042,-6.6104198,-6.6704197,-6.48042,-5.18042,-6.09042,-5.6704197,-5.37042,-4.22042,-4.1704197,-3.09042,-1.51042,-3.2404199,-3.14042,-1.8004199,1.0295801,2.79958,4.46958,4.46958,5.05958,6.1195803,5.69958,0.8895801,3.41958,6.83958,8.01958,8.74958,9.28958,8.68958,7.02958,8.39958,6.01958,5.5795803,4.05958,6.55958,6.8295803,3.55958,2.06958,3.0095801,2.41958,-0.59041995,2.93958,-0.36041993,-0.78041995,-2.85042,-7.01042,-4.01042,-5.83042,-4.31042,-1.3004199,-0.5704199,0.08958008,2.03958,-1.91042,0.5595801,-1.15042,-0.40041992,-3.2404199
-0.34041992,0.25958008,0.52958006,-4.3604198,-6.4004197,-5.6104198,-5.78042,-5.83042,-5.1104198,-5.03042,-4.8804197,-3.92042,-3.0004199,-3.2704198,-1.8204199,-2.63042,-1.9704199,-1.1804199,0.64958006,2.7295802,3.91958,5.10958,5.78958,6.35958,6.28958,0.8695801,2.02958,3.35958,6.53958,8.28958,8.51958,7.53958,6.8495803,4.06958,7.56958,1.5395801,2.2395802,4.42958,3.2695801,3.4695802,6.30958,3.9595802,6.41958,3.88958,4.23958,0.28958008,-1.4704199,0.5395801,-3.59042,-7.84042,-6.64042,-1.16042,-1.2904199,-0.78041995,-0.09041992,0.6095801,-0.5604199,0.14958008,1.8095801,-0.08041992
2.81958,3.34958,3.2495801,1.4395801,1.5695801,-4.18042,-3.34042,-3.7504199,-3.7804198,-5.23042,-4.8804197,-4.57042,-3.68042,-3.71042,-3.2404199,-2.2504199,-3.19042,-2.42042,0.079580076,0.41958007,2.6995802,3.66958,5.19958,6.18958,6.68958,4.64958,3.9695802,3.93958,4.71958,5.37958,7.46958,6.55958,9.93958,5.80958,6.23958,4.49958,1.5295801,3.40958,4.8895802,5.04958,6.78958,6.29958,1.73958,2.2295802,2.9995801,-4.21042,-2.34042,-3.7804198,-2.45042,-4.64042,-4.18042,-4.82042,-1.3304199,1.1795801,-0.7004199,-0.17041992,0.10958008,0.47958007,1.96958,0.6195801
0.7395801,1.49958,0.82958007,0.59958005,2.83958,2.4895802,-1.16042,-2.4904199,-4.82042,-4.70042,-4.8804197,-4.75042,-3.5104198,-3.86042,-3.5004199,-3.5004199,-2.87042,-1.91042,-0.6104199,-0.7504199,0.6995801,2.2395802,3.86958,4.76958,6.75958,7.54958,6.87958,4.3495803,4.04958,4.71958,4.65958,5.5995803,7.6195803,5.05958,5.48958,10.60958,7.94958,1.8195801,2.5095801,5.24958,6.79958,5.10958,4.18958,3.42958,0.24958009,-1.3404199,-5.53042,-5.49042,-5.97042,-3.10042,-3.5404198,-4.03042,-4.64042,-2.36042,-0.8804199,-0.23041992,-0.26041993,-0.66041994,0.96958005,0.26958007
2.03958,2.2095802,1.7095801,-1.5604199,-1.63042,2.62958,1.12958,-0.9504199,-2.47042,-2.81042,-3.7304199,-3.62042,-3.7604198,-3.2704198,-2.83042,-2.87042,-2.9904199,-1.9704199,-2.85042,-0.9604199,-0.6304199,1.1895801,2.40958,3.7095802,3.82958,4.66958,5.5795803,5.87958,5.91958,3.02958,4.22958,4.21958,4.16958,4.70958,6.6195803,10.79958,7.94958,1.84958,3.59958,3.4595802,7.8295803,3.92958,3.9795802,4.70958,0.59958005,-1.3404199,-0.8004199,-3.94042,-3.63042,-3.7704198,-4.66042,-5.60042,-6.78042,-6.55042,-5.32042,-3.5104198,-1.91042,1.6495801,1.8195801,0.37958008
1.72958,1.8995801,0.8695801,-3.11042,-0.3504199,-2.42042,2.9995801,-0.9604199,-2.22042,-2.21042,-1.5704199,-2.90042,-2.5504198,-3.62042,-3.2604198,-3.07042,-1.4404199,-3.31042,-2.85042,-1.90042,-0.050419923,1.6795801,2.1995802,3.18958,3.65958,3.9695802,4.15958,4.50958,5.0795803,6.55958,2.40958,2.91958,4.12958,3.33958,5.15958,7.37958,8.29958,4.81958,2.4795802,0.52958006,3.4995801,3.18958,5.35958,2.65958,1.4195801,-1.2204199,-2.84042,-3.56042,-0.6404199,-2.15042,-3.8004198,-4.35042,-7.6104198,-7.51042,-6.89042,-5.24042,-2.5004199,0.59958005,3.2295802,6.60958
-0.7704199,-3.61042,-2.9804199,-2.3004198,-1.87042,-1.5504199,-3.7304199,1.73958,-6.05042,-4.22042,-3.5104198,-2.57042,-3.18042,-3.7704198,-3.18042,-2.92042,-2.34042,-1.9604199,-3.21042,-3.13042,-0.28041992,0.71958005,2.92958,2.7695801,3.14958,3.56958,5.20958,4.83958,3.31958,3.0095801,2.82958,2.57958,3.4795802,2.93958,3.39958,3.2595801,4.87958,4.58958,5.35958,0.7295801,4.56958,3.89958,3.60958,1.72958,-0.5104199,-1.5604199,-1.8404199,0.84958005,-1.9304199,-2.47042,-4.53042,-3.68042,-5.54042,-4.9004197,-3.71042,-3.07042,-2.2404199,-0.54041994,-0.6104199,1.4295801
-3.5104198,-5.27042,-5.91042,-3.90042,-1.01042,-1.0604199,1.6495801,-0.5504199,-5.76042,-3.7704198,-5.06042,-5.31042,-4.79042,-3.63042,-3.21042,-3.61042,-2.85042,-1.9904199,-2.72042,-1.0404199,-0.46041992,-1.1804199,0.5695801,1.74958,2.53958,4.06958,5.03958,2.4595802,2.16958,2.02958,2.6995802,1.98958,2.79958,4.16958,2.91958,3.1995802,0.6195801,0.70958006,1.5395801,1.7795801,6.29958,2.86958,2.29958,1.08958,0.28958008,-1.2904199,-1.3104199,-1.6704199,-1.9704199,-3.0404198,-5.19042,-4.50042,-4.30042,-3.56042,-2.62042,-2.19042,-2.81042,-1.91042,0.70958006,2.7295802
-3.5504198,-2.10042,-4.4004197,-1.7304199,-0.6204199,-1.3604199,-2.2904198,-3.7304199,-6.58042,-4.21042,-6.56042,-6.57042,-6.05042,-2.85042,-3.10042,-3.9904199,-4.9004197,-3.40042,-1.4404199,2.13958,-2.33042,-1.37042,-1.40042,0.14958008,0.9395801,2.36958,2.02958,2.52958,2.56958,0.7495801,0.7295801,2.61958,1.1595801,2.53958,2.5095801,2.60958,-2.2904198,2.85958,2.37958,4.56958,4.00958,1.4395801,2.66958,-0.17041992,-3.31042,1.1595801,-3.93042,-2.37042,-4.6504197,-3.95042,-5.46042,-4.03042,-3.5504198,-2.58042,-2.2504199,-1.1004199,-1.40042,-3.70042,-1.2304199,2.36958
-2.72042,-2.4904199,-5.24042,-3.96042,-3.90042,-4.18042,-5.4204197,-5.04042,-6.55042,-8.06042,-5.3804197,-7.01042,-5.93042,-5.08042,-1.40042,-2.19042,-0.7004199,-1.0604199,0.8095801,-2.66042,-3.0104198,-2.91042,-2.64042,-1.27042,0.52958006,2.77958,1.1795801,3.2095802,0.52958006,0.95958006,0.71958005,0.3695801,2.2295802,1.61958,1.6695801,2.29958,1.74958,-0.34041992,0.26958007,2.11958,-2.8004198,2.57958,5.41958,-0.15041992,1.22958,-1.7004199,-5.06042,-3.58042,-4.72042,-3.38042,-2.82042,-3.0104198,-2.69042,-3.4904199,-2.38042,-2.45042,-1.2004199,-0.21041992,0.18958008,2.07958
-3.83042,-4.77042,-7.12042,-6.1704197,-5.8604198,-6.3804197,-5.52042,-4.3604198,-9.15042,-3.88042,-5.57042,-7.29042,-5.4004197,-4.08042,-2.20042,-0.48041993,4.15958,-0.7404199,0.8195801,-3.2404199,-3.87042,-4.05042,-3.5404198,-2.57042,-0.36041993,1.96958,0.019580077,1.4495801,-0.20041992,0.38958007,-0.5504199,0.17958008,1.4095801,1.48958,2.15958,0.8095801,2.78958,-0.050419923,0.41958007,-3.18042,-2.93042,-2.31042,5.15958,-1.3604199,1.36958,0.77958006,-1.02042,-1.5904199,-1.3204199,-0.8304199,-0.60041994,-1.12042,-1.78042,-2.9804199,-2.56042,-2.7804198,-2.14042,-0.37041992,0.9795801,1.0495801
-1.9204199,-6.43042,-6.76042,-5.18042,-6.06042,-7.3604198,-5.97042,-3.88042,-7.57042,-3.10042,-2.69042,-4.6504197,-6.1104198,-4.46042,-1.91042,-0.11041992,-2.88042,-4.44042,-10.84042,-8.08042,-6.03042,-5.4004197,-5.1504197,-3.67042,-0.9404199,0.6395801,0.13958007,-0.27041993,-0.010419922,-0.29041994,-0.5204199,0.26958007,0.44958007,1.2595801,1.59958,1.72958,0.44958007,0.8195801,-1.7204199,-2.2504199,-2.5504198,0.16958007,-0.7004199,4.22958,1.9195801,2.03958,1.6995801,-0.07041992,-1.2404199,-1.64042,0.34958008,-1.0704199,-0.73041993,-0.8304199,-1.3104199,-3.16042,-2.08042,-0.53041995,0.3395801,-0.07041992
-3.44042,-5.14042,-5.46042,-4.83042,-5.9004197,-5.56042,-4.06042,-2.8004198,-8.72042,-4.05042,-2.5104198,-3.90042,-5.35042,-3.90042,-0.46041992,-3.71042,-2.44042,-6.33042,-8.48042,-7.99042,-6.3804197,-6.37042,-5.12042,-2.67042,-2.0304198,-0.53041995,-0.5204199,-1.3404199,-1.01042,-1.51042,-0.49041992,-0.15041992,-0.010419922,0.6795801,1.8295801,2.7095802,1.7695801,0.5495801,0.23958008,-2.08042,-2.67042,-1.3404199,-0.40041992,-0.11041992,2.67958,-0.5004199,1.37958,1.3895801,-1.76042,-1.5904199,-2.36042,-0.36041993,0.6295801,0.5595801,-1.27042,-3.69042,-0.31041992,-0.45041993,-1.03042,-1.3204199
-4.1504197,-4.29042,-4.87042,-4.51042,-5.35042,-5.20042,-5.74042,-4.9204197,-9.70042,-5.3804197,-4.04042,-3.85042,-4.6104198,-4.00042,-2.85042,-1.52042,-3.20042,-6.20042,-6.76042,-6.72042,-5.44042,-6.29042,-7.64042,-3.7404199,-2.59042,-1.9604199,-0.23041992,-1.88042,-1.39042,-2.38042,-1.3304199,-0.14041992,0.8095801,0.7895801,1.0695801,2.91958,2.39958,-1.03042,0.3995801,-1.4504199,-3.57042,-3.7704198,-1.3004199,-0.9404199,2.14958,0.10958008,-1.1104199,0.2795801,-1.7904199,-2.2304199,-3.7304199,-1.9504199,0.3395801,-0.8704199,-0.09041992,2.05958,0.5695801,-0.4104199,-1.0604199,-1.8204199
-2.0004199,-4.02042,-4.26042,-4.76042,-6.47042,-6.55042,-6.26042,-6.48042,-6.01042,-5.00042,-4.1304197,-4.71042,-3.10042,-3.9904199,-2.90042,-1.6904199,-4.8804197,-5.84042,-5.09042,-5.25042,-5.16042,-3.33042,-4.55042,-5.87042,-4.41042,-3.0304198,-1.1104199,-1.6904199,-1.28042,-2.3004198,-1.8004199,0.38958007,1.22958,1.24958,2.2295802,3.30958,1.1895801,0.8195801,-0.53041995,-0.6204199,-2.2804198,-4.9204197,-3.06042,2.05958,1.9395801,-0.31041992,-4.00042,-2.47042,-1.5804199,-0.73041993,-2.37042,-1.2004199,-1.78042,-1.5904199,-0.6804199,-0.27041993,-0.29041994,-0.90041995,-1.28042,-2.31042
-3.72042,-4.18042,-4.09042,-5.00042,-6.37042,-7.46042,-5.96042,-5.45042,-4.68042,-4.1304197,-4.07042,-3.64042,-3.42042,-2.4904199,-3.60042,-4.34042,-3.88042,-3.70042,-3.43042,-3.46042,-4.23042,-2.70042,-6.58042,-5.69042,-6.48042,-3.06042,-0.7404199,-2.08042,-1.1704199,-2.5304198,-0.54041994,-0.46041992,1.2995801,2.09958,1.7895801,1.72958,-0.36041993,-0.34041992,-0.6804199,1.21958,1.4395801,-4.22042,-3.14042,1.0795801,-0.16041993,0.18958008,-1.0904199,-4.3804197,0.26958007,-1.39042,-0.09041992,-2.40042,-2.47042,-2.34042,-2.14042,-1.5704199,-1.40042,-1.78042,-2.20042,-2.5504198
-4.71042,-3.8004198,-4.1104198,-5.45042,-4.77042,-6.45042,-4.71042,-4.91042,-3.7804198,-3.17042,-4.21042,-2.70042,-3.64042,-5.33042,-5.96042,-3.86042,-2.4904199,-1.9604199,-2.17042,-2.66042,-2.31042,-3.37042,-6.93042,-5.4004197,-4.48042,-1.6004199,-1.91042,-1.9204199,-2.08042,-0.7404199,0.08958008,0.6095801,0.4295801,0.6095801,1.1395801,0.23958008,-0.8604199,-1.2204199,-0.9904199,-1.62042,-0.73041993,0.23958008,-5.6304197,-0.8204199,-2.64042,0.59958005,-0.48041993,0.26958007,-2.62042,-5.73042,-4.80042,-4.48042,-3.67042,-3.09042,-3.2504199,-2.5304198,-2.38042,-2.7404199,-2.89042,-2.7704198
-2.66042,-3.71042,-4.09042,-3.5104198,-4.3604198,-5.20042,-4.94042,-4.12042,-3.32042,-2.9904199,-2.87042,-2.85042,-3.46042,-3.82042,-5.89042,-4.9204197,-3.0504198,-2.21042,-1.9404199,-1.5904199,-0.85041994,-2.64042,-4.50042,-4.32042,-2.67042,1.71958,-2.2304199,-2.21042,-2.4904199,-0.5804199,1.0795801,0.65958005,0.5495801,0.71958005,1.4595801,0.6095801,-1.6004199,-1.5704199,-0.5604199,-0.26041993,0.6095801,-4.43042,-3.35042,-7.59042,-4.43042,-5.1304197,-9.98042,-8.65042,-7.96042,-7.62042,-7.22042,-5.95042,-4.02042,-3.39042,-4.50042,-3.17042,-3.2804198,-3.32042,-3.2504199,-3.15042
