data/wind/wind-json-20190402.json
{"header": { "discipline":0, "disciplineName":"Meteorological products", "gribEdition":2, "gribLength":74168, "center":7, "centerName":"US National Weather Service - NCEP(WMC)", "subcenter":0, "refTime":"2019-04-02T00:00:00.000Z", "significanceOfRT":1, "significanceOfRTName":"Start of forecast", "productStatus":0, "productStatusName":"Operational products", "productType":1, "productTypeName":"Forecast products", "productDefinitionTemplate":0, "productDefinitionTemplateName":"Analysis/forecast at horizontal level/layer at a point in time", "parameterCategory":2, "parameterCategoryName":"Momentum", "parameterNumber":2, "parameterNumberName":"U-component_of_wind", "parameterUnit":"m.s-1", "genProcessType":2, "genProcessTypeName":"Forecast", "forecastTime":0, "surface1Type":103, "surface1TypeName":"Specified height level above ground", "surface1Value":10.0, "surface2Type":255, "surface2TypeName":"Missing", "surface2Value":0.0, "gridDefinitionTemplate":0, "gridDefinitionTemplateName":"Latitude_Longitude", "numberPoints":65160, "shape":6, "shapeName":"Earth spherical with radius of 6,371,229.0 m", "gridUnits":"degrees", "resolution":48, "winds":"true", "scanMode":0, "nx":360, "ny":181, "basicAngle":0, "lo1":0.0, "la1":90.0, "lo2":359.0, "la2":-90.0, "dx":1.0, "dy":1.0 }, "data":
[rows 26 to 51 of 181, columns 295 to 353 of 360]
1.1142749,0.6442749,-0.7557251,-1.5357251,-1.8857251,-2.285725,-3.7057252,-10.255725,-9.725725,-9.545725,-9.195725,-8.785725,-7.8957253,-5.175725,-5.325725,0.1442749,0.3142749,0.8042749,1.5442749,2.5442748,2.7942748,5.214275,1.2442749,0.3342749,-0.7357251,0.2642749,2.594275,4.794275,5.384275,5.094275,2.8042748,0.7442749,0.7242749,-0.4157251,-1.4557251,-2.4457252,-2.4957252,-1.9557251,-1.4057251,-1.095725,-0.0757251,0.3242749,0.30427492,2.0342748,3.164275,1.154275,5.024275,3.7442749,0.4742749,2.7942748,0.1642749,-2.375725,-3.045725,-1.2457252,0.5642749,-0.2657251,-1.3257251,-2.045725,-1.8957251
-0.7157251,-0.8257251,-0.4957251,-1.9057251,-3.645725,-5.3157253,-10.315725,-11.765725,-12.415725,-12.575726,-12.455725,-11.9057255,-10.495725,-8.285725,-4.465725,-0.7157251,-6.3957253,-2.6857252,0.3842749,2.854275,1.9342749,-1.7057251,0.6142749,1.4142749,0.6742749,1.1242748,-0.7157251,0.4942749,1.9342749,2.204275,2.7442749,2.414275,2.434275,3.094275,2.7742748,1.9942749,1.5442749,2.0342748,2.704275,3.214275,3.664275,3.604275,2.2842748,3.2542748,5.094275,7.1042747,6.884275,5.284275,6.444275,3.2542748,3.5142748,4.754275,4.8942747,3.964275,3.434275,3.2742748,3.2542748,2.5142748,2.704275
-1.975725,-1.7657251,-1.6257252,-2.335725,-4.675725,-8.395725,-12.375725,-13.755725,-14.985725,-16.085726,-14.545725,-12.015725,-13.445725,-13.635725,-13.385725,-9.895725,-9.265725,-10.035725,-6.965725,-2.9457252,4.524275,2.384275,0.9942749,-0.3357251,-0.5457251,-4.5857253,-4.845725,-4.515725,-3.905725,-1.985725,0.6942749,2.464275,2.914275,3.914275,4.634275,4.764275,4.654275,4.984275,5.334275,5.3542747,5.544275,5.784275,5.814275,4.614275,5.234275,6.054275,7.284275,6.784275,7.054275,7.674275,6.654275,4.754275,3.3042748,2.624275,2.364275,2.634275,3.144275,4.204275,4.954275
-1.865725,-2.2057252,-1.7557251,-2.845725,-6.5857253,-11.185725,-13.245725,-13.035725,-9.085725,-6.475725,-6.615725,-8.385725,-10.335725,-12.205725,-15.205725,-18.345726,-17.765724,-15.255725,-6.805725,-3.1857252,-4.685725,-0.4257251,0.0842749,0.5542749,-1.1457251,-2.415725,-3.065725,-3.7157252,-3.4857252,-2.375725,-0.5157251,1.264275,2.324275,3.2942748,4.364275,5.244275,5.884275,5.814275,6.044275,6.784275,7.444275,6.944275,6.3942747,6.264275,6.6442747,7.554275,8.264275,7.634275,6.974275,5.994275,3.604275,1.9342749,2.0442748,3.3142748,4.454275,5.154275,3.904275,3.874275,5.074275
-1.095725,2.954275,0.024274902,-0.8657251,-4.495725,-6.915725,-6.055725,-4.675725,-5.555725,-6.225725,-6.475725,-6.955725,-8.035725,-9.265725,-10.525725,-11.6157255,-13.635725,-15.545725,-17.185724,-15.515725,-13.045725,-4.295725,-7.205725,-7.8157253,-8.475725,-7.3957253,-5.5857253,-3.595725,-1.8857251,-0.9857251,-0.7257251,-0.2857251,0.6342749,2.0542748,3.824275,4.814275,5.524275,6.3542747,7.494275,7.3542747,7.3542747,8.534275,9.164275,8.254275,8.214275,8.924274,9.934275,9.264275,8.184275,6.484275,5.254275,3.8042748,5.1242747,6.204275,6.774275,6.634275,6.594275,5.6442747,5.274275
2.394275,1.654275,6.834275,4.704275,1.7942749,-0.3857251,-1.5657251,-2.4657252,-5.175725,-5.805725,-5.655725,-5.935725,-6.845725,-7.255725,-8.955725,-10.085725,-10.765725,-11.745725,-12.025725,-11.025725,-9.795725,-8.715725,-7.225725,-6.3157253,-5.5857253,-5.365725,-6.035725,-6.505725,-4.965725,-2.895725,-0.8857251,0.5742749,1.634275,2.174275,2.824275,4.284275,5.6442747,6.594275,6.9142747,7.524275,8.264275,8.334275,9.064275,10.454275,10.694275,10.184275,10.494275,11.454275,12.404275,12.524275,12.624275,11.314275,10.8442745,9.104275,9.124275,8.184275,7.4342747,7.064275,6.064275
5.074275,4.6442747,2.0342748,5.774275,5.924275,1.8442749,-0.6557251,-2.905725,-3.675725,-3.865725,-5.405725,-6.555725,-6.745725,-7.185725,-7.8557253,-8.005725,-8.805725,-9.755725,-10.105725,-10.005725,-9.595725,-8.915725,-7.945725,-6.705725,-5.485725,-4.3557253,-3.4357252,-2.375725,-2.325725,-3.7357252,-3.6957252,-1.3257251,0.6042749,2.2342749,3.654275,4.4142747,4.954275,5.734275,7.264275,7.864275,8.244275,8.744275,9.184275,9.374275,10.414275,11.734275,12.564275,13.024275,13.774275,14.534275,15.144275,14.914275,13.664275,11.904275,11.024275,10.364275,9.1342745,8.644275,4.424275
6.094275,8.314275,4.484275,1.8342749,7.344275,7.274275,2.584275,-3.5057251,-4.385725,-4.3957253,-6.545725,-6.005725,-6.3957253,-6.3957253,-6.165725,-6.225725,-7.215725,-7.505725,-7.5657253,-7.575725,-8.015725,-7.975725,-7.035725,-5.8157253,-4.505725,-3.385725,-2.7257252,-2.4357252,-1.865725,0.1342749,1.5842749,-0.4057251,-1.7857251,0.5642749,2.584275,3.914275,4.974275,5.804275,6.364275,7.1842747,8.174274,9.154275,9.614275,10.144275,10.654275,10.6342745,11.584275,11.914275,12.824275,13.514275,13.8842745,13.554275,13.054275,12.474275,12.004275,10.904275,9.254275,8.914275,8.0942745
9.644275,8.624275,8.934275,4.694275,5.134275,4.834275,2.844275,-3.795725,-4.635725,-6.275725,-6.015725,-5.325725,-4.935725,-3.7657251,-3.7357252,-3.155725,-3.335725,-4.015725,-4.935725,-5.885725,-7.255725,-7.3557253,-6.865725,-6.115725,-4.535725,-3.1857252,-2.0257251,-0.8757251,0.0542749,0.4242749,0.9042749,2.944275,4.1842747,2.614275,0.7742749,2.7642748,4.514275,5.154275,6.024275,6.8742747,7.944275,8.3842745,9.214275,10.3842745,11.074275,11.674274,12.114275,12.484275,12.904275,13.284275,13.244275,13.324275,12.954275,12.554275,11.654275,10.744275,10.194275,8.864275,7.244275
9.484275,8.8842745,8.754275,5.224275,3.2942748,1.8142749,2.2842748,-5.455725,-5.235725,-4.915725,-5.055725,-4.405725,-3.785725,-2.845725,-1.5457251,-0.2157251,-0.2357251,0.0642749,-0.8257251,-1.6557251,-2.635725,-4.6457253,-6.185725,-6.0857253,-4.755725,-3.335725,-2.345725,-1.095725,0.2842749,1.5042748,2.4742749,3.334275,3.854275,4.234275,5.484275,4.954275,3.704275,4.514275,5.884275,6.554275,7.3942747,8.374275,8.984275,9.894275,10.0942745,10.954275,11.184275,11.604275,11.804275,11.854275,12.444275,12.474275,12.484275,11.394275,10.8442745,10.104275,8.904275,2.574275,2.3042748
10.874275,11.074275,10.144275,12.564275,4.6442747,3.3142748,1.3242749,-0.6057251,-3.165725,-4.905725,-3.355725,-3.6857252,-3.675725,-1.615725,-0.4657251,-0.5357251,0.3442749,1.514275,0.3942749,0.034274902,-0.8957251,-2.175725,-3.675725,-5.175725,-4.845725,-3.575725,-2.555725,-1.595725,-0.3157251,1.2342749,2.7342749,3.8042748,4.504275,5.324275,5.474275,6.284275,6.9342747,6.944275,5.8542747,6.174275,7.4142747,8.014275,8.354275,9.234275,9.764275,10.564275,10.824275,11.244275,11.214275,11.364275,11.3442745,11.614275,11.244275,11.044275,10.574275,7.634275,2.404275,1.5642749,2.8142748
7.984275,8.034275,8.764275,9.554275,7.534275,7.114275,2.0142748,1.0542749,0.8142749,0.27427492,-1.6257252,-1.9457251,-2.2457252,-2.345725,-0.7057251,0.2142749,0.8742749,1.1042749,0.9042749,0.9842749,0.3342749,-1.0557251,-2.415725,-3.345725,-4.215725,-3.6957252,-2.645725,-1.9257251,-0.7757251,0.6342749,2.134275,3.634275,4.654275,5.304275,5.8542747,6.704275,7.294275,7.274275,8.284275,7.864275,7.084275,7.544275,8.144275,8.524275,8.734275,9.144275,9.8842745,9.894275,10.244275,10.3442745,10.494275,10.3842745,10.264275,9.614275,8.854275,8.034275,2.7442749,2.914275,3.584275
7.9342747,8.974275,8.6342745,7.264275,7.404275,7.234275,2.0242748,1.8342749,4.6442747,5.204275,-1.9957252,-2.055725,-2.365725,-2.795725,-1.9157251,-0.4657251,-0.5757251,0.1542749,0.6442749,1.1842749,0.9442749,0.3642749,-0.6357251,-1.8957251,-3.315725,-2.795725,-3.175725,-2.5257251,-1.1257252,0.4642749,1.644275,3.104275,4.594275,5.1642747,5.4342747,6.134275,7.204275,8.274275,8.424274,8.654275,8.294275,7.504275,7.1642747,7.844275,8.304275,8.0942745,8.824275,8.964275,9.234275,9.254275,9.124275,9.164275,8.674274,7.6442747,6.494275,2.964275,2.454275,3.104275,5.864275
6.654275,6.6642747,6.214275,5.924275,7.074275,4.1242747,6.024275,8.514275,7.1842747,4.6642747,-1.3757252,-2.2757251,-2.105725,-2.2457252,-1.5757251,-0.9957251,-1.2057251,-1.3857251,-0.4257251,0.6942749,1.3742748,2.334275,2.604275,1.634275,0.3342749,-0.2157251,-0.9057251,-1.4957252,-1.0457251,0.3542749,1.8542749,2.684275,4.1842747,5.424275,5.674275,5.814275,6.514275,7.154275,7.3942747,7.9142747,7.814275,7.044275,6.714275,6.884275,7.174275,7.714275,7.794275,7.974275,8.374275,8.434275,8.684275,8.664275,8.584275,7.884275,6.834275,5.8942747,5.724275,5.904275,6.254275
14.434275,12.974275,14.164275,14.654275,15.334275,13.6342745,10.934275,8.084275,9.124275,6.564275,3.2842748,-1.5457251,-2.4957252,-2.1957252,-1.3757252,-1.4957252,-1.8857251,-1.3257251,-0.5357251,0.5842749,2.144275,3.894275,4.274275,4.524275,2.0342748,0.3942749,0.4042749,0.2642749,0.6442749,0.5042749,1.5042748,2.664275,3.934275,4.954275,5.834275,5.804275,5.384275,5.794275,6.4342747,6.974275,7.384275,7.234275,7.064275,6.134275,6.074275,6.334275,6.944275,7.254275,7.3542747,7.294275,7.364275,7.304275,7.244275,7.1442747,6.8542747,6.4142747,6.304275,6.4342747,6.424275
7.3942747,15.404275,16.734276,13.054275,14.304275,13.254275,9.224275,5.794275,7.524275,4.744275,4.034275,2.404275,-1.2757251,-2.4657252,-1.7057251,-1.2457252,-1.0657251,-1.115725,-0.7757251,-0.055725098,1.1842749,2.954275,3.594275,2.574275,2.714275,2.344275,1.2342749,0.9342749,1.4242749,0.9642749,1.7542748,2.854275,4.544275,5.274275,5.334275,5.794275,5.334275,4.944275,5.264275,5.504275,6.304275,6.904275,7.474275,7.3742747,6.044275,5.4342747,5.924275,6.034275,6.1042747,5.794275,5.584275,5.484275,5.344275,5.584275,5.634275,5.884275,6.204275,6.304275,6.324275
12.5942745,13.774275,12.524275,10.564275,8.104275,8.564275,7.784275,10.894275,8.854275,7.614275,6.494275,3.9742749,3.614275,-1.2157251,-0.045725096,-0.015725099,-0.5157251,-0.5357251,0.024274902,0.1242749,1.894275,3.654275,2.824275,3.084275,2.904275,2.9742749,1.9642749,0.9842749,1.0742749,1.7842749,2.364275,3.7942748,4.554275,4.814275,4.694275,5.584275,5.1642747,4.224275,3.924275,3.934275,4.3942747,5.224275,5.884275,6.334275,6.044275,5.134275,4.974275,5.514275,5.424275,5.214275,4.674275,4.564275,4.484275,4.634275,5.3542747,5.804275,5.844275,5.924275,6.294275
4.674275,9.394275,9.114275,9.154275,8.784275,9.564275,10.964275,11.434275,13.104275,10.494275,7.6042747,6.424275,5.304275,2.944275,0.7642749,0.1242749,0.5842749,0.5342749,0.4442749,0.23427491,1.0742749,2.104275,1.9842749,2.904275,2.354275,2.884275,1.6742749,1.1042749,1.4142749,2.344275,3.344275,4.3742747,4.074275,4.1042747,4.244275,4.514275,4.424275,3.0642748,2.7742748,2.5642748,2.574275,3.2442749,3.844275,4.454275,4.6042747,4.154275,3.844275,4.454275,4.724275,4.724275,4.924275,4.864275,4.864275,4.804275,4.8742747,4.794275,4.804275,5.094275,5.584275
4.8742747,6.774275,6.6842747,6.994275,3.354275,3.7842748,6.904275,6.344275,7.964275,10.434275,9.564275,9.994275,5.9142747,3.2842748,1.3342749,1.3642749,1.7942749,1.2942749,-0.5957251,0.2242749,1.394275,1.5742749,1.4742749,2.174275,2.094275,2.4942749,2.134275,1.0342749,1.0742749,1.4142749,2.7842748,3.2442749,3.2642748,3.444275,3.634275,3.104275,3.364275,2.654275,1.9842749,2.074275,1.7142749,1.7942749,2.184275,2.5142748,2.594275,2.584275,2.364275,2.7442749,3.604275,3.9942749,4.044275,3.654275,3.594275,3.5442748,3.414275,3.344275,3.454275,3.894275,4.8742747
7.6842747,5.3942747,4.304275,6.234275,8.704275,9.644275,10.374275,11.074275,12.394275,11.864275,9.614275,10.264275,6.6642747,2.614275,1.3542749,1.5642749,1.884275,0.7342749,-0.2057251,0.3742749,1.0542749,1.0942749,0.8342749,2.184275,2.174275,1.7942749,1.6042749,0.8942749,0.7042749,1.1042749,1.6842749,1.8042749,1.0542749,1.024275,0.6042749,0.7942749,1.9442749,1.4342749,1.1742749,1.2042749,1.1942749,0.9542749,0.7542749,0.6742749,0.5042749,0.5242749,0.7742749,1.024275,1.134275,1.0742749,1.274275,1.4242749,1.5042748,1.264275,1.3342749,1.3342749,1.6042749,2.5442748,3.2842748
3.674275,13.264275,12.774275,11.5942745,11.154275,10.8442745,11.484275,12.764275,13.694275,14.074275,10.724275,9.564275,6.984275,1.4842749,1.144275,2.5142748,0.9442749,-0.1957251,0.014274903,0.1442749,1.274275,1.5942749,1.8542749,1.6942749,1.3242749,0.8342749,0.1842749,0.7142749,0.4242749,-0.15572509,-0.005725098,-0.4357251,-1.6257252,-1.9557251,-2.545725,-2.135725,-0.8857251,-0.2657251,-0.4857251,-0.6557251,-1.0457251,-1.5057251,-1.4357251,-1.725725,-2.0257251,-2.2257252,-2.2257252,-2.115725,-1.845725,-1.6557251,-1.6457251,-1.4057251,-1.2557251,-1.4257251,-1.365725,-1.0757251,-0.5757251,-0.4257251,0.9242749
13.524275,13.834275,14.434275,14.504275,15.414275,15.054275,13.814275,14.064275,14.234275,13.614275,12.474275,11.1342745,4.114275,1.7342749,1.634275,-0.105725095,-0.2457251,-0.7557251,0.1642749,0.6042749,1.3242749,1.6242748,0.1642749,0.0542749,-0.1357251,-0.3257251,-0.58572507,-0.105725095,-0.8757251,-1.2857251,-1.615725,-2.4357252,-3.2557251,-4.075725,-4.695725,-4.555725,-4.265725,-4.155725,-4.325725,-4.295725,-4.195725,-4.235725,-4.295725,-4.195725,-3.9857252,-3.855725,-3.905725,-4.225725,-4.305725,-4.255725,-3.915725,-3.9357252,-3.9557252,-3.825725,-3.785725,-4.025725,-0.9657251,-0.3357251,-1.225725
13.074275,12.8442745,12.714275,13.144275,14.494275,14.924274,14.474275,14.434275,13.984275,12.394275,11.154275,9.354275,4.344275,1.6642749,-0.005725098,-0.3157251,-0.47572508,-0.3557251,0.5542749,-0.3457251,0.1442749,0.2442749,-0.3357251,-1.3357251,-0.9257251,-1.1457251,-1.0657251,-1.7857251,-2.1857252,-2.645725,-3.055725,-3.4857252,-4.055725,-4.905725,-5.545725,-5.745725,-5.785725,-5.825725,-5.785725,-5.755725,-5.655725,-5.3357253,-5.275725,-5.615725,-5.595725,-5.785725,-5.985725,-5.685725,-5.435725,-5.545725,-5.725725,-5.6457253,-5.485725,-5.295725,-5.515725,-4.0857253,-1.105725,-0.055725098,0.1642749
12.574275,12.394275,12.224275,11.824275,12.494275,12.714275,12.934275,12.324275,11.444275,10.3842745,9.504275,6.484275,5.3742747,2.104275,1.764275,1.4642749,-0.2757251,-0.6657251,0.3442749,-0.8057251,-0.3257251,-0.5257251,-0.9657251,-1.975725,-1.8057251,-2.055725,-2.055725,-3.0157251,-3.7357252,-3.795725,-4.485725,-4.755725,-4.925725,-5.185725,-5.595725,-6.195725,-6.0857253,-6.215725,-6.275725,-6.195725,-6.555725,-6.795725,-6.885725,-6.905725,-7.0857253,-6.6457253,-6.3357253,-6.365725,-6.8157253,-6.735725,-6.205725,-6.1257253,-5.6057253,-5.075725,-2.815725,-0.3157251,-0.2957251,0.3342749,1.4442749
8.6342745,9.904275,10.804275,11.044275,11.364275,11.804275,11.444275,10.954275,8.234275,7.9142747,8.054275,5.904275,6.1042747,2.624275,1.8142749,1.6242748,0.23427491,0.8342749,0.2542749,-0.4157251,-0.8557251,-1.5157251,-2.285725,-2.375725,-2.575725,-2.7657251,-3.4857252,-4.365725,-5.0657253,-5.3157253,-5.435725,-5.555725,-5.755725,-6.005725,-5.925725,-6.115725,-6.675725,-7.235725,-7.575725,-7.825725,-7.845725,-7.905725,-7.785725,-7.785725,-7.3957253,-7.365725,-7.695725,-7.165725,-6.265725,-5.505725,-4.715725,-3.0257251,-1.3857251,0.30427492,0.1442749,-0.3757251,-0.8557251,0.1942749,0.5642749
7.244275,8.724275,9.584275,9.854275,10.054275,10.114275,9.984275,8.644275,8.724275,8.014275,7.3742747,5.534275,5.774275,4.084275,2.2742748,0.9542749,0.3542749,0.5642749,0.1842749,-0.5957251,-1.1857251,-2.565725,-2.9457252,-2.9757252,-3.535725,-3.815725,-4.825725,-5.5657253,-5.805725,-5.955725,-6.055725,-6.1257253,-6.155725,-6.155725,-6.215725,-7.025725,-7.6457253,-7.345725,-7.905725,-8.415725,-8.315725,-8.295725,-8.335725,-8.525725,-8.745725,-8.515725,-7.8357253,-7.095725,-6.025725,-4.695725,-2.865725,-1.2857251,0.5042749,1.8042749,2.0642748,0.8042749,1.144275,1.2442749,1.3342749
