data/wind/wind-json-20190405.json
{"header": { "discipline":0, "disciplineName":"Meteorological products", "gribEdition":2, "gribLength":74452, "center":7, "centerName":"US National Weather Service - NCEP(WMC)", "subcenter":0, "refTime":"2019-04-05T00:00:00.000Z", "significanceOfRT":1, "significanceOfRTName":"Start of forecast", "productStatus":0, "productStatusName":"Operational products", "productType":1, "productTypeName":"Forecast products", "productDefinitionTemplate":0, "productDefinitionTemplateName":"Analysis/forecast at horizontal level/layer at a point in time", "parameterCategory":2, "parameterCategoryName":"Momentum", "parameterNumber":2, "parameterNumberName":"U-component_of_wind", "parameterUnit":"m.s-1", "genProcessType":2, "genProcessTypeName":"Forecast", "forecastTime":0, "surface1Type":103, "surface1TypeName":"Specified height level above ground", "surface1Value":10.0, "surface2Type":255, "surface2TypeName":"Missing", "surface2Value":0.0, "gridDefinitionTemplate":0, "gridDefinitionTemplateName":"Latitude_Longitude", "numberPoints":65160, "shape":6, "shapeName":"Earth spherical with radius of 6,371,229.0 m", "gridUnits":"degrees", "resolution":48, "winds":"true", "scanMode":0, "nx":360, "ny":181, "basicAngle":0, "lo1":0.0, "la1":90.0, "lo2":359.0, "la2":-90.0, "dx":1.0, "dy":1.0 }, "data":
[rows 75 to 99 of 181, columns 114 to 170 of 360]
-2.6045775,-2.2645776,-1.6545776,-1.8545777,-1.8245777,-1.9345776,-2.5445776,-1.6245776,-0.42457762,-5.764578,-5.6345778,-5.614578,-5.6345778,-6.054578,-6.344578,-6.7345777,-7.4445777,-8.134578,-8.724578,-9.044578,-9.184578,-9.324577,-9.364577,-9.424578,-9.444577,-9.274578,-9.704577,-9.924578,-10.114577,-9.334578,-8.074577,-7.8945775,-7.9545774,-8.254578,-8.134578,-8.434578,-8.284577,-7.7445774,-7.5445776,-7.2145777,-6.9045777,-6.7545776,-6.9145775,-6.094578,-5.6645775,-5.804578,-5.6745777,-5.4745774,-5.4445777,-5.1445775,-4.9345775,-4.4045777,-3.9445777,-4.3145776,-4.6545777,-5.1445775,-5.4545774
-2.8145776,-3.0645776,-3.4845777,-4.034578,-4.8745775,-5.9445777,-8.314578,-2.4845777,-1.1545776,-2.0745776,-4.7545776,-6.3945775,-6.2145777,-6.284578,-6.6645775,-7.2945776,-7.7945776,-8.274578,-8.734577,-9.014578,-9.464578,-9.724578,-9.854578,-10.054578,-10.144578,-10.014578,-9.864577,-9.214578,-8.554578,-8.324577,-8.014578,-7.7345777,-8.024578,-7.764578,-8.444577,-8.444577,-7.7345777,-7.6945777,-7.7445774,-7.6545777,-7.864578,-7.8545775,-7.114578,-6.6545777,-6.4345775,-6.804578,-6.6745777,-6.1845775,-5.8145776,-5.5445776,-4.844578,-4.364578,-4.9845777,-5.364578,-5.5645776,-5.7945776,-5.9345775
-3.5545776,-3.7845776,-4.4445777,-3.6245775,-2.0345776,-0.8445776,0.77542233,-2.3245776,-6.824578,-4.0245776,-4.0845776,-6.8945775,-6.5645776,-6.8345776,-7.2045774,-7.364578,-7.7545776,-8.114577,-8.784577,-9.174578,-9.654577,-10.014578,-10.244577,-10.424578,-9.804578,-9.074577,-8.784577,-9.054578,-8.744577,-8.044578,-7.4245777,-7.6645775,-7.8545775,-8.254578,-8.324577,-8.314578,-8.424578,-8.034577,-7.9245777,-8.184578,-8.404577,-8.074577,-7.4545774,-7.1345778,-7.0245776,-7.3345776,-6.9845777,-6.4245777,-6.3145776,-5.5645776,-4.8545775,-5.1645775,-5.9445777,-6.1745777,-6.5245776,-6.5045776,-6.2545776
-3.8545775,-4.9745774,-4.1445775,-2.7245777,-2.5645776,-3.4345777,-4.824578,-8.774578,-7.4045777,-6.6045775,-5.2545776,-2.4545777,-6.7245774,-6.9645777,-7.344578,-7.6945777,-7.8345776,-8.394578,-8.694577,-8.584578,-8.854578,-9.254578,-8.584578,-8.424578,-8.144578,-8.424578,-9.174578,-8.444577,-8.8745775,-8.544578,-8.324577,-8.4145775,-8.634578,-8.354578,-8.084578,-7.9945774,-8.734577,-8.684578,-8.6245775,-8.854578,-8.514578,-8.154577,-7.6745777,-7.614578,-7.4045777,-7.4245777,-7.284578,-6.9245777,-6.324578,-5.594578,-5.5045776,-5.864578,-6.5645776,-6.864578,-7.094578,-6.7945776,-6.5245776
-4.6045775,-5.014578,-4.9745774,-5.804578,-6.2945776,-6.2145777,-6.574578,-3.8845778,-2.3545775,-4.6345778,-2.3845778,-2.2945776,-5.9045777,-6.4045777,-7.0845776,-7.9545774,-8.304578,-8.134578,-8.144578,-7.7545776,-7.6945777,-7.5045776,-7.5245776,-6.9745774,-7.4345775,-8.644578,-8.524578,-8.314578,-8.984577,-9.254578,-9.114577,-9.364577,-9.174578,-8.364577,-8.534577,-8.784577,-8.424578,-8.684578,-8.8745775,-8.944577,-8.644578,-8.564578,-8.174578,-7.9645777,-7.5845776,-7.3345776,-7.364578,-6.8845778,-6.4145775,-5.764578,-6.364578,-6.554578,-7.0445776,-7.284578,-7.0445776,-7.0245776,-6.9945774
-5.6645775,-5.7945776,-6.014578,-5.7745776,-4.014578,-0.74457765,-4.5645776,-5.7245774,-5.594578,-3.3745775,-2.9745777,-4.4145775,-3.3645775,-5.1545777,-7.554578,-9.044578,-7.9845777,-7.5445776,-7.574578,-6.844578,-6.7745776,-6.9145775,-6.8545775,-5.7445774,-6.7545776,-7.7045774,-6.2445774,-9.594578,-9.154577,-9.394578,-9.714578,-10.084578,-10.064578,-8.944577,-8.304578,-9.344578,-8.504578,-8.314578,-8.8745775,-8.954577,-9.064578,-8.774578,-8.594578,-7.9445777,-7.7945776,-7.554578,-7.2045774,-6.864578,-6.4345775,-6.2345777,-6.554578,-7.0045776,-7.4345775,-7.2245774,-6.864578,-7.6445775,-7.114578
-5.6845775,-4.8945775,-4.7245774,-1.3345777,-2.1545777,-2.8645775,-3.1945777,-4.3145776,-3.6745777,-5.6245775,-6.1745777,-2.0145776,-0.5245776,-3.7845776,-6.4845777,-8.064578,-8.234577,-7.2345777,-6.864578,-6.0645776,-6.3145776,-6.1545777,-5.864578,-5.3845778,-6.2445774,-6.9745774,-7.1745777,-7.2145777,-10.384578,-9.764578,-9.394578,-9.594578,-9.184578,-9.314578,-8.084578,-8.554578,-7.1745777,-7.5645776,-9.184578,-8.474578,-8.774578,-8.964578,-9.354578,-8.464578,-8.1245775,-7.8945775,-7.554578,-6.8545775,-6.2345777,-6.2245774,-6.8545775,-7.2345777,-7.864578,-7.6045775,-7.784578,-7.844578,-7.3145776
-5.5845776,-3.9845777,-5.0845776,-5.8345776,-4.6245775,-3.7445776,-2.5445776,-5.4045777,-5.534578,-0.35457763,-0.44457763,-1.4945776,-0.36457765,1.9454224,-4.114578,-4.2145777,-5.8145776,-4.9845777,-5.9445777,-5.0245776,-4.7745776,-4.8745775,-4.8345776,-4.9945774,-5.4545774,-5.8945775,-6.3845778,-6.5645776,-8.514578,-8.424578,-8.214578,-7.6445775,-6.7145777,-6.7145777,-6.5845776,-8.094578,-6.7745776,-6.4445777,-7.2045774,-7.8845778,-7.7245774,-7.9145775,-8.574577,-8.354578,-7.6945777,-7.9745774,-7.4545774,-6.7145777,-6.864578,-6.6745777,-5.8345776,-6.824578,-7.4945774,-7.9945774,-8.134578,-8.214578,-7.8745775
-5.094578,-5.284578,-6.4045777,-3.2145777,-3.3645775,-3.1145775,-2.7045777,-3.7245777,-1.4445777,-2.1545777,-0.66457766,0.63542235,0.7154224,0.47542235,-1.7145777,-4.4945774,-4.4145775,-4.2745776,-3.8545775,-3.8045776,-3.9045777,-4.034578,-4.4245777,-3.9945776,-4.3945775,-5.2445774,-6.0845776,-5.9445777,-6.2745776,-5.014578,-5.1645775,-5.6845775,-5.094578,-4.7545776,-3.5045776,-4.4045777,-5.5445776,-4.9845777,-5.5845776,-6.8745775,-7.4445777,-7.9245777,-7.614578,-7.4145775,-7.1445775,-7.554578,-7.3545775,-6.8345776,-6.4245777,-6.6845775,-5.3845778,-5.9345775,-7.9845777,-8.494577,-8.054578,-8.054578,-7.574578
-4.4745774,-4.1245775,0.93542236,-0.27457765,1.4854224,-1.8145776,-1.4645777,0.55542237,1.3054223,0.7854224,-0.28457764,-0.24457763,1.5554223,-1.0245776,-2.1045775,-5.6645775,-3.7845776,-3.8645775,-2.1945777,-2.0745776,-3.2445776,-3.8545775,-3.7345777,-3.9645777,-3.9745777,-4.6645775,-4.9845777,-4.7045774,-3.5545776,-3.9545777,-3.6745777,-3.4645777,-4.4345775,-3.8845778,-3.3345776,-3.4645777,-4.094578,-4.014578,-5.6945777,-6.9545774,-6.9445777,-7.2145777,-7.5245776,-7.5045776,-7.5645776,-7.6445775,-6.8845778,-6.6245775,-6.0645776,-6.4245777,-6.114578,-6.1945777,-6.7745776,-7.844578,-8.534577,-8.244577,-7.614578
-2.2045777,0.48542237,-0.86457765,0.08542237,0.26542237,-0.5345776,-1.3145776,0.16542237,0.33542237,-0.8345776,-2.2745776,-0.67457765,-1.7245777,-2.0345776,-1.1945777,-4.764578,-3.7245777,-1.7245777,-2.4245777,-1.5745777,-1.9145776,-3.0345776,-2.9245777,-3.8345776,-4.9245777,-5.324578,-3.9145777,-3.2745776,-1.8345777,-1.6345776,-1.6945777,-2.0645776,-2.0345776,-3.3845778,-3.2945776,-3.4545777,-3.7945776,-4.284578,-5.2245774,-5.9445777,-6.7745776,-6.574578,-6.5445776,-5.4845777,-5.8545775,-6.9145775,-6.9145775,-6.2745776,-5.6345778,-5.3945775,-5.054578,-1.9345776,-1.4445777,-2.5045776,-6.5445776,-7.8845778,-7.7745776
-0.55457765,-0.18457764,-0.31457764,0.81542236,-0.034577638,-2.2445776,-1.5945777,-1.3945776,-1.4545777,-1.7845776,-3.3945777,-3.3445776,-3.3445776,-2.0545776,-1.5345776,-2.5645776,-4.7545776,-2.7745776,-1.9145776,-1.8345777,-1.7545776,-1.5545776,-2.3145776,-3.5745776,-5.054578,-4.3845778,-3.2045777,-1.8045776,-0.23457764,0.7954224,2.0954223,1.1254224,-0.26457763,-2.3745775,-3.1045775,-3.1745777,-3.6345778,-4.014578,-4.1045775,-4.7745776,-5.514578,-6.4945774,-6.1245775,-5.2745776,-5.324578,-6.3845778,-5.594578,-4.9745774,-4.7145777,-4.9445777,-3.0045776,-2.2745776,-1.1645776,-1.8145776,-1.2945776,-2.6045775,-6.6745777
-0.36457765,-0.21457763,-0.13457763,0.15542236,-3.0645776,-3.6745777,-2.9145777,-2.5745776,-2.1845777,-1.5945777,-1.4145776,-1.0645776,-1.2445776,-0.7645776,-0.32457763,-0.41457763,-2.4845777,-2.1745777,-1.4045776,-1.7845776,-2.4345777,-0.92457765,0.29542238,1.9554224,1.5154223,0.7854224,0.23542236,1.0754224,2.6754224,2.9754224,2.9654224,1.7454224,-0.024577636,-2.0645776,-2.4545777,-2.8545775,-2.6745777,-2.5845776,-2.5345776,-3.5645776,-4.4745774,-5.2145777,-4.9745774,-3.7445776,-3.3445776,-3.9545777,-4.1545777,-2.8145776,-3.3045776,-4.2945776,-3.0245776,-1.9045776,-0.68457764,0.94542235,-2.5045776,-0.99457765,0.99542236
0.06542236,-0.36457765,-0.5145776,0.025422363,1.5154223,-2.5645776,-2.8745775,-2.4945776,-1.3345777,-0.94457763,0.035422362,0.86542237,0.37542236,-0.7045776,0.35542238,2.1154222,2.0554223,0.9754224,1.8954223,3.5554223,1.8854223,3.2854223,4.7954226,6.6154222,7.5454226,5.695422,5.3654222,4.3654222,3.6954224,3.4554224,3.4854224,3.1754224,1.6654223,-0.16457763,-0.9645776,-1.3745776,-1.5845777,-0.81457764,-0.48457763,-1.1545776,-1.8145776,-2.3045776,-3.3545775,-3.4245777,-2.6845777,-3.0945776,-2.5345776,-3.4045777,-3.6845777,-3.1645777,-2.3145776,-1.5645776,-0.29457763,0.52542233,0.52542233,2.6754224,1.5054224
0.32542238,0.13542236,0.51542234,0.045422364,-0.41457763,-1.0445776,-3.5645776,0.6754224,0.16542237,-0.07457764,-0.33457765,0.58542234,0.56542236,-0.48457763,-0.27457765,0.9154224,1.9454224,2.6154222,3.9054224,6.0054226,6.9754224,7.175422,7.2754226,7.7254224,8.115422,7.885422,7.1254225,6.135422,5.8654222,5.135422,4.9154224,4.5554223,3.6354225,3.0154223,3.0054224,2.1954224,2.0054224,1.3854223,0.9054224,0.36542237,-0.29457763,-0.91457766,-1.4545777,-1.7245777,-2.3245776,-1.0445776,-2.1245775,-1.6545776,-1.7745776,-0.6445776,-0.18457764,-0.9045776,-0.62457764,0.69542235,1.4354224,4.965422,5.5554223
0.015422363,0.07542236,0.055422362,0.08542237,-0.86457765,-2.0345776,0.41542235,-0.20457764,-0.34457764,1.1154224,0.27542236,-0.7045776,-0.25457764,0.42542237,0.55542237,0.46542236,1.6454223,2.2154224,3.7054224,7.5854225,8.305423,7.635422,7.6654224,7.5654225,8.205422,8.505423,8.045423,7.3654222,7.3154225,7.175422,7.3354225,6.635422,4.695422,4.1154222,4.405422,4.2754226,4.0054226,3.2654223,2.6454225,2.5154223,1.5654224,1.8754224,0.82542235,-1.1145777,-1.0845777,-1.7945776,-1.4345776,-1.7845776,-0.9545776,1.6354223,0.9054224,1.4654224,0.7254224,1.5954224,2.3254223,3.9554224,4.6254225
0.7154224,-0.034577638,0.22542237,0.51542234,-1.5345776,-2.2345777,0.29542238,-0.67457765,0.015422363,0.9054224,0.8454224,-0.66457766,-0.30457765,0.42542237,1.1354223,0.33542237,1.3454224,0.55542237,0.6054224,0.7854224,-1.2245777,-0.09457764,2.5154223,7.925422,7.5754223,7.5954223,7.195422,5.7454224,6.2954226,7.3054223,8.915422,8.365422,5.8154225,5.195422,5.2554226,4.1854224,4.3254223,3.9754224,4.735422,4.3654222,3.1854224,3.3554223,2.3354223,-0.79457766,-1.9845777,-2.3145776,-0.94457763,-1.1745776,-0.18457764,1.1754223,0.77542233,1.2854223,1.2154224,0.49542236,3.3254223,4.655422,6.1454225
0.46542236,-0.14457764,0.7154224,0.9654224,-1.5945777,-2.5745776,0.8454224,0.35542238,2.4254224,1.1254224,-0.91457766,-0.09457764,1.2654223,2.0154223,-1.3645777,1.8554224,1.1354223,1.0454223,0.41542235,0.5954224,2.4954224,6.9554224,3.5454223,3.9854224,1.6254224,2.2354224,2.7354224,2.6554224,3.6354225,5.8454223,9.0854225,7.6454225,5.8754225,2.9554224,4.6154222,4.0154223,3.0854223,2.3354223,4.3154225,4.1654224,3.3954225,2.7454224,2.2154224,0.6054224,-0.61457765,-0.98457766,-2.2645776,-1.1045777,-0.024577636,0.005422363,0.57542235,0.9654224,2.1154222,2.0654223,2.7054224,5.0054226,5.3354225
0.10542236,-0.114577636,0.44542235,0.015422363,-0.6445776,-0.29457763,0.25542235,0.51542234,0.68542236,-0.19457763,0.8554224,-0.33457765,-1.9745777,3.4954224,2.5854223,0.61542237,3.6254225,4.6854224,1.6154224,-0.44457763,1.3154224,1.7154224,0.8454224,1.4554224,0.35542238,1.0554223,0.11542236,-0.40457764,0.31542236,4.2854223,6.1054225,5.1454225,4.3354225,3.7554224,3.7754223,3.6754224,3.1754224,0.89542234,2.0854223,3.1754224,2.0454223,2.5654223,2.4154224,1.0254223,-0.48457763,-0.91457766,-1.7345777,-0.7145776,0.87542236,-1.1145777,-0.24457763,1.4954224,1.4254223,1.7954223,2.8154223,3.9854224,4.0154223
0.40542236,0.025422363,0.43542236,0.06542236,0.80542237,1.5854224,1.9454224,2.2454224,0.50542235,0.9654224,0.9154224,1.2754223,4.2454224,1.3354224,3.2054224,4.0754223,1.2854223,0.055422362,1.5154223,1.9054223,3.2554224,0.005422363,0.045422364,1.3254224,0.93542236,-0.39457762,-0.44457763,-0.6545776,0.06542236,-0.63457763,-0.23457764,0.5454224,2.2954223,3.1254225,3.2854223,2.7554224,1.7854223,1.4154223,1.5654224,-2.2445776,-0.85457766,0.025422363,0.07542236,0.35542238,-0.56457764,-1.0945777,-2.1445777,-0.66457766,-0.29457763,-0.0045776367,-0.42457762,1.1754223,0.63542235,1.5154223,2.4654224,2.9854224,2.9554224
-0.37457764,0.23542236,1.4454224,2.1454225,2.6454225,-0.25457764,1.5454223,0.32542238,-0.50457764,0.9854224,2.5954223,3.6454225,4.385422,6.1454225,5.485422,5.3654222,4.6854224,3.5954223,3.3054223,3.5854223,3.0654223,3.0454223,2.5254223,0.51542234,0.07542236,0.13542236,0.8454224,0.005422363,-0.23457764,0.44542235,-0.33457765,-0.28457764,0.9154224,1.5954224,1.7854223,-0.14457764,-0.24457763,-1.5845777,-0.73457766,-0.80457765,-3.1245775,-2.5545776,-1.2545776,-1.4045776,-1.8545777,-2.4945776,-1.6845776,-1.0245776,-2.5445776,-0.35457763,2.1454225,4.135422,1.5854224,-0.24457763,0.9754224,2.4654224,2.1354225
-0.5845776,-0.054577637,0.9154224,2.4954224,2.6454225,2.6754224,5.3554225,5.0154223,5.0654225,4.235422,4.5154223,4.7954226,4.695422,5.485422,5.5954223,6.0754223,4.6854224,3.3354223,2.8454223,3.2354224,3.1054223,4.405422,4.3254223,4.905422,2.1154222,1.0354223,-0.7145776,-0.46457765,-0.49457765,0.55542237,-0.15457764,0.5454224,-0.92457765,-0.29457763,-1.9545777,1.1154224,0.86542237,0.19542237,-1.4245776,-0.7045776,-1.5945777,-1.1345776,-0.23457764,-2.2245777,-2.4545777,-3.2345777,-2.9245777,-3.2745776,-3.4745777,-1.7745776,0.88542235,1.8454224,1.8454224,-0.5345776,0.035422362,-0.38457763,-1.0545776
-0.56457764,-1.1745776,0.62542236,0.83542234,0.17542237,0.7854224,3.5254223,3.2754223,2.2254224,2.3454223,3.7054224,4.6854224,5.8754225,6.9354224,5.9554224,6.195422,5.485422,4.2754226,3.2954223,3.4354224,4.6654224,3.4754224,3.7554224,3.9554224,5.135422,1.7354224,-0.14457764,-0.124577634,-0.15457764,0.015422363,0.82542235,-0.63457763,0.26542237,0.025422363,3.9554224,1.7654223,2.9254224,0.99542236,-0.124577634,-0.67457765,0.80542237,0.13542236,-4.074578,-2.1045775,-3.8145776,-5.094578,-5.1445775,-4.784578,-4.534578,-1.8245777,0.9654224,-0.36457765,-0.5345776,0.36542237,0.25542235,-2.8445776,-0.35457763
-0.86457765,-0.37457764,-2.5645776,-3.0245776,-0.9545776,-0.054577637,-0.54457766,-0.5845776,0.33542237,0.50542235,2.7554224,3.4354224,3.1754224,3.6154222,5.465422,6.6254225,5.405422,5.0254226,3.7454224,4.445422,4.445422,3.8754225,3.4254224,3.5854223,2.1154222,1.7154224,1.5254223,0.9254224,1.2054224,1.4954224,2.5954223,0.035422362,-0.14457764,-0.32457763,-0.36457765,0.10542236,-1.7245777,-2.7045777,-1.1445776,-1.4945776,-1.2045777,-2.8745775,-4.074578,-2.7645776,-3.9445777,-2.5245776,-4.034578,-3.7545776,-2.8345776,-2.3845778,-2.0245776,-2.2045777,-2.1145775,-1.3045776,-1.6245776,-2.0845776,-1.5145776
-3.3245776,-5.3945775,-4.0445776,-1.6345776,-1.9545777,-0.79457766,-3.3445776,-0.07457764,2.3754225,2.7654223,3.0754223,0.50542235,2.2054224,8.6254225,9.6254225,7.6254225,6.1154222,3.8754225,3.3254223,4.175422,4.3154225,3.9954224,2.8054223,3.9754224,3.9654224,3.8754225,6.0354223,2.9054224,2.2754223,2.7654223,5.695422,3.8154223,0.15542236,1.4454224,-0.61457765,-0.40457764,-2.4045777,-3.8945777,-2.2445776,-3.5245776,-2.9645777,-3.8045776,-4.344578,-4.2245774,-3.4545777,-4.2345777,-2.9745777,-1.3545777,-3.5045776,-3.0045776,-2.5145776,-3.2645776,-3.1245775,-2.4345777,-2.9545777,-2.5845776,-2.2345777
