data/wind/wind-json-20190401.json
{"header": { "discipline":0, "disciplineName":"Meteorological products", "gribEdition":2, "gribLength":74137, "center":7, "centerName":"US National Weather Service - NCEP(WMC)", "subcenter":0, "refTime":"2019-04-01T00:00:00.000Z", "significanceOfRT":1, "significanceOfRTName":"Start of forecast", "productStatus":0, "productStatusName":"Operational products", "productType":1, "productTypeName":"Forecast products", "productDefinitionTemplate":0, "productDefinitionTemplateName":"Analysis/forecast at horizontal level/layer at a point in time", "parameterCategory":2, "parameterCategoryName":"Momentum", "parameterNumber":2, "parameterNumberName":"U-component_of_wind", "parameterUnit":"m.s-1", "genProcessType":2, "genProcessTypeName":"Forecast", "forecastTime":0, "surface1Type":103, "surface1TypeName":"Specified height level above ground", "surface1Value":10.0, "surface2Type":255, "surface2TypeName":"Missing", "surface2Value":0.0, "gridDefinitionTemplate":0, "gridDefinitionTemplateName":"Latitude_Longitude", "numberPoints":65160, "shape":6, "shapeName":"Earth spherical with radius of 6,371,229.0 m", "gridUnits":"degrees", "resolution":48, "winds":"true", "scanMode":0, "nx":360, "ny":181, "basicAngle":0, "lo1":0.0, "la1":90.0, "lo2":359.0, "la2":-90.0, "dx":1.0, "dy":1.0 }, "data":
[rows 150 to 174 of 181, columns 285 to 341 of 360]
7.4812646,7.5412645,5.7112646,5.2512646,7.781265,9.211265,9.551265,10.341265,11.071264,11.651264,12.191265,12.591265,12.951264,12.921265,12.601265,12.251265,11.951264,11.681265,11.491264,11.021265,10.861264,9.981265,9.8312645,9.451264,8.691265,6.8512645,3.6912646,3.8612647,4.991265,5.8912644,6.7112646,7.1312647,8.201264,9.601265,10.301265,10.411264,10.381265,10.271265,10.251265,10.481265,11.131265,11.651264,12.191265,12.441265,13.301265,14.211265,15.191265,16.401264,17.111265,17.581264,18.571264,19.111265,19.621265,19.721264,19.531265,19.921265,19.561264
6.2712646,6.0412645,7.1412644,8.071264,8.821264,9.601265,10.101265,10.321264,10.911264,11.431265,12.091265,12.401264,12.541265,12.251265,11.621264,10.961265,10.441265,9.891265,9.531264,8.211265,5.9112644,5.0712647,4.1512647,0.31126463,-3.9987354,-5.238735,-0.90873533,2.8012648,4.471265,5.8312645,7.4412646,8.351265,8.771265,9.031264,9.391265,9.681265,9.821264,9.961265,10.431265,10.551265,10.271265,10.401264,11.151264,12.511265,13.241264,14.321264,14.781264,15.361264,16.121265,16.921265,17.421265,17.801264,18.411264,18.791265,18.811264,18.981264,18.541265
6.801265,7.181265,7.5712647,8.361264,9.061265,9.381265,9.911264,10.631265,11.3312645,11.851265,11.941265,11.451264,10.561265,9.011265,8.411264,5.3712645,0.5712646,-3.2987354,-8.608735,-8.678736,-7.9787354,-6.1287355,-3.8387353,-1.8387353,-0.14873534,0.84126467,1.5912646,2.9812646,4.7512646,6.6012645,7.2512646,6.4612646,8.771265,9.211265,9.371264,9.051265,8.321264,7.7112646,7.9212646,8.691265,9.551265,11.0812645,12.001265,11.761265,11.811265,12.301265,12.941265,13.531264,13.991264,14.411264,14.661264,14.871264,14.901264,14.821264,14.881265,14.991264,15.371264
6.6312647,6.761265,7.6412644,8.111264,8.091265,8.281264,8.761265,8.911264,8.911264,9.101265,8.771265,6.781265,5.701265,2.7812645,-3.6787353,-7.0587354,-7.8087354,-7.3487353,-4.3787355,-2.5287354,-2.3487353,-0.6787354,0.06126465,0.50126463,1.6512647,2.3612647,3.3812647,4.5612645,6.0612645,6.781265,6.531265,6.8412647,5.761265,5.3712645,5.7512646,6.4412646,7.0412645,7.6312647,8.381265,9.761265,11.051265,10.281264,9.5812645,9.861264,10.191265,10.641265,11.201264,11.611264,11.8312645,11.891265,11.811265,11.531264,11.181265,10.931265,10.931265,10.8312645,10.971265
7.2512646,7.2112646,7.3612647,7.1412644,7.011265,7.031265,7.3212647,7.701265,7.721265,7.3212647,4.4212646,-2.8687353,-4.528735,-4.6287355,-3.2687354,1.8612647,2.3712647,-2.2687354,-1.6687354,0.36126465,1.7112646,1.7812647,2.2612646,3.0412645,3.7212646,3.7112646,3.0312645,2.3912647,2.8112648,4.0612645,5.201265,5.701265,5.8312645,6.1312647,6.1912646,6.3612647,7.1712646,8.321264,9.201264,8.221265,7.1212645,7.181265,7.4612646,7.701265,7.9612646,8.341265,8.421265,8.571264,9.021265,9.221265,9.001265,8.621264,8.321264,8.021265,7.6612644,7.4412646,7.511265
7.8412647,7.3212647,7.3912644,7.3512645,7.3412647,7.4212646,7.551265,7.8312645,7.9212646,9.121264,6.6512647,-0.51873535,0.20126465,0.36126465,0.40126464,0.6412647,3.4812646,3.0812647,3.5612648,3.2412646,2.8012648,2.6712646,2.9312646,2.4612646,1.4012647,1.4512646,2.3612647,3.1412647,3.9512646,4.7112646,4.721265,4.951265,5.3512645,5.4812646,5.1512647,6.431265,7.0212646,6.1512647,4.801265,4.8212647,4.8912644,4.9112644,5.3212647,5.3512645,5.491265,5.6012645,5.451265,5.7512646,6.2912645,6.3712645,6.1612644,5.6012645,5.0912647,4.5712647,4.4812646,5.0912647,4.951265
7.9112644,7.471265,7.511265,7.3512645,7.4612646,7.551265,7.801265,8.221265,6.1912646,2.6612647,0.0012646484,1.5212647,0.07126465,-0.65873533,1.2112646,1.0812646,1.8912647,1.5712646,1.4112647,1.4212646,1.5912646,2.0912647,1.1712646,0.5712646,1.4212646,1.8512646,2.3412647,2.7612646,3.3812647,4.1412644,3.8712647,3.9912646,4.0412645,4.241265,4.5912647,4.701265,3.9912646,3.3412647,3.2512646,3.2112646,3.2312646,3.4812646,3.3712647,3.3312647,3.4812646,3.4512646,3.2812645,3.1212647,3.4112647,3.3112648,2.7212646,1.8212646,1.1612647,0.53126466,0.32126465,-0.62873536,-2.2087355
5.011265,5.4012647,6.701265,7.4112644,7.201265,6.241265,3.3612647,2.4912646,0.7612646,1.8812647,-0.06873535,0.16126464,3.4512646,1.7112646,1.3612647,1.4912647,0.96126467,0.8912647,0.9512646,0.8312647,1.0612646,0.8812646,0.37126464,1.0812646,1.2212646,1.4612646,1.9612646,2.4612646,2.9912646,3.4312646,3.8112648,3.8712647,3.3012648,3.2212646,3.1312647,3.4812646,3.4012647,2.8812647,2.7212646,2.3912647,2.0712647,2.1112647,1.8212646,1.7912647,1.6712646,1.3712647,1.2512647,0.78126466,0.44126466,-0.02873535,-0.34873536,-1.2687354,-2.0487354,-2.8087354,-4.028735,-5.048735,-5.798735
5.6212645,6.0912647,6.6012645,6.9012647,7.3112645,5.9212646,0.28126466,0.35126466,-2.2687354,1.6812646,-0.18873535,0.71126467,-0.87873536,0.19126464,0.33126464,0.24126464,0.36126465,0.31126463,0.27126464,0.23126465,0.42126465,0.5812647,0.9412646,1.5212647,1.3812647,1.8312646,2.4512646,2.2912645,2.7012646,3.2012646,3.4012647,3.6312647,3.1312647,2.6212647,2.3212647,2.2912645,2.5912647,2.6112647,2.5812647,1.4712646,0.6912646,0.47126466,0.111264646,-0.45873535,-0.7287353,-1.1487354,-1.4487354,-1.8687353,-2.8387353,-3.7787354,-4.218735,-4.0887356,-4.508735,-5.1887355,-6.448735,-7.0387354,-7.3087354
2.3412647,1.9612646,1.6212647,0.10126465,0.65126467,-0.9187353,-2.4187353,-0.10873535,-2.9787354,-0.6687353,3.1512647,2.3512647,-0.90873533,-0.50873536,-0.058735352,0.051264647,-0.15873535,-0.21873535,-0.16873536,-0.02873535,0.45126465,1.2112646,1.8212646,2.2612646,2.4912646,2.6312647,2.5712647,2.4212646,2.4212646,2.5912647,2.7312646,2.9912646,3.0712647,2.8512647,2.7412646,2.6712646,3.0212646,2.9412646,1.9212646,0.7612646,-0.53873533,-1.5787354,-2.1087353,-2.9187353,-3.6387353,-4.1087356,-4.6187353,-5.258735,-6.2487354,-7.1387353,-8.218736,-8.608735,-8.748735,-9.158735,-9.428736,-9.218736,-8.868735
2.4412646,2.1912646,1.5312647,0.8212646,0.15126465,0.96126467,1.9612646,-4.3587356,-2.6687353,-1.5287354,1.9312646,5.8812647,2.0712647,-1.5887353,-0.42873535,-0.24873535,-0.29873535,0.021264648,0.26126465,0.60126466,1.0212647,1.5312647,2.0012646,2.3512647,2.5812647,2.7012646,2.5412645,2.4412646,2.5712647,2.5112646,2.5112646,2.6912646,2.6312647,2.3912647,2.2512646,2.2612646,2.0912647,1.4712646,0.73126465,-0.25873536,-1.9487354,-3.6587353,-4.6487355,-5.508735,-6.508735,-7.2087355,-7.8687353,-8.788735,-9.618735,-10.298736,-11.028735,-11.968736,-12.768735,-13.508736,-14.888736,-16.878735,-19.158735
0.7712647,-0.8087354,-2.3287354,-1.3887353,-0.42873535,-0.26873535,2.9312646,0.55126464,-4.008735,-1.7387353,0.48126465,4.0912647,3.8112648,1.3912647,-1.0587354,-0.5487354,0.24126464,0.24126464,0.6912646,0.96126467,1.2012646,1.5312647,1.8512646,2.1312647,2.2712646,2.2112646,2.1512647,2.1912646,2.2712646,2.2612646,2.3112648,2.3412647,1.9412646,1.4512646,1.0812646,0.91126466,0.53126466,-0.19873536,-0.90873533,-1.8287354,-3.3487353,-5.448735,-6.7487354,-7.698735,-8.688735,-9.488735,-10.228735,-11.098736,-11.968736,-12.548736,-13.118735,-13.808735,-14.608735,-15.428736,-16.138735,-16.628735,-17.368736
1.0812646,2.5012646,1.9412646,1.1712646,1.4912647,1.3812647,2.7012646,1.1012646,-2.9587355,-3.2487354,-0.71873534,4.971265,4.1512647,-1.7387353,-0.058735352,0.06126465,-0.098735355,0.56126463,1.0012647,1.2112646,1.4112647,1.6312647,1.7612647,1.6812646,1.6012646,1.7312646,1.9312646,2.0812647,2.0712647,1.9812646,1.8112646,1.3312646,0.97126466,0.66126466,0.41126466,-0.008735351,-0.78873533,-1.6187353,-2.2187355,-3.0687354,-4.3087354,-5.3687353,-6.6587353,-6.968735,-7.6687355,-9.278735,-10.008736,-10.488735,-11.388736,-12.028735,-12.488735,-13.108735,-13.688735,-14.298736,-14.978735,-15.4187355,-14.808735
0.60126466,0.6312646,0.38126466,0.45126465,-0.27873534,-1.0787354,-3.1287353,-4.3087354,-4.068735,-3.4787354,-0.52873534,5.6512647,6.1712646,1.6512647,1.3612647,1.4112647,1.0512646,1.6012646,1.7412647,1.8112646,1.7812647,1.7912647,1.7012646,1.3912647,1.1312647,1.1312647,1.2612647,1.3712647,1.1912646,0.90126467,0.73126465,0.53126466,0.16126464,-0.33873534,-0.77873534,-1.2587353,-1.7387353,-1.9887353,-2.1587353,-2.6987352,-3.3387353,-3.7087355,-3.9487352,-4.318735,-4.818735,-5.468735,-6.0787354,-6.298735,-6.4587355,-7.6187353,-8.938735,-9.848736,-10.198735,-9.638736,-9.448735,-9.238735,-6.3987355
-3.6287353,-3.6787353,-4.9587355,-4.8587356,-4.0187354,-3.6887352,-2.7987354,-1.6387353,1.4212646,4.781265,5.5612645,4.3912644,1.1312647,0.9512646,0.06126465,-0.13873535,1.6312647,1.8712647,1.8712647,1.9712646,1.8912647,1.7812647,1.7212646,1.6212647,1.3912647,1.1412647,0.93126464,0.75126463,0.6412647,0.53126466,0.44126466,0.42126465,0.14126465,-0.51873535,-1.1187353,-1.3487353,-1.3087354,-1.3087354,-1.6687354,-2.0987353,-2.3987353,-2.6187353,-2.7387354,-2.8987353,-3.1087353,-3.2687354,-3.4987354,-3.6387353,-3.7787354,-4.198735,-4.738735,-4.6487355,-4.3987355,-5.1887355,-6.4987354,-7.318735,-7.1687355
1.5912646,1.6912646,2.5112646,2.5312645,2.0812647,1.9512646,1.6512647,3.0112646,5.5612645,5.031265,1.8312646,-0.07873535,-1.2787354,1.1012646,2.6312647,2.5012646,2.3512647,2.1112647,2.1712646,2.2612646,2.1712646,2.0512648,1.9412646,1.8612647,1.8512646,1.8212646,1.6012646,1.2612647,0.93126464,0.6912646,0.59126467,0.6912646,0.79126465,0.45126465,-0.22873536,-0.62873536,-0.68873537,-0.8587353,-1.2087353,-1.5287354,-1.7487353,-1.8887353,-1.9887353,-2.1087353,-2.2687354,-2.4787354,-2.7087355,-2.9287353,-3.1187353,-3.4387352,-3.9587355,-4.1887355,-4.2287354,-4.278735,-3.9287353,-3.1487353,-3.4287353
-0.24873535,-0.50873536,-0.8587353,-0.36873534,-0.07873535,1.2112646,1.5612646,1.1512647,0.5812647,-0.90873533,0.67126465,2.6812646,3.0412645,3.0012646,2.9412646,2.9112647,2.8412647,2.7112646,2.7212646,2.6912646,2.5912647,2.5112646,2.3012648,2.3112648,2.3812647,2.3412647,2.1712646,1.8512646,1.4412646,1.0412647,0.7612646,0.7012646,0.7612646,0.84126467,0.8812646,0.8912647,0.8312647,0.7012646,0.55126464,0.46126464,0.46126464,0.50126463,0.5112646,0.6412647,0.90126467,0.74126464,-0.10873535,-1.2487353,-2.4487352,-2.9187353,-3.8587353,-4.6687355,-3.2387354,-2.2187355,-4.008735,-5.1787353,-4.2287354
2.9812646,3.8912647,3.9512646,3.9012647,4.0212646,3.9512646,3.8212647,3.7712646,3.6112647,3.4812646,3.4712646,3.5012646,3.5112646,3.4812646,3.4012647,3.2912645,3.1712646,3.0612648,3.0412645,3.0712647,3.0912647,3.0612648,2.9812646,2.9012647,2.8312647,2.7112646,2.6412647,2.5412645,2.3012648,1.7712647,1.0912646,0.61126465,0.43126464,0.43126464,0.5212647,0.80126464,1.2012646,1.5112647,1.7412647,2.2812645,2.9412646,2.7412646,1.0612646,-2.0787354,-4.8387356,-6.0187354,-5.6587353,-5.218735,-5.1087356,-4.988735,-4.3787355,-3.7287354,-3.5987353,-3.7487354,-3.9987354,-4.3787355,-4.6387353
3.3512647,3.9412646,3.1012647,2.4512646,2.8712647,3.4712646,3.8512647,4.1012645,4.1912646,4.0712647,3.8212647,3.5412645,3.2712646,3.0912647,2.9812646,2.9112647,2.8812647,2.9212646,2.9912646,3.0212646,3.0812647,3.1512647,3.0012646,2.7712646,3.0412645,3.2312646,2.2212646,0.8212646,0.25126466,0.37126464,0.25126466,-0.5587354,-0.94873536,-0.38873535,0.111264646,0.09126465,0.25126466,1.3212646,2.1012647,0.47126466,-2.3487353,-3.3187354,-2.5787354,-0.47873536,1.1412647,1.9012647,1.8912647,1.4412646,0.87126464,0.29126465,-0.34873536,-1.0587354,-1.9087354,-2.8887353,-3.4287353,-3.3987353,-2.9987354
2.2712646,2.5812647,2.9112647,2.6612647,2.3612647,3.0612648,3.4812646,2.8812647,1.7412647,1.6012646,1.9812646,2.2212646,2.3012648,2.3912647,2.4912646,2.5612648,2.5912647,2.6112647,2.7112646,2.9012647,3.0412645,2.8312647,2.4512646,2.3812647,2.0212646,0.87126464,0.04126465,0.09126465,0.19126464,-0.02873535,-0.008735351,0.04126465,-0.87873536,-1.3987354,-0.90873533,-0.7287353,-0.99873537,-1.1587354,-1.3887353,-1.6587354,-1.4287354,-0.87873536,-0.15873535,0.48126465,0.35126466,-0.96873534,-2.8487353,-3.6287353,-3.0087354,-1.4787353,0.20126465,1.0912646,1.4812646,1.6212647,1.4312646,0.79126465,-0.32873535
1.5512646,1.9712646,2.3112648,2.2812645,2.2112646,2.2312646,2.2812645,2.3612647,2.4312646,2.3112648,2.0812647,2.0612648,2.1412647,2.1612647,2.3012648,2.5512648,2.6412647,2.5612648,2.3912647,2.2712646,2.2612646,2.1812646,1.7112646,0.8312647,0.10126465,-0.098735355,0.14126465,0.81126463,1.9212646,2.8712647,3.0212646,1.8312646,0.26126465,-0.30873534,0.34126464,0.6912646,0.21126465,-0.39873534,-0.64873534,-0.75873536,-1.0687354,-1.5887353,-1.9987353,-2.1987352,-2.6987352,-3.9787354,-5.448735,-6.1187353,-6.008735,-5.9787354,-6.1487355,-6.3687353,-6.3787355,-6.4987354,-7.1087356,-7.9587355,-8.098736
2.4412646,1.5312647,0.92126465,0.34126464,-0.11873535,-0.25873536,-0.12873535,0.09126465,0.33126464,0.65126467,1.0012647,1.2712647,1.4412646,1.6312647,1.6912646,1.3012646,0.42126465,-0.43873537,-1.0287354,-1.4287354,-1.8287354,-2.2587354,-2.5587354,-2.6387353,-2.4987354,-2.2187355,-1.7587353,-1.2087353,-0.76873535,-0.6087353,-0.58873534,-0.46873534,-0.18873535,-0.14873534,-0.7287353,-1.7787354,-2.3787353,-2.4787354,-2.5587354,-3.2987354,-4.4087353,-5.1187353,-5.198735,-4.778735,-4.2287354,-3.8387353,-3.4187353,-2.7887354,-2.0487354,-1.4587353,-1.0987353,-1.0187354,-1.3587353,-1.9887353,-2.6487353,-3.4587355,-4.4187355
-0.40873536,-1.2487353,-1.8887353,-2.1587353,-1.9687353,-1.5687354,-1.3087354,-1.3687353,-1.6987354,-2.1687353,-2.6387353,-2.9687355,-3.1387353,-3.1687353,-3.1387353,-3.1087353,-3.0587354,-2.9687355,-2.7387354,-2.2387354,-1.5087353,-0.77873534,-0.5487354,-1.0887353,-2.3187354,-3.6187353,-4.3387356,-4.0187354,-2.6687353,-1.0087353,0.25126466,-0.07873535,-2.1087353,-4.8487353,-6.8487353,-7.6387353,-7.568735,-7.1287355,-6.6087356,-6.1087356,-5.758735,-5.548735,-5.6187353,-5.8687353,-6.278735,-6.488735,-6.0987353,-5.4287353,-4.988735,-5.1687355,-5.7287354,-6.318735,-6.6487355,-6.7487354,-6.6787353,-6.468735,-6.198735
0.48126465,0.10126465,-0.41873536,-0.94873536,-1.3087354,-1.4687353,-1.4787353,-1.4287354,-1.3187354,-1.0687354,-0.6687353,-0.20873535,0.18126465,0.49126464,0.62126464,0.43126464,-0.33873534,-1.3787353,-2.1587353,-2.7287354,-3.1887352,-4.1287355,-4.3987355,-4.9987354,-3.2587354,-0.33873534,2.1612647,2.7112646,1.3612647,-0.56873536,-2.4387352,-4.4787354,-7.048735,-9.708735,-8.578735,-11.848736,-10.728735,-9.298736,-8.408735,-8.258736,-8.538735,-8.868735,-9.068735,-9.118735,-9.058735,-8.898735,-8.728735,-8.578735,-8.438735,-8.338736,-8.298736,-8.348736,-8.478735,-8.688735,-8.898735,-9.058735,-9.158735
2.2212646,2.1312647,1.9212646,1.5812646,1.1412647,0.78126466,0.71126467,1.0512646,1.6512647,2.1112647,1.9512646,1.0912646,-0.23873535,-1.7087353,-3.0787354,-4.3287354,-5.3787355,-6.2887354,-5.8487353,-4.528735,-5.6687355,-5.2287354,-4.698735,-4.508735,-4.508735,-4.5887356,-4.798735,-5.2887354,-6.2687354,-7.7287354,-9.328735,-10.628736,-11.338736,-11.438735,-11.1687355,-10.808735,-10.518735,-10.328735,-10.238735,-10.208735,-10.228735,-10.288735,-10.368735,-10.398735,-10.348736,-10.178736,-9.908735,-9.568735,-9.308735,-9.188735,-9.318735,-9.618735,-9.958735,-10.198735,-10.228735,-10.028735,-9.688735
