data/wind/wind-json-20190329.json
{"header": { "discipline":0, "disciplineName":"Meteorological products", "gribEdition":2, "gribLength":74834, "center":7, "centerName":"US National Weather Service - NCEP(WMC)", "subcenter":0, "refTime":"2019-03-29T00:00:00.000Z", "significanceOfRT":1, "significanceOfRTName":"Start of forecast", "productStatus":0, "productStatusName":"Operational products", "productType":1, "productTypeName":"Forecast products", "productDefinitionTemplate":0, "productDefinitionTemplateName":"Analysis/forecast at horizontal level/layer at a point in time", "parameterCategory":2, "parameterCategoryName":"Momentum", "parameterNumber":3, "parameterNumberName":"V-component_of_wind", "parameterUnit":"m.s-1", "genProcessType":2, "genProcessTypeName":"Forecast", "forecastTime":0, "surface1Type":103, "surface1TypeName":"Specified height level above ground", "surface1Value":10.0, "surface2Type":255, "surface2TypeName":"Missing", "surface2Value":0.0, "gridDefinitionTemplate":0, "gridDefinitionTemplateName":"Latitude_Longitude", "numberPoints":65160, "shape":6, "shapeName":"Earth spherical with radius of 6,371,229.0 m", "gridUnits":"degrees", "resolution":48, "winds":"true", "scanMode":0, "nx":360, "ny":181, "basicAngle":0, "lo1":0.0, "la1":90.0, "lo2":359.0, "la2":-90.0, "dx":1.0, "dy":1.0 }, "data":
[rows 26 to 51 of 181, columns 0 to 56 of 360]
1.7054077,2.7354078,3.1854076,3.2654078,5.885408,9.605408,11.955408,13.325408,14.665408,13.895408,9.365408,5.6054077,4.5354075,4.115408,1.9054077,1.9754077,2.1254077,2.3954077,2.1954076,2.2754078,2.2454078,5.545408,7.0654078,6.505408,2.8454077,1.5454078,0.9354077,1.0354077,1.5854077,2.4354076,3.6254077,4.175408,3.8154078,3.3154078,3.4954078,3.9454076,4.1454077,7.255408,5.155408,4.275408,4.5154076,4.2054076,4.3754077,4.485408,4.2454076,4.275408,4.175408,3.4454076,2.8954077,2.7354078,2.2454078,1.6354077,1.3054078,1.2754077,1.3854077,1.4554077,1.3754077
2.0654078,4.2054076,9.485408,11.925407,13.275408,15.905408,18.785408,13.795407,4.6454077,2.3854077,2.3254077,4.365408,6.005408,3.8054078,2.9054077,2.0954077,1.4654077,1.2454077,0.51540774,4.4354076,4.7654076,3.6454077,2.1854076,1.9854077,2.1554077,1.5554078,2.1354077,1.9954077,3.5454078,2.9754076,4.0554075,3.2654078,2.3454077,2.0254078,2.7054076,3.4954078,3.8654077,3.8454077,4.1854076,3.9854078,3.9954078,3.5054078,3.3754077,2.8854077,3.0254078,2.7554078,2.3254077,2.1254077,1.6854078,0.8854077,0.3954077,0.6754077,0.95540774,0.46540773,-0.15459229,-0.5345923,-0.6545923
11.065408,11.625408,11.355408,13.0954075,14.325408,15.985408,4.0554075,4.045408,3.1554077,0.8554077,4.235408,3.7854078,7.9554076,3.7354078,2.3554077,1.5954077,1.8454077,2.0154078,3.9854078,4.025408,4.4354076,3.8554077,2.0954077,2.3854077,2.1854076,1.9854077,1.9354078,1.8854077,1.8654077,2.0254078,1.8754077,1.1254077,1.0754077,1.9954077,2.1654077,4.235408,3.5154078,3.3054078,3.0554078,2.9454076,3.0954077,2.5554078,2.1654077,2.4254076,1.9654077,1.4854077,0.95540774,0.2754077,-0.5045923,0.045407716,-0.3245923,-1.2445923,-1.7945923,-0.9945923,-0.91459227,-1.2045922,-0.8745923
10.105408,10.385407,10.395408,10.485408,11.115408,10.485408,4.775408,2.5154078,-0.7545923,3.0054078,2.5654078,1.7254077,2.0154078,2.6454077,2.0754077,2.0254078,2.0654078,1.3854077,4.3554077,4.365408,3.9454076,3.3454077,1.8254077,1.9454077,1.6454077,1.0054077,0.7854077,1.0854077,0.9954077,1.2154077,1.4854077,0.58540773,1.1354077,1.7354077,2.1554077,2.3354077,3.4954078,2.6954076,2.5454078,2.3054078,1.9954077,1.5354077,1.2454077,1.0154077,0.6054077,0.20540771,-0.7445923,-1.0945923,-1.7145923,-2.1045923,-2.0345924,-2.2445922,-1.5345923,-1.2445923,-1.4045923,-1.2845923,-1.3645923
8.285408,7.905408,7.655408,7.485408,7.755408,9.165408,4.4354076,2.4054077,3.2154076,1.3254077,2.0654078,2.6154077,2.4154077,2.0254078,1.9254078,1.7854077,1.4954077,1.5054077,1.6054077,2.7054076,2.9254076,3.1154077,2.0754077,0.34540772,0.6154077,2.6254077,3.2454078,1.7154077,0.44540772,1.0654078,0.2654077,0.23540771,0.5954077,1.3354077,2.0154078,2.1154077,2.4154077,2.7354078,2.4554076,1.6854078,1.1654077,0.6854077,0.2754077,0.12540771,-0.28459227,-1.3545923,-1.6545923,-1.9345922,-2.6045923,-3.0045922,-2.6745923,-2.2145922,-1.5645922,-1.7945923,-1.6945922,-1.8145922,-1.1545923
6.2654076,4.6054077,4.425408,5.3054075,6.0754075,6.755408,4.8454075,1.4254078,1.5054077,1.6954077,5.735408,5.8154078,2.1954076,4.0354075,4.655408,1.4954077,1.2654077,0.8454077,1.0754077,2.9454076,2.0454078,1.3554077,1.6354077,1.7554077,1.3254077,1.5054077,1.3154078,0.8154077,1.3954077,0.9854077,0.6354077,0.51540774,1.2354077,1.6254077,1.7054077,2.1254077,1.9654077,1.8954077,1.8654077,0.77540773,0.40540773,-0.074592285,-0.21459228,-0.91459227,-1.3445923,-1.8545923,-2.0845923,-2.6545923,-3.5945923,-3.8845923,-2.1945922,-0.5045923,-1.2345923,-1.4745923,-2.0045922,-1.0245923,0.19540772
5.235408,3.5154078,3.9754076,5.905408,6.755408,6.8554077,5.655408,3.0754077,3.3354077,4.1054077,3.8154078,3.7054076,2.0854077,2.0654078,1.6554077,1.1954077,0.31540772,1.1354077,2.2454078,1.3854077,1.2254077,1.4754077,2.4654076,2.8454077,2.9054077,1.3554077,1.2754077,1.4454077,0.9654077,0.76540774,0.8854077,0.89540774,1.0554078,1.2454077,1.2254077,1.0154077,1.1654077,1.3754077,0.5354077,0.13540772,-0.5345923,-0.5045923,-1.0245923,-1.5845923,-1.6845922,-1.6545923,-2.0145922,-2.7945924,-3.6545923,-3.0645924,-1.5045923,-1.1545923,-2.0945923,-2.0245924,-1.5345923,-0.3945923,0.31540772
5.295408,4.6254077,5.3954077,6.8154078,7.8154078,7.8254075,7.215408,5.965408,4.945408,3.5354078,1.9154077,2.7054076,1.4454077,0.3954077,0.22540772,-0.034592286,-0.37459227,0.8854077,1.4254078,1.0654078,1.1354077,3.1054077,2.3154078,1.9754077,2.4154077,1.6054077,1.0854077,1.3454077,1.5854077,1.4054077,0.44540772,0.6854077,0.37540773,0.3654077,0.23540771,0.045407716,0.19540772,0.22540772,-0.24459228,-0.6845923,-0.9445923,-1.3645923,-1.7745923,-2.1445923,-1.8945923,-2.0045922,-2.0645924,-2.3945923,-2.2345922,-2.1345923,-1.9145923,-1.3745923,-1.7645923,-1.9045923,-1.1645923,0.52540773,0.015407715
4.3454075,4.2254076,5.945408,8.065408,8.585407,8.225408,7.2054076,5.905408,4.445408,2.2454078,1.3154078,2.3954077,1.5654078,-0.054592285,-0.13459228,0.31540772,0.76540774,0.9954077,0.20540771,0.5054077,1.7454077,2.1654077,2.0754077,1.7654077,1.9554077,2.2054076,1.1854078,0.8854077,0.5954077,0.5354077,0.12540771,0.015407715,-0.104592286,-0.13459228,-0.49459228,-0.33459228,-0.33459228,-0.5945923,-1.1745923,-0.9645923,-1.2045922,-1.1445923,-1.9445922,-1.6145923,-1.6145923,-1.1845922,-1.2445923,-1.5745922,-2.0745924,-2.1745923,-3.4845922,-3.5445924,-1.9945923,-2.0145922,-1.4345922,-0.43459228,0.9054077
3.7454078,5.2054076,8.425407,8.675407,8.035408,6.9754076,5.545408,4.3154078,2.9954078,1.2854077,0.95540774,0.4854077,0.045407716,-0.72459227,-0.36459228,-0.21459228,0.3554077,0.9754077,2.0154078,0.8654077,2.2654078,2.3654077,1.4254078,1.2854077,1.4054077,1.3954077,0.70540774,0.89540774,0.3954077,0.14540772,-0.27459228,-0.37459227,-0.4745923,-0.5145923,-0.5145923,-0.6245923,-0.7545923,-0.6245923,-1.2245923,-1.1445923,-0.8645923,-1.2845923,-1.4845923,-1.7545923,-1.7945923,-1.8545923,-1.6045923,-1.2445923,-2.3345923,-2.8245924,-4.1445923,-4.054592,-1.0645922,-1.2345923,-0.60459226,-1.2145923,0.6754077
4.115408,6.925408,7.8254075,6.8954077,5.775408,4.775408,3.4354076,2.8054078,2.0554078,0.64540774,0.045407716,-0.7545923,-0.054592285,0.8554077,0.7154077,1.0754077,1.1754078,0.08540771,-0.60459226,1.1354077,0.51540774,0.6554077,0.7354077,0.5654077,0.6654077,0.6354077,0.16540772,-0.22459228,-1.0945923,-0.66459227,-0.79459226,-0.7545923,-0.6145923,-0.34459227,-0.3845923,-0.79459226,-0.8745923,-1.0445923,-0.8945923,-0.92459226,-1.3245922,-1.2445923,-1.7545923,-1.6745923,-1.9945923,-1.5945923,-0.46459228,-1.1045923,-2.3545923,-3.5545924,-3.5445924,-3.6645923,0.2954077,0.16540772,0.8154077,0.3354077,2.0254078
3.4854078,5.8154078,5.505408,4.615408,3.4754076,2.1754076,1.9754077,2.3054078,1.2654077,-0.2545923,-0.9945923,-0.9545923,-0.2545923,-0.024592286,0.13540772,0.07540771,-0.24459228,0.08540771,0.08540771,-0.17459229,-0.54459226,-0.7445923,0.11540771,0.89540774,0.6054077,0.08540771,-0.5245923,-0.97459227,-0.97459227,-0.8045923,-1.0345923,-0.91459227,-0.72459227,-0.6945923,-0.5545923,-0.5145923,-0.7745923,-0.2645923,-0.3845923,-1.0445923,-1.1245923,-1.5245923,-1.5245923,-2.2745924,-2.4245923,-1.2645923,-0.6345923,-1.1545923,-1.9045923,-2.2945924,-2.8445923,-2.4945922,0.105407715,1.6754078,1.7854077,0.6754077,2.1554077
3.3154078,2.4654076,3.3954077,1.4354078,0.3554077,0.8654077,1.0454078,1.1654077,1.0554078,-0.104592286,-0.16459228,0.14540772,-0.034592286,0.015407715,-0.09459229,-0.3245923,-0.14459229,-0.074592285,-0.43459228,-0.37459227,-0.104592286,-0.7445923,-1.1445923,0.3054077,-0.43459228,-1.1645923,-1.3345923,-1.3345923,-0.98459226,-1.1245923,-1.1345923,-1.0245923,-1.0145923,-0.9645923,-0.9345923,-1.0745922,-1.2745923,-1.4345922,-0.8745923,-1.5945923,-1.7045922,-1.6845922,-1.7545923,-2.2345922,-1.8745923,-1.4245923,-1.4045923,-1.1545923,-1.3645923,-1.7045922,-3.1345923,-1.7145923,1.2454077,2.3554077,1.8154078,0.9854077,1.3754077
0.5954077,0.025407715,-0.2945923,-1.2445923,-1.0745922,0.045407716,0.055407714,0.3054077,-0.004592285,-0.9645923,-0.8945923,0.22540772,0.21540771,-0.104592286,-0.34459227,0.13540772,0.44540772,-0.14459229,-0.8445923,-1.3745923,-0.97459227,-1.0145923,-1.6645923,-0.8945923,-1.5645922,-1.9745923,-1.8945923,-0.8145923,-1.1345923,-1.3945923,-1.0445923,-1.2145923,-1.2645923,-1.2145923,-1.2645923,-1.1545923,-1.2845923,-1.5345923,0.21540771,-0.3545923,-1.2245923,-1.1345923,-1.7345923,-1.7445923,-1.3945923,-1.2545923,-1.8445923,-1.5045923,-1.6945922,-1.5845923,-2.1045923,-0.5745923,1.0754077,2.0854077,1.4154077,0.8654077,1.2354077
-2.1145923,-1.6045923,-2.2845924,-2.5545924,-1.0745922,-0.12459228,-0.8245923,-0.8145923,-1.2045922,-0.6145923,-1.6445923,-1.2045922,-1.1545923,-0.5745923,-0.33459228,-0.104592286,0.3354077,-1.9445922,-2.1645923,-0.19459228,0.105407715,-0.24459228,-0.9045923,-1.3445923,-0.4245923,-1.4945923,-0.6545923,-0.3245923,-0.5945923,-0.8745923,-1.4245923,-1.0945923,-1.0545923,-1.0545923,-1.1045923,-1.0445923,-0.67459226,-0.06459229,0.18540771,-0.6445923,-0.6445923,-1.0545923,-1.3245922,-1.4445922,-2.3845923,-2.9945922,-2.1645923,-2.0245924,-2.2545922,-1.9545922,-2.1745923,-1.4945923,0.025407715,0.055407714,-0.09459229,0.7454077,1.1354077
-1.3545923,-2.5545924,-2.6445923,-2.0545924,-1.3145922,-1.1645923,-1.1845922,-1.3445923,-1.7145923,0.055407714,-0.3245923,-0.79459226,-1.0345923,-0.72459227,-0.7445923,-1.0045923,-2.4045923,-2.5245924,-1.7945923,-1.0145923,-1.6045923,-1.5445923,-1.8245922,-1.7345923,-0.6345923,-1.7845923,-0.09459229,-1.0345923,-1.1545923,-1.4745923,-1.6345923,-0.8445923,-0.7845923,-1.2445923,-1.0845923,-1.2745923,-0.7845923,-0.4545923,-0.7545923,-1.3345923,-1.2745923,-1.3445923,-1.2845923,-1.4945923,-2.2345922,-2.3045924,-2.2645922,-2.4145923,-2.1645923,-2.1545923,-1.7845923,-0.98459226,-0.17459229,-0.024592286,-0.5545923,0.09540772,0.57540774
-3.4545922,-3.6745923,-3.0245924,-2.0645924,-1.5745922,-1.0645922,-2.4645922,-1.4745923,-0.4845923,-1.5545923,-1.1945922,0.47540772,1.4954077,1.7354077,0.6654077,0.3954077,-0.8745923,-2.8245924,-2.2245922,-0.6545923,-1.2845923,-3.2645922,-3.3045924,-2.3945923,-0.46459228,-0.2645923,-0.9045923,-0.8845923,-1.1845922,-1.9845923,-1.3645923,-0.8945923,-1.3645923,-1.9845923,-2.0845923,-1.9145923,-1.9445922,-1.7145923,-1.6745923,-1.5545923,-1.7045922,-1.4745923,-1.6745923,-2.2445922,-2.0545924,-2.0545924,-2.3945923,-2.5745924,-2.1645923,-2.2145922,-2.4445922,-2.1545923,-1.1345923,-0.114592284,0.16540772,-0.40459228,-0.034592286
-2.7345922,-2.7645922,-2.2345922,-2.2545922,-1.2245923,-4.7345924,-0.21459228,-2.2845924,0.3354077,3.0354078,2.5154078,2.4454076,-0.4145923,-1.6545923,-1.7445923,-1.5045923,-1.7045922,-3.7145922,-2.3645923,-0.33459228,-1.7845923,-2.2445922,-1.8245922,1.1454077,-1.1645923,-1.2545923,-0.8845923,-1.3245922,-1.1545923,-1.5545923,-1.5145923,-1.4645923,-1.5245923,-2.4745922,-2.6545923,-2.8845923,-2.9645922,-2.7245922,-3.5245924,-2.8345923,-1.6645923,-1.2945923,-1.4645923,-1.3845923,-1.5445923,-2.1045923,-2.1345923,-2.2945924,-2.6445923,-3.7945924,-3.1245923,-2.1945922,-0.9445923,0.015407715,-1.4445922,-2.5045922,-1.5945923
-3.0645924,-0.9445923,0.0054077148,0.2954077,0.3254077,-0.7645923,-0.6845923,2.4054077,0.8854077,-1.3245922,-1.1145923,-0.5845923,-1.4045923,-2.2045922,-1.4945923,-0.6345923,-2.0345924,-2.7245922,-2.2945924,-1.8145922,-2.1545923,-3.4245923,-1.2545923,-0.4245923,1.5054077,1.1954077,0.19540772,-2.6545923,-2.1445923,-1.6245923,-2.3845923,-2.7345922,-3.6845922,-4.5845923,-3.3345923,-6.054592,-5.9245925,-4.1245923,-3.2345922,-1.4945923,-0.8245923,-0.54459226,-0.114592284,-0.33459228,-0.27459228,-1.2545923,-2.1745923,-2.3545923,-3.0245924,-2.0045922,-1.1645923,0.11540771,-0.49459228,-2.3945923,-2.6745923,-3.1345923,-1.6545923
-1.6045923,-1.2445923,-0.044592284,0.23540771,0.43540773,-0.4745923,0.89540774,-0.5145923,-0.20459229,0.5354077,1.5954077,-1.1945922,-2.2045922,-3.3745923,-1.7045922,-2.4345922,-0.7445923,0.15540771,-0.46459228,-0.5245923,-1.9445922,-2.6645923,0.035407715,-2.0845923,-2.3145924,-1.3745923,-1.2145923,-1.4245923,-1.7145923,0.23540771,-2.9045923,-4.9245925,-4.344592,-5.7345924,-0.24459228,-1.7845923,-4.6845922,-4.264592,-0.20459229,-0.044592284,-0.31459227,-0.6145923,-0.34459227,-0.3545923,0.6754077,-0.7045923,-0.9545923,-0.2945923,0.07540771,-0.9945923,-0.98459226,-2.3445923,-3.3145924,-3.4845922,-1.7145923,-2.1145923,-1.2745923
0.3354077,1.0154077,1.1154077,0.5654077,-1.1545923,1.0954077,0.44540772,-2.7545922,-3.6845922,-4.6545925,-2.9545922,-3.6445923,-1.1045923,-1.1945922,-2.7145922,-5.264592,-5.1245923,-3.3745923,-0.6345923,-1.2545923,-0.66459227,-0.24459228,-0.21459228,0.0054077148,-0.66459227,-0.8945923,-0.8845923,1.0154077,1.0454078,-0.044592284,-4.204592,-4.224592,-5.8945923,-6.4645925,-4.7145925,-7.534592,-7.844592,-6.4645925,-5.9045925,-2.2645922,-0.40459228,-1.1145923,-2.4845922,-0.8645923,0.4854077,1.8854077,0.77540773,0.7254077,-0.8045923,-4.134592,-6.7345924,-6.4645925,-6.224592,-4.9145923,-4.034592,-2.1645923,-1.6245923
2.4154077,2.1054077,2.0854077,-0.2945923,2.4054077,2.5654078,-2.9445922,-5.0045924,-3.5045922,0.5554077,-7.5845923,-3.5545924,-2.7245922,-0.09459229,-3.1045923,-3.2445922,-3.4045923,-3.9345922,-3.0245924,-3.5545924,-1.3745923,-3.2845924,-0.27459228,-1.2745923,1.4054077,1.0854077,0.7554077,0.025407715,-1.9545922,-3.4845922,-4.6645923,-4.5645924,-5.2745924,-6.364592,-3.4845922,-4.7745924,-6.514592,-6.2745924,-4.784592,-5.4345922,1.1554077,-2.0045922,-1.1245923,2.9954078,0.065407716,-1.1145923,0.23540771,-0.23459229,-2.8345923,-6.244592,-7.884592,-8.944592,-5.724592,-3.4345922,-2.6545923,-2.0645924,-2.3745923
-1.5145923,-1.6645923,-1.5845923,0.07540771,2.3354077,-1.4845923,-5.7545924,-6.1845922,-2.9445922,-1.9445922,-10.484592,-4.074592,-3.2545922,-0.6845923,-1.2045922,-2.6745923,-4.8345923,-6.4445925,-0.8645923,-4.474592,-3.2145922,-1.4645923,-1.6445923,-1.0945923,-1.3345923,1.3354077,-1.1545923,-2.2445922,-1.9645923,-3.5745924,-3.7045922,-4.1045923,-3.9445922,-1.5645922,-1.0645922,-0.3945923,-3.5845923,-4.6945925,-3.8245924,-2.8345923,-0.6945923,1.6854078,1.3054078,-1.7945923,-2.5045922,-2.0445924,-0.40459228,3.9654076,-1.1245923,-7.6945925,-8.614593,-8.684592,-5.7545924,-2.9545922,-0.13459228,-1.2045922,-1.7345923
4.0754075,0.5554077,-0.7745923,-0.4845923,-2.3245924,-5.094592,-6.5045924,-2.3945923,0.2654077,-0.7045923,-8.684592,-5.5245924,4.8254075,-0.34459227,-2.7945924,-2.6645923,-1.2545923,-1.9145923,-7.804592,-9.264592,-1.0545923,-1.6445923,0.08540771,0.3954077,-1.4745923,-4.6845922,-4.6845922,-2.4545922,-4.074592,-2.8545923,-0.8745923,-0.6545923,-0.33459228,-1.6645923,-2.4845922,-2.2445922,-1.8745923,-0.6545923,0.5954077,1.3954077,1.0754077,0.3354077,-2.0945923,-1.9145923,-0.5545923,-1.5745922,-2.1745923,0.22540772,1.4954077,-2.9945922,-8.964592,-7.1545925,-4.9845924,-2.6545923,-1.1245923,-0.3945923,-0.6845923
-1.1445923,0.8154077,1.0554078,-0.2945923,-2.3645923,-5.594592,-5.784592,-3.9345922,-1.9345922,-0.9345923,-7.5445924,-6.4645925,-2.5045922,-3.9345922,-6.474592,-5.514592,-3.0545924,-12.764592,-7.6845922,-2.9645922,-1.6645923,-0.8845923,0.5654077,-4.8745923,-8.174592,-9.214592,-9.4045925,-2.4745922,-3.4445922,-1.4045923,-1.1345923,-2.0845923,-3.1045923,-3.1045923,-3.1145923,-3.1645923,-2.3145924,-2.5445924,-1.1445923,-1.2345923,-1.0045923,0.035407715,1.1854078,1.8754077,0.6054077,0.12540771,1.4254078,-2.5845923,0.6654077,-3.1345923,-10.464592,-5.804592,-5.1045923,-3.6845922,-2.3345923,-2.4045923,-1.8445923
1.1454077,1.8354077,0.6354077,-3.1045923,-5.094592,-4.4145923,-3.7945924,-3.0345924,0.09540772,0.7354077,-7.8945923,-6.474592,-6.0245924,-6.094592,-5.7945924,-4.8545923,-3.2945924,-10.054592,-7.4445925,-2.7545922,-3.9445922,-3.8145924,-1.0345923,-5.014592,-11.094592,-11.964592,-6.4245925,-4.954592,-4.2545924,-4.614592,-2.9245923,-3.2545922,-3.7045922,-5.4245925,-2.5845923,-2.9545922,-1.0345923,-0.5745923,-0.27459228,-1.7745923,-0.24459228,-0.014592285,0.9054077,0.3354077,2.3154078,-1.3045923,0.8554077,-0.17459229,0.51540774,1.6354077,-2.8845923,-4.2745924,-4.1045923,-4.4645925,-3.2545922,-1.1945922,-1.0045923
